1703784360022506240.000000 0.000000000 0.000000000 0.000000000 -0.000000000 -0.000000000 -0.000000000 1.000000000
1703784360143980544.000000 -0.000132278 0.000073493 0.013010959 0.000225239 0.000214585 -0.000207254 0.999999940
1703784360228603648.000000 -0.000393294 -0.000207512 0.020261217 0.000510697 -0.000305340 -0.000513817 0.999999702
1703784360351946240.000000 -0.000905365 0.000087633 0.032127298 0.001519815 -0.001294030 -0.000639253 0.999997795
1703784360520680448.000000 -0.000815104 -0.000164783 0.048010856 0.001493292 -0.001753081 -0.001149251 0.999996662
1703784360686978560.000000 -0.001204796 -0.000167919 0.063590080 0.001298029 -0.001724452 -0.001689362 0.999996245
1703784360937164288.000000 -0.001417484 -0.000189463 0.086970083 0.001798890 -0.002266963 -0.001233521 0.999995053
1703784361145807616.000000 -0.001155351 -0.000048379 0.106747948 0.001658087 -0.001930048 -0.001157068 0.999996126
1703784361479186176.000000 -0.001601833 -0.000716226 0.137691826 0.001875592 -0.002800287 -0.001022265 0.999993801
1703784362025084928.000000 -0.001915388 -0.000752274 0.188219622 0.003234943 -0.007274438 0.000311443 0.999968290
1703784362309724928.000000 -0.003236487 -0.000739569 0.215747640 0.001869361 -0.007266745 -0.000497555 0.999971747
1703784362601728000.000000 -0.003931861 -0.000856370 0.243458569 0.002704618 -0.008523383 -0.000774765 0.999959707
1703784362936779008.000000 -0.003735303 -0.000265692 0.274968624 0.002629878 -0.008654219 0.000298496 0.999959052
1703784363267768832.000000 -0.004613647 -0.000566585 0.305864185 0.001723655 -0.008223235 0.000400367 0.999964595
1703784363598503168.000000 -0.005408823 -0.000595149 0.337773621 0.001044454 -0.007901892 0.000051625 0.999968231
1703784363936068608.000000 -0.006740367 -0.000603271 0.368049622 0.003332011 -0.008038954 -0.000309600 0.999962091
1703784364639459072.000000 -0.007301900 -0.001357973 0.434622735 0.003178897 -0.009534154 0.000170841 0.999949515
1703784364974314496.000000 -0.008824845 -0.001559274 0.465284139 0.002817415 -0.013416100 0.000612364 0.999905884
1703784365389751296.000000 -0.009526232 -0.001107575 0.505119443 0.002676474 -0.014724008 0.000566769 0.999887884
1703784365764976384.000000 -0.010762783 -0.001292500 0.540517509 0.001834626 -0.015828036 0.000609054 0.999872863
1703784366143102720.000000 -0.012513026 -0.002269129 0.576377571 0.000031273 -0.018103985 0.000566752 0.999835968
1703784366596402688.000000 -0.014564742 -0.001560212 0.619297981 -0.000108404 -0.019409977 -0.000281826 0.999811590
1703784367059148288.000000 -0.016819384 -0.001876491 0.662564337 -0.000279412 -0.020021744 -0.000253617 0.999799490
1703784367597186560.000000 -0.019851958 -0.001438080 0.712706506 0.000705383 -0.022922473 -0.001153957 0.999736369
1703784368058543104.000000 -0.021131456 -0.001684516 0.756913126 -0.000066930 -0.021006851 -0.000550108 0.999779165
1703784368514183168.000000 -0.023652324 -0.001756696 0.799425304 0.000368500 -0.024787348 0.000047584 0.999692678
1703784368969493504.000000 -0.025619907 -0.001577590 0.842208743 0.000523656 -0.022707626 0.001587956 0.999740779
1703784369513425920.000000 -0.027179876 -0.001517429 0.893314242 -0.000369085 -0.016232319 0.001966532 0.999866247
1703784370051130112.000000 -0.029042291 -0.002306581 0.943313897 0.001676562 -0.017098105 0.002807301 0.999848485
1703784370597118976.000000 -0.032956500 -0.003273785 0.993331492 0.003491346 -0.027391626 0.001977630 0.999616742
1703784371093005568.000000 -0.034042783 -0.003394768 1.039800286 0.002773314 -0.020000754 0.001961800 0.999794185
1703784371717236736.000000 -0.036008105 -0.004299761 1.092210770 0.005277983 -0.016823078 0.000477874 0.999844491
1703784372301643520.000000 -0.041809142 -0.004479171 1.145031691 0.005737290 -0.045916885 0.000451146 0.998928726
1703784372923496192.000000 -0.049303122 -0.004224016 1.203462481 0.004522924 -0.057267819 0.000890595 0.998348236
1703784373551745280.000000 -0.055873346 -0.004128030 1.262063146 0.002474305 -0.062942654 0.001692253 0.998012662
1703784374218782976.000000 -0.062102169 -0.003624630 1.326008558 -0.000449394 -0.046806261 0.001940012 0.998902023
1703784374884304640.000000 -0.066963509 -0.003950241 1.386929512 0.001203580 -0.035134792 0.001306588 0.999381006
1703784375547644672.000000 -0.069217771 -0.003964741 1.447979331 0.001784135 -0.020737853 0.000692158 0.999783158
1703784376257434368.000000 -0.072631836 -0.003549899 1.512950778 0.000498815 -0.020092467 0.000196992 0.999798000
1703784376920849920.000000 -0.074577987 -0.003265280 1.574479818 -0.000555680 -0.015010296 -0.000179360 0.999887168
1703784377546495488.000000 -0.076165102 -0.003326392 1.631594300 -0.000082263 -0.013878186 -0.000900514 0.999903321
1703784378214006784.000000 -0.078955747 -0.003704434 1.692741871 -0.001913725 -0.017635716 -0.000154056 0.999842644
1703784378962727424.000000 -0.081697181 -0.003168124 1.761456490 -0.001603136 -0.019904943 -0.000128005 0.999800622
1703784379713393664.000000 -0.084587321 -0.003001279 1.829785466 -0.000824426 -0.015800944 -0.000601264 0.999874651
1703784380418034176.000000 -0.085670754 -0.003345924 1.894227982 -0.001227814 -0.017387474 -0.001057859 0.999847531
1703784381086301440.000000 -0.087813310 -0.002708903 1.954767823 -0.000405641 -0.022439584 0.001298195 0.999747276
1703784381749851648.000000 -0.089602567 -0.002698370 2.015816450 -0.001305554 -0.007541660 0.001044335 0.999970198
1703784382498764800.000000 -0.085242040 -0.002807845 2.083503485 0.001108881 0.027227171 0.001043695 0.999628127
1703784383333279488.000000 -0.075762443 -0.002867160 2.158802032 0.002333686 0.064759843 -0.000295719 0.997898102
1703784384088678656.000000 -0.063386977 -0.003721150 2.226530552 0.001059488 0.078883708 0.000800661 0.996882915
1703784384833438976.000000 -0.054111619 -0.003214305 2.296166420 0.000706335 0.072765440 -0.000215262 0.997348845
1703784385710191616.000000 -0.043514609 -0.003451176 2.373153687 0.003807306 0.064563543 0.001072393 0.997905791
1703784386620677888.000000 -0.033297841 -0.003599875 2.457921743 0.001590877 0.060383320 0.000690830 0.998173773
1703784387457654784.000000 -0.023415230 -0.004418046 2.534298897 0.002170486 0.060065296 0.000210170 0.998192072
1703784388286670592.000000 -0.014552550 -0.004340447 2.609935999 0.003484332 0.059688225 0.000435367 0.998210907
1703784389118766336.000000 -0.004820100 -0.004560045 2.684382439 0.002152150 0.059691276 0.000283630 0.998214543
1703784389952585728.000000 -0.000960691 -0.004854483 2.761806011 0.002920790 0.025547884 0.001629573 0.999668002
1703784390827451392.000000 0.005701059 -0.005313241 2.841723919 0.002322576 0.047367666 0.000955128 0.998874366
1703784391741523712.000000 0.013697053 -0.005751212 2.925979376 0.002165738 0.048202381 0.001531894 0.998834074
1703784392705833216.000000 0.022727093 -0.005673848 3.012873650 0.003959177 0.051670872 0.001806399 0.998654723
1703784393626829568.000000 0.031579349 -0.006019200 3.096835136 0.004583845 0.052188188 0.002128038 0.998624504
1703784394244032512.000000 0.037020721 -0.006303939 3.154012918 0.004475174 0.053848330 0.002232986 0.998536587
1703784394863942656.000000 0.044098172 -0.006468382 3.212318420 0.001533311 0.059437018 0.001761133 0.998229325
1703784395656391168.000000 0.056509797 -0.007043896 3.283564329 0.003480406 0.078017890 0.001278964 0.996945083
1703784396280067328.000000 0.067457251 -0.007135429 3.340239763 0.002523737 0.091444686 0.001416576 0.995805979
1703784396905578496.000000 0.078373954 -0.007370414 3.396288872 0.002400424 0.097470887 0.000090872 0.995235503
1703784397487721984.000000 0.087224759 -0.008163054 3.447914839 0.003811341 0.088171273 0.000056693 0.996098042
1703784398153961984.000000 0.094278648 -0.008898521 3.508338213 0.004082110 0.062837981 0.000651384 0.998015165
1703784398777177088.000000 0.096779265 -0.008719049 3.566376686 0.002349513 0.035193227 0.000060174 0.999377787
1703784399442791168.000000 0.096628554 -0.008952203 3.628504515 0.000743772 0.005623179 0.000817429 0.999983609
1703784400192545536.000000 0.092868201 -0.009204571 3.696253777 0.001258894 -0.026493758 0.001949237 0.999646306
1703784400693271040.000000 0.089183353 -0.009056492 3.742080450 -0.000136292 -0.029175112 0.001044005 0.999573767
1703784401318169344.000000 0.085725233 -0.009227472 3.799193621 -0.001678265 -0.028455565 -0.001077194 0.999593079
1703784402065734656.000000 0.082216933 -0.009262302 3.866244316 -0.000013969 -0.026286351 0.000534036 0.999654293
1703784402732513024.000000 0.076076895 -0.009288621 3.926231861 -0.000403999 -0.033408154 -0.000029721 0.999441743
1703784403356455168.000000 0.073559165 -0.009128488 3.982767582 -0.000576339 -0.026708601 0.000462562 0.999643028
1703784404024122880.000000 0.070305198 -0.009039488 4.043758392 -0.001076814 -0.030445313 0.000890289 0.999535441
1703784404688833024.000000 0.066759668 -0.009336780 4.101864815 0.002647978 -0.027313514 0.000952718 0.999623001
1703784405329666304.000000 0.064689666 -0.009222536 4.158627510 0.001948534 -0.015784554 0.001828122 0.999871850
1703784405984230400.000000 0.064810611 -0.009343330 4.219404221 0.001056397 -0.004936009 0.001434790 0.999986231
1703784406604569088.000000 0.065022968 -0.009873144 4.275239468 0.001591923 0.002511809 0.001387702 0.999994636
1703784407353454592.000000 0.066691302 -0.009902604 4.342476845 0.001408944 0.012884254 0.001032815 0.999915481
1703784408018391296.000000 0.069779158 -0.010154610 4.403117657 0.001774093 0.019987736 0.000765270 0.999798357
1703784408725889536.000000 0.072707243 -0.009648399 4.468008041 0.001116452 0.021200152 -0.000037540 0.999774635
1703784409351215360.000000 0.071377136 -0.010053506 4.523207664 0.000677770 0.003884910 -0.000308736 0.999992192
1703784410102436608.000000 0.074334681 -0.009283010 4.591636181 0.000815226 0.021225186 0.000399977 0.999774337
1703784410810256384.000000 0.071596049 -0.008732153 4.625612736 0.000113944 -0.007221289 -0.000030626 0.999973953
1703784411517834240.000000 0.076958880 -0.008774729 4.685076237 0.000863913 0.027335932 0.001379141 0.999625027
1703784412311132160.000000 0.083220989 -0.008707574 4.756092072 0.000759312 0.042442158 0.001394834 0.999097705
1703784413014203136.000000 0.094692677 -0.008802023 4.818864346 0.000962690 0.078609936 0.002250760 0.996902466
1703784413682351360.000000 0.108588971 -0.008867523 4.877302170 0.000562480 0.110616550 0.001936190 0.993861139
1703784414390798336.000000 0.126228437 -0.009437260 4.936343193 0.002931621 0.140952721 0.000066535 0.990011990
1703784415264279808.000000 0.151712358 -0.009060453 5.012240410 0.000034921 0.162813872 0.000370127 0.986656785
1703784416055376128.000000 0.172693551 -0.010606483 5.078536987 0.001036375 0.151769340 0.000780146 0.988415122
1703784416804455680.000000 0.187994778 -0.010225911 5.141035080 -0.001761990 0.129374236 0.000626001 0.991594076
1703784417469024000.000000 0.188716009 -0.010931972 5.180976868 0.001422289 0.061405353 0.001726667 0.998110414
1703784418718930688.000000 0.176735416 -0.010252511 5.271481037 0.000738300 -0.056248657 0.001099500 0.998415947
1703784419389025280.000000 0.162535682 -0.009398879 5.327299595 -0.000467197 -0.101279579 0.001555058 0.994856715
1703784420216517120.000000 0.139393568 -0.008742496 5.398683071 -0.002387038 -0.137646243 0.002339368 0.990475833
1703784421010624512.000000 0.112600572 -0.007762820 5.465700150 -0.001185455 -0.173477948 0.001764342 0.984835446
1703784421677828608.000000 0.088755339 -0.009032726 5.520475388 -0.002123345 -0.203269064 0.001867160 0.979118884
1703784422339633152.000000 0.060209751 -0.009213601 5.574227810 -0.003260648 -0.234077603 0.000681470 0.972212195
1703784423047735040.000000 0.026717335 -0.008738425 5.628182411 -0.003112254 -0.265451849 0.001048013 0.964118540
1703784423760351744.000000 -0.010075986 -0.009756783 5.680240154 -0.002938986 -0.295685530 0.000771015 0.955280483
1703784424338715392.000000 -0.043482065 -0.009606797 5.721386909 -0.003321606 -0.325474352 0.002584064 0.945541501
1703784424921893888.000000 -0.078884125 -0.009877679 5.758409500 -0.000987367 -0.351669043 0.004315492 0.936113954
1703784425461460224.000000 -0.115213513 -0.009290467 5.792891026 -0.003112860 -0.378900200 0.003095047 0.925427139
1703784426015416064.000000 -0.152444124 -0.009627976 5.824627876 -0.002367029 -0.406355292 0.002175466 0.913709521
1703784426587561728.000000 -0.194392681 -0.009695750 5.855816364 -0.003950686 -0.437686294 0.002422587 0.899115860
1703784427087022592.000000 -0.231961012 -0.009273439 5.879220963 -0.003442091 -0.467465967 0.001659292 0.884002864
1703784427629693696.000000 -0.273773193 -0.008890093 5.901202202 -0.003963739 -0.506452501 0.002485282 0.862255096
1703784428168422912.000000 -0.317796469 -0.009181388 5.918596745 -0.005335465 -0.543182433 0.002704303 0.839593410
1703784428716291328.000000 -0.357274532 -0.009042733 5.929712772 -0.003481312 -0.581277847 0.003561155 0.813689888
1703784429213615872.000000 -0.400114059 -0.008675879 5.936546326 -0.004727003 -0.619547188 0.002974612 0.784939587
1703784429750492928.000000 -0.431437492 -0.008990597 5.937407494 -0.003702768 -0.658406198 0.003551325 0.752645314
1703784430292747264.000000 -0.457495213 -0.008150211 5.937351227 -0.003072754 -0.679279268 0.005023643 0.733856261
1703784430916113920.000000 -0.511137962 -0.007736560 5.939428806 -0.004734932 -0.691709340 0.003310540 0.722152948
1703784431505542912.000000 -0.562410355 -0.007407753 5.944640160 -0.003817193 -0.675636649 0.003889639 0.737214744
1703784432087243264.000000 -0.615342140 -0.007388659 5.945338249 -0.004409580 -0.695582986 0.003076114 0.718425632
1703784432668577536.000000 -0.666754246 -0.007377448 5.943832397 -0.003029614 -0.712765217 0.004176381 0.701383770
1703784433126120960.000000 -0.706906319 -0.007182419 5.942811966 -0.003930655 -0.706626177 0.002921921 0.707570195
1703784433664773632.000000 -0.755024433 -0.007364839 5.940957069 -0.004395579 -0.719734907 0.003634361 0.694225609
1703784434247193600.000000 -0.807572365 -0.006882463 5.938983917 -0.003709344 -0.714302361 0.001986340 0.699824572
1703784434830351360.000000 -0.859262466 -0.007511826 5.940992355 -0.003084343 -0.695426285 0.003317494 0.718583167
1703784435413524992.000000 -0.911369801 -0.007261636 5.948050022 -0.002421765 -0.673906207 0.003400678 0.738805115
1703784436036767488.000000 -0.966230392 -0.007142626 5.956383705 -0.001903303 -0.656404018 0.003735048 0.754397929
1703784436577383936.000000 -1.015465260 -0.006486168 5.961488724 -0.004469065 -0.663100958 0.003216176 0.748509705
1703784437159282432.000000 -1.067422390 -0.006407615 5.963293076 -0.004204552 -0.688687146 0.002424745 0.725042462
1703784437745041408.000000 -1.118117809 -0.006845779 5.970293999 -0.003034696 -0.665709376 0.003952718 0.746194482
1703784438368616704.000000 -1.174050331 -0.006012123 5.976272106 -0.003261166 -0.671462178 0.002952266 0.741025746
1703784439078678528.000000 -1.235374451 -0.006613984 5.982068539 -0.001979399 -0.663807333 0.003607444 0.747892320
1703784439824687360.000000 -1.300673246 -0.006723855 5.994948387 -0.002671028 -0.636598766 0.003539944 0.771182418
1703784440449386240.000000 -1.354009151 -0.006863752 6.008926392 -0.001688509 -0.618691385 0.003732042 0.785623431
1703784441078886144.000000 -1.408102274 -0.005688967 6.024724960 -0.001865547 -0.597711623 0.003335545 0.801702142
1703784441781426176.000000 -1.466567636 -0.005495046 6.047712326 -0.003309074 -0.573382318 0.002312994 0.819277942
1703784442369630464.000000 -1.513857722 -0.004953308 6.066834927 -0.001417530 -0.552982688 0.003869396 0.833182573
1703784443072876288.000000 -1.569658875 -0.004859095 6.092810154 -0.001211037 -0.540008187 0.005305716 0.841642201
1703784443864677632.000000 -1.633114457 -0.004396729 6.122711182 -0.001377171 -0.534120917 0.006199098 0.845384240
1703784444530674688.000000 -1.687069654 -0.004579853 6.145827293 -0.000510755 -0.543291509 0.005917801 0.839523137
1703784445070068224.000000 -1.729478121 -0.003953421 6.168011665 -0.001767353 -0.525312781 0.005296369 0.850890875
1703784445694954752.000000 -1.777020693 -0.003547675 6.196378708 -0.002074624 -0.501049817 0.003992806 0.865406752
1703784446279315200.000000 -1.823271155 -0.003237349 6.219799042 -0.002472959 -0.514877558 0.003956588 0.857251108
1703784446817924864.000000 -1.864850521 -0.003386460 6.241899490 -0.001832102 -0.513939857 0.004579093 0.857812047
1703784447281284608.000000 -1.899291396 -0.003547698 6.262032509 -0.000767233 -0.498905003 0.005027296 0.866641760
1703784447775449344.000000 -1.934981704 -0.002730157 6.286956310 -0.000143399 -0.479342431 0.005803476 0.877608836
1703784448234896896.000000 -1.966159105 -0.004312763 6.310670853 0.000084354 -0.458752185 0.007148318 0.888535500
1703784448691164160.000000 -1.998498678 -0.004343063 6.336136818 -0.000871043 -0.441085696 0.006021705 0.897444427
1703784449152490496.000000 -2.026719570 -0.004931867 6.363783360 -0.001304012 -0.414872229 0.006646790 0.909854472
1703784449610859520.000000 -2.054177761 -0.004689045 6.392585754 0.000297785 -0.388359308 0.007874507 0.921474338
1703784450067120640.000000 -2.079532623 -0.004379280 6.424745083 -0.001855728 -0.345467716 0.006202553 0.938408315
1703784450525881600.000000 -2.100315809 -0.004301567 6.458106995 -0.001309675 -0.303445369 0.005900421 0.952829659
1703784450986887424.000000 -2.118951321 -0.004715202 6.493529320 -0.001545075 -0.265405893 0.005246989 0.964121282
1703784451316569088.000000 -2.133769035 -0.004241864 6.520013332 -0.002691508 -0.250906140 0.004757894 0.967996001
1703784451689666048.000000 -2.147934198 -0.003842883 6.547920704 0.000190641 -0.241223350 0.005579266 0.970453620
1703784452106033664.000000 -2.163419485 -0.004051195 6.581370354 -0.002077064 -0.229482830 0.006747312 0.973287106
1703784452439124224.000000 -2.176542997 -0.003248988 6.609803200 -0.007040461 -0.225502804 0.008703732 0.974178195
1703784452813702656.000000 -2.189392090 -0.001916256 6.640654087 -0.009845783 -0.223918870 0.012317218 0.974480212
1703784453271713280.000000 -2.208008528 -0.001519633 6.675363541 -0.008087446 -0.219265237 0.004021153 0.975623488
1703784453647200000.000000 -2.225653648 -0.002119323 6.700912476 -0.003035291 -0.226737514 -0.004758179 0.973939598
1703784454021511168.000000 -2.237941980 -0.002976908 6.726491928 0.004936434 -0.237311214 -0.000923611 0.971420705
1703784454773181440.000000 -2.264678717 -0.003714031 6.778431892 0.007351387 -0.229235500 0.001926262 0.973341346
1703784455228145152.000000 -2.278696537 -0.004319724 6.815484524 0.008812148 -0.203533575 0.002087111 0.979026079
1703784455977398528.000000 -2.298829079 -0.003546041 6.877304077 0.004365550 -0.164445341 0.001861239 0.986374795
1703784456436537856.000000 -2.308967352 -0.003935326 6.915197849 0.000532647 -0.140581533 0.001332005 0.990068078
1703784456854017280.000000 -2.316705227 -0.003264847 6.951442242 -0.001818458 -0.118018463 0.001285550 0.993008912
1703784457354820864.000000 -2.323969364 -0.003237223 6.993724823 -0.002169111 -0.095256492 0.001559160 0.995449185
1703784457810316288.000000 -2.328694105 -0.003166092 7.031338692 -0.001348412 -0.071169443 0.001548560 0.997462153
1703784458267688448.000000 -2.331375122 -0.002747828 7.072299004 -0.002872215 -0.048270117 0.000916754 0.998829782
1703784458728211968.000000 -2.333830833 -0.002468529 7.110005856 -0.001916745 -0.031788632 0.000835125 0.999492466
1703784459266357504.000000 -2.338881493 -0.002824290 7.155759335 -0.000320935 -0.047143351 0.000820744 0.998887777
1703784459848517376.000000 -2.345371008 -0.003192631 7.204420567 -0.000228561 -0.063945882 0.001721166 0.997951865
1703784460349632000.000000 -2.352496147 -0.002803209 7.246822834 0.000685284 -0.075448215 0.001546692 0.997148335
1703784460974417664.000000 -2.361084700 -0.002122624 7.299871922 -0.000714830 -0.068904914 0.001914268 0.997621179
1703784461638929664.000000 -2.369278908 -0.001462886 7.355927944 -0.001254201 -0.070316508 0.001950760 0.997522056
1703784462308709376.000000 -2.376157761 -0.001160045 7.411764622 -0.001685331 -0.057183478 0.001239210 0.998361528
1703784462889260544.000000 -2.380250454 -0.001173615 7.460741043 -0.001294523 -0.046242211 0.001796513 0.998927832
1703784463480672512.000000 -2.382315874 -0.001041279 7.510193348 -0.000744272 -0.029785555 0.001610266 0.999554753
1703784464179902208.000000 -2.384404421 -0.000732224 7.570587635 -0.000660498 -0.017607784 0.002252772 0.999842227
1703784464761944576.000000 -2.384018421 -0.000682128 7.620248795 -0.001327635 0.000994593 0.001608195 0.999997318
1703784465346359808.000000 -2.381246090 -0.000903140 7.668809891 0.000735362 0.018995142 0.001835368 0.999817610
1703784466053936640.000000 -2.377615213 -0.000703163 7.728085518 0.000833425 0.029603831 0.002013491 0.999559343
1703784466676037888.000000 -2.375275850 -0.000421374 7.781205654 0.000606266 0.023615824 0.001750379 0.999719381
1703784467260377088.000000 -2.374921083 -0.000803661 7.830035686 0.000258754 0.009016366 0.001232519 0.999958575
1703784467928367360.000000 -2.376039505 -0.000471702 7.885668755 -0.001260523 -0.006944421 0.000813205 0.999974787
1703784468592284672.000000 -2.378070116 -0.000368082 7.932100296 -0.001156538 -0.008955614 0.001088730 0.999958634
1703784469256926976.000000 -2.375165224 0.000055275 7.988388062 -0.001759995 0.020636914 0.000460810 0.999785364
1703784469883489280.000000 -2.368400812 -0.000002465 8.040981293 -0.000443022 0.048005898 0.001076878 0.998846412
1703784470633460224.000000 -2.358709097 0.000498989 8.103304863 -0.001519120 0.073263966 0.000224548 0.997311413
1703784471257873664.000000 -2.351933002 0.000887825 8.155495644 -0.000946972 0.063027360 0.001591750 0.998010099
1703784471963782400.000000 -2.341312647 0.001388024 8.213886261 0.000269472 0.085283309 0.001108844 0.996356070
1703784472673470208.000000 -2.330014944 0.000179673 8.271275520 0.002660410 0.085254610 0.001203407 0.996354938
1703784473253385984.000000 -2.323462009 0.000052717 8.319724083 0.001987951 0.071826339 0.000952045 0.997414708
1703784473919856128.000000 -2.311966658 -0.000618267 8.373831749 0.000928194 0.095472977 0.001764907 0.995430052
1703784474590988544.000000 -2.300126314 -0.001072106 8.428380013 0.000501069 0.095402844 0.001702743 0.995437205
1703784475171024384.000000 -2.294580460 -0.001573623 8.477184296 -0.002054607 0.068096921 0.002467030 0.997673571
1703784475837266432.000000 -2.290863276 -0.001953345 8.532850266 -0.000887244 0.038006209 0.002894109 0.999272943
1703784476504164096.000000 -2.290130377 -0.002139315 8.588788986 -0.002848485 0.012854546 0.002176411 0.999910951
1703784477125076480.000000 -2.290632486 -0.001079842 8.640609741 -0.001296804 -0.006001860 0.004115535 0.999972701
1703784477875203072.000000 -2.291656494 -0.000625629 8.703149796 -0.002948392 -0.002888512 0.003498246 0.999985397
1703784478541227008.000000 -2.292372704 -0.000714625 8.757626534 -0.002431182 -0.005864030 0.002981068 0.999975443
1703784479334775040.000000 -2.293673277 -0.001236121 8.822968483 -0.001348305 -0.005914908 0.002572155 0.999978304
1703784480009190912.000000 -2.295984507 -0.000763976 8.877762794 -0.003048872 -0.024198238 0.002902044 0.999698341
1703784480625741568.000000 -2.299100637 -0.001498913 8.929797173 -0.002885276 -0.027637891 0.003305056 0.999608397
1703784481330193408.000000 -2.296427727 -0.000402681 8.988252640 -0.003524153 -0.002568551 0.002602676 0.999987125
1703784482037942528.000000 -2.297657490 0.000201777 9.047747612 -0.001308316 -0.012582146 0.003244188 0.999914765
1703784482870789888.000000 -2.299715996 0.000039864 9.116500854 -0.003575867 -0.007473479 0.002539398 0.999962449
1703784483506773248.000000 -2.298991203 0.001068277 9.167823792 -0.001716268 -0.011904521 0.003246930 0.999922395
1703784484165051392.000000 -2.299939871 0.001222515 9.222372055 -0.001865627 -0.009307057 0.002847407 0.999950945
1703784484828094976.000000 -2.300319672 0.002030700 9.277115822 -0.000301930 -0.013287374 0.004086677 0.999903321
1703784485494462976.000000 -2.301764727 0.001274844 9.331192017 -0.000526031 -0.010119268 0.002692171 0.999945045
1703784486159785216.000000 -2.301808357 0.001579505 9.387128830 -0.005177964 -0.004646149 0.002682181 0.999972224
1703784486744436480.000000 -2.302044630 0.001460608 9.434265137 -0.005220674 -0.005385187 0.003343366 0.999966264
1703784487285592576.000000 -2.302318096 0.001434388 9.478138924 -0.004416629 -0.006135631 0.003366072 0.999965787
1703784487826549760.000000 -2.303421021 0.001373003 9.521875381 -0.003436479 -0.006344976 0.003890262 0.999966443
1703784488369223168.000000 -2.305288076 0.000837138 9.565475464 -0.004416728 -0.009011655 0.003250520 0.999944389
1703784488952010752.000000 -2.306296349 0.001058320 9.610149384 -0.004179793 -0.017540380 0.003702178 0.999830604
1703784489325035264.000000 -2.306189299 0.002563985 9.620480537 -0.003708226 -0.017887220 0.004382475 0.999823511
