1702688123750164736.000000 0.000000000 0.000000000 0.000000000 -0.000000000 -0.000000000 -0.000000000 1.000000000
1702688124081733120.000000 0.000044239 0.000051599 0.001880919 -0.000673171 0.000277576 0.000531119 0.999999642
1702688124121896448.000000 0.000031072 0.000043035 0.002083598 -0.000910522 0.000495819 0.000531264 0.999999344
1702688124750879744.000000 -0.000178018 0.000122862 0.005522345 -0.000331429 -0.003225740 -0.000186264 0.999994755
1702688124833318912.000000 -0.000225030 0.000066875 0.005995679 -0.001041227 -0.003027553 -0.000436693 0.999994814
1702688124914194176.000000 -0.000247067 0.000120043 0.006454344 -0.001160677 -0.002837553 -0.000364006 0.999995232
1702688125254037504.000000 -0.000390806 0.000004419 0.008203633 -0.000856126 -0.003859816 0.000487059 0.999992073
1702688125412331520.000000 -0.000236762 0.000052845 0.009162939 -0.001130049 -0.002985421 0.000864796 0.999994516
1702688125497219584.000000 -0.000251658 0.000032248 0.009610658 -0.001622670 -0.002345409 0.000399717 0.999995887
1702688125832619520.000000 -0.000111389 0.000102765 0.011476490 -0.001473959 -0.002608459 0.000894808 0.999995112
1702688126080536576.000000 -0.000171100 0.000042339 0.012837819 -0.001745572 -0.003451330 0.000635493 0.999992311
1702688126330384896.000000 -0.000198952 0.000010357 0.014173781 -0.001764440 -0.004435204 0.000543612 0.999988496
1702688126581273856.000000 -0.000129459 0.000017799 0.015545664 -0.001928311 -0.003739133 0.000991043 0.999990642
1702688126703040768.000000 -0.000044922 -0.000077225 0.016175739 -0.000651894 -0.002658030 0.001132171 0.999995589
1702688126871085824.000000 -0.000078311 -0.000108087 0.017077621 -0.000347296 -0.003682410 0.001553130 0.999991953
1702688127040353280.000000 -0.000051178 -0.000133039 0.017985800 -0.000009349 -0.004013471 0.001432831 0.999990940
1702688127203821312.000000 -0.000075898 -0.000134420 0.018880850 0.000126693 -0.003824839 0.000481659 0.999992609
1702688127580854528.000000 -0.000465627 -0.000131710 0.020879053 0.000740596 -0.010319636 0.000239524 0.999946475
1702688127959379968.000000 -0.000864946 -0.000175424 0.022951657 0.000251811 -0.015187032 -0.000124554 0.999884665
1702688128162803456.000000 -0.000790716 -0.000147308 0.024088813 0.001846963 -0.015089723 -0.001185460 0.999883771
1702688128578850560.000000 -0.001096817 -0.000196725 0.026235146 0.001739743 -0.018873289 -0.001113213 0.999819756
1702688128784196352.000000 -0.001143049 -0.000155389 0.027431065 0.000628378 -0.024800882 -0.000824124 0.999691904
1702688129040646144.000000 -0.001218372 -0.000196218 0.028798038 0.001057402 -0.028374448 -0.001168662 0.999596119
1702688129284078848.000000 -0.001319815 -0.000219628 0.030077759 0.002386573 -0.024164420 -0.000477048 0.999705076
1702688129535256320.000000 -0.001311885 -0.000242734 0.031408221 0.002712648 -0.019565642 -0.000305770 0.999804854
1702688129785769472.000000 -0.001333032 -0.000215610 0.032748807 0.002508393 -0.024398593 0.001411495 0.999698162
1702688130036317696.000000 -0.001535543 -0.000203884 0.034124024 0.000531310 -0.025902811 0.000777415 0.999664009
1702688130329644544.000000 -0.001566435 -0.000107475 0.035748553 -0.000512445 -0.025111711 0.000950255 0.999684095
1702688130619312640.000000 -0.001556623 -0.000103952 0.037309982 -0.001363003 -0.020288959 0.000523405 0.999793112
1702688130912532736.000000 -0.001501195 -0.000090537 0.038842931 -0.003486244 -0.018944496 0.000512164 0.999814332
1702688131201363712.000000 -0.001300389 -0.000086580 0.040395383 -0.002416861 -0.013948608 0.000371939 0.999899745
1702688131454138368.000000 -0.001440278 -0.000073590 0.041631501 -0.001768594 -0.008104456 0.000308616 0.999965549
1702688131741484288.000000 -0.001545174 -0.000050772 0.043235999 -0.001768770 -0.001682734 0.000008876 0.999997020
1702688132074300160.000000 -0.001267466 -0.000032999 0.044882454 -0.001195827 0.003646525 -0.000867945 0.999992251
1702688132376459008.000000 -0.001306476 -0.000081965 0.046411030 -0.001229796 0.004407504 -0.001260148 0.999988735
1702688132698576128.000000 -0.001317013 -0.000103574 0.048183739 -0.002159770 0.004754062 -0.001951044 0.999984503
1702688133033561088.000000 -0.001272091 -0.000099612 0.049884234 -0.002188687 0.005505808 -0.001473179 0.999981344
1702688133406391552.000000 -0.001351007 -0.000072221 0.051872671 -0.003193968 0.004093793 -0.002612400 0.999983132
1702688133741814016.000000 -0.001430549 -0.000012705 0.053598404 -0.003684019 0.003697764 -0.003120783 0.999981523
1702688134074502144.000000 -0.001386257 -0.000015870 0.055320576 -0.003894360 0.006292216 -0.003526871 0.999966443
1702688134449181440.000000 -0.001293139 -0.000060052 0.057259839 -0.003052117 0.005840662 -0.002833592 0.999974310
1702688134822543104.000000 -0.001348397 0.000055050 0.059271939 -0.004178463 0.005282574 -0.002238401 0.999974847
1702688135196342016.000000 -0.001277510 0.000040638 0.061206248 -0.004134694 0.007177783 -0.002458874 0.999962687
1702688135619563264.000000 -0.001322859 -0.000001307 0.063342750 -0.002119792 0.005272627 -0.001843297 0.999982178
1702688135989392640.000000 -0.001322980 0.000020054 0.065335311 -0.003714330 0.005742589 -0.002466781 0.999973595
1702688136277602816.000000 -0.001141498 0.000003301 0.066837922 -0.004117661 0.009747344 -0.003266936 0.999938667
1702688136570878720.000000 -0.001202394 0.000033405 0.068336748 -0.003465391 0.007929582 -0.003431990 0.999956667
1702688136862253568.000000 -0.001221505 0.000047754 0.069849014 -0.002581051 0.007741938 -0.003046481 0.999962091
1702688137195188736.000000 -0.001217860 0.000084583 0.071551301 -0.002513436 0.005666191 -0.002360437 0.999978006
1702688137528168704.000000 -0.001234584 0.000068180 0.073300801 -0.003060529 0.003631751 -0.001485582 0.999987662
1702688138194791424.000000 -0.001167196 0.000054619 0.076659225 -0.003149538 0.002171896 -0.001637620 0.999991357
1702688138446395136.000000 -0.001171705 0.000050947 0.077980019 -0.004102687 -0.000020677 -0.001774006 0.999990046
1702688138696838400.000000 -0.001187626 0.000024478 0.079147108 -0.003585249 -0.005106850 -0.001507056 0.999979377
1702688139033727744.000000 -0.000941241 0.000043781 0.080846913 -0.001861767 0.011376214 -0.001876665 0.999931812
1702688139275592448.000000 -0.000922692 0.000056472 0.082190745 -0.001095901 0.025974598 -0.002328965 0.999659300
1702688139573784320.000000 -0.000878360 0.000069631 0.083657116 -0.000583164 0.041940682 -0.002213464 0.999117494
1702688139820947968.000000 -0.000576691 0.000048933 0.084887385 0.000142976 0.050650261 -0.001745028 0.998714924
1702688140774697984.000000 0.000243332 0.000064987 0.089761510 -0.000672319 0.093220405 -0.002121886 0.995643020
1702688141068033024.000000 0.000582132 0.000117629 0.091127507 -0.001503947 0.103137188 -0.000420981 0.994665921
1702688141358977024.000000 0.000914734 0.000093321 0.092549436 -0.000389771 0.105228961 -0.000720301 0.994447708
1702688142691183104.000000 0.002158537 0.000029664 0.099146627 0.001096387 0.094988726 -0.001329352 0.995476902
1702688142981350400.000000 0.002409930 0.000067922 0.100675069 -0.000382752 0.093634933 -0.000747779 0.995606244
1702688143274113280.000000 0.002573067 0.000128401 0.102105968 -0.000586592 0.092712641 -0.000672566 0.995692551
1702688143856527616.000000 0.003008795 0.000085974 0.105014294 -0.000331681 0.088560425 -0.001877350 0.996069014
1702688144190204416.000000 0.003454878 0.000073824 0.106677279 -0.000281094 0.088940516 -0.001433400 0.996035874
1702688144479971328.000000 0.003751906 0.000044849 0.108090706 0.001132682 0.088505857 -0.001625525 0.996073663
1702688145023893504.000000 0.004325551 0.000029072 0.110869288 0.000536140 0.096553341 -0.000654918 0.995327473
1702688145313872640.000000 0.004665372 0.000056126 0.112401523 0.000063112 0.098222487 -0.001038740 0.995163977
1702688145603869184.000000 0.004778184 -0.000005934 0.113814399 -0.001250085 0.097603999 -0.000626156 0.995224357
1702688146228599040.000000 0.005406513 0.000004517 0.116827779 0.001925875 0.072862513 -0.000776432 0.997339845
1702688146603670272.000000 0.005591930 0.000003379 0.118877858 -0.000099863 0.059285212 -0.001346083 0.998240173
1702688146935305472.000000 0.005830674 0.000100763 0.120582402 -0.001719760 0.042463969 -0.001948763 0.999094665
1702688147271617792.000000 0.005928426 0.000088305 0.122195743 -0.000328169 0.059554130 -0.001729471 0.998223543
1702688147686701312.000000 0.006303658 0.000110782 0.124325208 -0.000298865 0.067231961 -0.002831771 0.997733355
1702688148023318272.000000 0.006588858 0.000166073 0.126100555 -0.001074743 0.065673105 -0.003673405 0.997833848
1702688148311103744.000000 0.006811514 0.000114844 0.127574891 -0.000610510 0.066202641 -0.003569778 0.997799635
1702688148644455424.000000 0.007125484 0.000015083 0.129188001 -0.000657988 0.064725995 -0.003661481 0.997896194
1702688149434083584.000000 0.007671981 0.000090653 0.133338869 0.000462386 0.066227935 -0.003321633 0.997798920
1702688149811947264.000000 0.007783804 0.000027837 0.135134026 0.001462593 0.066557162 -0.002044859 0.997779429
1702688150146930944.000000 0.008160114 0.000042484 0.136841759 0.002055529 0.069070831 -0.001732801 0.997608185
1702688150520905728.000000 0.008507644 0.000039294 0.138815910 0.002339691 0.073402107 -0.001440785 0.997298658
1702688150893731840.000000 0.008791732 0.000093723 0.140683591 0.003361759 0.075730138 -0.002486437 0.997119606
1702688151225185280.000000 0.009063034 0.000181467 0.142411754 0.001992709 0.079045042 -0.004371364 0.996859491
1702688151558432512.000000 0.009348801 0.000117782 0.144175708 0.000876173 0.081321493 -0.004425841 0.996677697
1702688151893029632.000000 0.009632657 0.000142817 0.145776525 0.000421950 0.082372598 -0.004443358 0.996591628
1702688152227737600.000000 0.009898914 0.000085245 0.147394940 0.001651296 0.083577171 -0.005426265 0.996485174
1702688152556785920.000000 0.010167667 0.000116421 0.149078086 0.000916401 0.086666062 -0.004500855 0.996226847
1702688153015389696.000000 0.010750158 0.000156688 0.151314139 0.000722540 0.101812676 -0.005427962 0.994788527
1702688153430705664.000000 0.011293782 0.000150228 0.153313980 0.002094042 0.114025310 -0.006587746 0.993453801
1702688153931197184.000000 0.011887317 0.000170099 0.155782640 0.002338185 0.114736371 -0.008117890 0.993360043
1702688154388037120.000000 0.012333809 0.000145990 0.158019260 0.003739192 0.110596605 -0.009059712 0.993817091
1702688154973164544.000000 0.012855262 0.000197466 0.160814285 0.005180040 0.091531076 -0.010037550 0.995738149
1702688155386900480.000000 0.013188426 0.000212232 0.162933171 0.002639473 0.081680797 -0.011215663 0.996591985
1702688155804564224.000000 0.013320304 0.000231825 0.164878011 0.001700905 0.066407762 -0.010468556 0.997736216
1702688156224392192.000000 0.013549559 0.000173426 0.166719809 0.001188974 0.050526049 -0.008551680 0.998685420
1702688156678430208.000000 0.013566418 0.000190792 0.169021472 0.001846060 0.025796542 -0.008927514 0.999625683
1702688157095677696.000000 0.013572199 0.000257258 0.171081766 0.001396978 0.005919268 -0.009030999 0.999940753
1702688157470165504.000000 0.013496794 0.000274963 0.173093587 -0.000001746 -0.011625761 -0.010419203 0.999878168
1702688157802221056.000000 0.013301117 0.000276795 0.174722537 -0.001691330 -0.022900062 -0.010766082 0.999678373
1702688158218498560.000000 0.013169193 0.000288156 0.176809430 -0.000559714 -0.024558706 -0.011979176 0.999626458
1702688158637795328.000000 0.013199024 0.000302822 0.178866848 0.000100287 -0.016430762 -0.011142081 0.999802947
1702688159013438720.000000 0.013139853 0.000266977 0.180784225 -0.000592494 -0.015466044 -0.010383874 0.999826312
1702688159510745344.000000 0.012912675 0.000285735 0.183242306 -0.000208909 -0.027536569 -0.010826994 0.999562144
1702688159927341312.000000 0.012828184 0.000314653 0.185349986 -0.000340786 -0.033269417 -0.010153514 0.999394774
1702688160384006656.000000 0.012698874 0.000254714 0.187622353 -0.001722020 -0.025938485 -0.010903293 0.999602616
1702688160765698304.000000 0.012773068 0.000283087 0.189543784 -0.001319212 -0.012736188 -0.010976734 0.999857783
1702688161217192192.000000 0.012617704 0.000308043 0.191684589 -0.000025281 0.000636676 -0.009695233 0.999952793
1702688161637373696.000000 0.012564830 0.000292438 0.193674266 0.002378403 -0.001354942 -0.009935681 0.999946892
1702688162092471040.000000 0.012698605 0.000263687 0.195971966 0.001371063 0.004092311 -0.009637004 0.999944270
1702688163094022912.000000 0.012826593 0.000320606 0.200875193 0.002735536 0.017155545 -0.009845451 0.999800622
1702688163590433024.000000 0.012925375 0.000282977 0.203355774 0.001891787 0.024724348 -0.010995522 0.999632061
1702688164215002368.000000 0.013151889 0.000283550 0.206354886 0.003697242 0.035589144 -0.010789731 0.999301434
1702688164717071872.000000 0.013237910 0.000313693 0.208804175 0.003058827 0.033280998 -0.011129136 0.999379396
1702688165173072128.000000 0.013458109 0.000357594 0.211020783 0.003283757 0.033702910 -0.011695153 0.999358058
1702688165628839936.000000 0.013471275 0.000315435 0.213273317 0.003079824 0.033169109 -0.011164549 0.999382675
1702688166046270976.000000 0.013843936 0.000339313 0.215335056 0.003086978 0.035089131 -0.011524684 0.999312997
1702688166502873856.000000 0.013770391 0.000326617 0.217540219 0.003283503 0.040750317 -0.012864921 0.999081135
1702688167544245760.000000 0.013991056 0.000319140 0.222591445 0.003372452 0.061119642 -0.013087639 0.998038948
1702688168334489344.000000 0.014788580 0.000391790 0.226099685 0.003725020 0.072578616 -0.010036538 0.997305214
1702688168793599488.000000 0.014732741 0.000442868 0.228383958 0.005569302 0.082613133 -0.007960449 0.996534348
1702688169293601536.000000 0.014725147 0.000404020 0.230664879 0.004925730 0.099926844 -0.008654683 0.994944930
1702688169627766784.000000 0.014845383 0.000446864 0.232360199 0.004885586 0.113164939 -0.009371335 0.993520021
1702688170082923776.000000 0.016087089 0.000267131 0.234526768 0.006169125 0.122979924 -0.008815257 0.992350817
1702688170500962048.000000 0.016696608 0.000198328 0.236594751 0.006718750 0.142542526 -0.010064543 0.989714682
1702688170874715648.000000 0.017775459 0.000143459 0.238403067 0.006947244 0.152069733 -0.010834260 0.988286018
1702688171372530688.000000 0.017726082 -0.000297225 0.240465969 0.004076656 0.170370132 -0.008334247 0.985336483
1702688171750840320.000000 0.017236296 0.000122415 0.242397189 0.005635878 0.183805957 -0.008752634 0.982907414
1702688172165761536.000000 0.016749114 -0.001071843 0.242516831 -0.007250934 0.178575024 -0.007959946 0.983867407
1702688172579943424.000000 0.015961178 -0.001314317 0.243220553 -0.010738229 0.181521207 -0.009257847 0.983284831
1702688173037659392.000000 0.016571520 -0.001299622 0.244438186 -0.011520133 0.144850627 -0.006343154 0.989366114
1702688173580810752.000000 0.016598437 -0.001334624 0.246027663 -0.014803825 0.095357575 -0.005856932 0.995315790
1702688173870713600.000000 0.016708679 -0.001332173 0.246835709 -0.013644385 0.062500536 -0.004125260 0.997943163
1702688174168249856.000000 0.016754746 -0.001831015 0.247859180 -0.017626584 0.036353748 -0.000822171 0.999183178
1702688174661454336.000000 0.017077303 -0.001429441 0.249902233 -0.013879983 -0.012942496 -0.002835519 0.999815881
1702688174910407424.000000 0.017188229 -0.001099507 0.250870079 -0.011502213 -0.034811921 -0.003618965 0.999321163
1702688175585099264.000000 0.016946975 -0.000932263 0.253056377 -0.011400457 -0.082353443 -0.005958630 0.996520162
1702688175828527872.000000 0.016812965 -0.000883370 0.253975540 -0.013159068 -0.091218635 -0.006515752 0.995722651
1702688176038653952.000000 0.016821560 -0.000782361 0.255014449 -0.012269435 -0.103524663 -0.006147679 0.994532228
1702688176244094464.000000 0.016846796 -0.000830635 0.255949050 -0.015181368 -0.113445662 -0.006583422 0.993406415
1702688176455815424.000000 0.016554337 -0.000822224 0.256568462 -0.016012413 -0.119105898 -0.008247398 0.992718160
1702688176827462400.000000 0.017194482 -0.001181941 0.258325011 -0.016981097 -0.143223420 -0.013105774 0.989457905
1702688177369846016.000000 0.016934333 -0.001483468 0.259494066 -0.022395497 -0.151023194 -0.015058384 0.988161802
1702688177534214656.000000 0.016865103 -0.001484006 0.259861499 -0.022938013 -0.154310107 -0.015149676 0.987639964
1702688177703878912.000000 0.016797788 -0.001516656 0.260235518 -0.023704858 -0.157364383 -0.015090324 0.987140775
1702688177908123392.000000 0.016707562 -0.001555349 0.260732710 -0.024225252 -0.161979571 -0.015583147 0.986373663
1702688178908134656.000000 0.014763887 -0.001046672 0.264062107 -0.020967592 -0.196063623 -0.012875782 0.980282426
1702688179119229952.000000 0.014431332 -0.001268950 0.264520794 -0.024803465 -0.203463361 -0.013575721 0.978674173
1702688179282643456.000000 0.014212316 -0.001250451 0.265069783 -0.025635919 -0.210167229 -0.013895484 0.977230549
1702688179450808064.000000 0.013919909 -0.001110129 0.265629381 -0.023216497 -0.218616217 -0.013927561 0.975435317
1702688179617077248.000000 0.013637576 -0.001058416 0.266142070 -0.022355556 -0.226128355 -0.014032354 0.973739862
1702688179826010112.000000 0.013274411 -0.000943706 0.266788423 -0.022468017 -0.235430703 -0.014061705 0.971529663
1702688181158829056.000000 0.010455322 -0.000951992 0.270273030 -0.027258594 -0.293428630 -0.011915533 0.955518007
1702688181407512064.000000 0.009874273 -0.000848707 0.271118790 -0.024556939 -0.307344407 -0.009745017 0.951231539
1702688181620156416.000000 0.009404499 -0.000843585 0.271733910 -0.025552168 -0.318268239 -0.009331159 0.947610319
1702688181864032256.000000 0.008806251 -0.000803709 0.272547483 -0.027404590 -0.332244068 -0.008741118 0.942754745
1702688182282747648.000000 0.007786304 -0.000873028 0.273652971 -0.031072650 -0.353293598 -0.008872408 0.934954226
1702688182491040256.000000 0.007228095 -0.000813531 0.274134606 -0.030797809 -0.363724679 -0.009424674 0.930949569
1702688182951270912.000000 0.005948257 -0.000528015 0.275290877 -0.029175851 -0.389831096 -0.009527804 0.920374811
1702688183196659200.000000 0.005283043 -0.000358717 0.276005119 -0.027253168 -0.406142384 -0.008955963 0.913359404
1702688183404708608.000000 0.004714854 -0.000365251 0.276411831 -0.027455326 -0.421126008 -0.008694018 0.906544864
1702688183656378368.000000 0.003942385 -0.000353286 0.276838958 -0.028456351 -0.437840492 -0.007687898 0.898569345
1702688183861770752.000000 0.003346987 -0.000361983 0.277320385 -0.029559266 -0.453999519 -0.006603271 0.890487015
1702688184110902528.000000 0.002638236 -0.000313664 0.277710140 -0.029036395 -0.469715804 -0.006501275 0.882316113
1702688184328037632.000000 0.001946546 -0.000172286 0.278062701 -0.028561590 -0.486287922 -0.005771925 0.873312652
1702688184576878336.000000 0.001160637 -0.000203552 0.278411269 -0.029558418 -0.504969776 -0.004629334 0.862618327
1702688184822968832.000000 0.000503808 -0.000301035 0.278617442 -0.031739168 -0.524433911 -0.003683318 0.850851417
1702688185111918848.000000 -0.000122011 -0.000201085 0.278998852 -0.030020451 -0.548262656 -0.002820301 0.835762441
1702688185363918592.000000 -0.000972897 -0.000201611 0.279186696 -0.030091872 -0.566975653 -0.002553903 0.823180735
1702688185610520320.000000 -0.001782432 -0.000171462 0.279397368 -0.030888055 -0.585669994 -0.002607440 0.809956729
1702688185821190912.000000 -0.002405062 -0.000099618 0.279551327 -0.032038424 -0.602628827 -0.001444062 0.797376931
1702688186074335744.000000 -0.003104761 -0.000077073 0.279595852 -0.032022633 -0.617560983 -0.001653977 0.785869122
1702688186527632128.000000 -0.004012257 0.000008892 0.279889315 -0.031062793 -0.647101104 0.000168172 0.761771142
1702688186776847360.000000 -0.004317999 -0.000019636 0.279601693 -0.029645912 -0.648577988 0.000813386 0.760570228
1702688186985560832.000000 -0.004947126 0.000044941 0.279358268 -0.031713437 -0.650321782 0.000097866 0.758996606
1702688187238864640.000000 -0.005722389 0.000110794 0.280044079 -0.031438608 -0.648685217 -0.000000749 0.760407209
1702688187484103936.000000 -0.006527320 0.000141947 0.280264318 -0.030732974 -0.647935271 0.000056242 0.761075139
1702688187734517248.000000 -0.007511511 0.000195567 0.280057818 -0.031255148 -0.650559247 0.000136371 0.758812070
1702688188573563648.000000 -0.010452047 0.000370216 0.280815840 -0.030557573 -0.649770141 0.000347646 0.759516299
1702688188863511552.000000 -0.011532843 0.000414765 0.280828834 -0.030708199 -0.643272042 -0.000200247 0.765021622
1702688189151738368.000000 -0.012596071 0.000454946 0.280751407 -0.030795934 -0.654779494 0.000396392 0.755192220
1702688189441761536.000000 -0.013612300 0.000538564 0.280969888 -0.029829130 -0.667542696 0.001971894 0.743971169
1702688189734070784.000000 -0.014699236 0.000592213 0.281111836 -0.029701808 -0.666061044 0.000021685 0.745305717
1702688189983146752.000000 -0.015615299 0.000627023 0.281190813 -0.030656815 -0.670444369 0.000303070 0.741326213
1702688190279198208.000000 -0.016654491 0.000693230 0.281227767 -0.030112954 -0.684459090 0.001348828 0.728427887
1702688190525139712.000000 -0.017549217 0.000764878 0.281217426 -0.028464332 -0.685391366 0.000981548 0.727617681
1702688190731891456.000000 -0.018273726 0.000771899 0.281373143 -0.028149268 -0.679018140 0.001040179 0.733580947
1702688190982280704.000000 -0.019190133 0.000809849 0.281493813 -0.029030571 -0.675399542 0.001488677 0.736878872
1702688191236978432.000000 -0.020064607 0.000812862 0.281511396 -0.029841274 -0.686392069 0.002632664 0.726614475
1702688191484062720.000000 -0.020933032 0.000817616 0.281545281 -0.029096298 -0.684091985 0.002793959 0.728809893
1702688191774575616.000000 -0.021960020 0.000855612 0.281709582 -0.028187495 -0.671546042 0.003536201 0.740418017
1702688192062934016.000000 -0.022977263 0.000889942 0.281776875 -0.028749865 -0.666193485 0.004411168 0.745211542
1702688192355956736.000000 -0.024018541 0.000958457 0.281990051 -0.028831735 -0.657143056 0.002896953 0.753208637
1702688192646316800.000000 -0.025095075 0.001033669 0.282270372 -0.029039795 -0.644119084 0.002286766 0.764370382
1702688192938962176.000000 -0.026107043 0.001058632 0.282428890 -0.030114049 -0.641552627 0.001887798 0.766485393
1702688193231017472.000000 -0.027147546 0.001162904 0.282544762 -0.029277878 -0.650433898 0.000498557 0.758998215
1702688193523476992.000000 -0.028177872 0.001199041 0.282738984 -0.028975431 -0.647800326 0.000991044 0.761258364
1702688193811842560.000000 -0.029150993 0.001218623 0.282942206 -0.027553178 -0.637045264 0.002441225 0.770330012
1702688194108810496.000000 -0.030184746 0.001260589 0.283198357 -0.027805971 -0.628301024 0.001928748 0.777470946
1702688194397277696.000000 -0.031191275 0.001320647 0.283419013 -0.027255232 -0.627151072 0.001084487 0.778419912
1702688194771994112.000000 -0.032499418 0.001393934 0.283730984 -0.028737068 -0.624979913 0.000683163 0.780111432
1702688195060985088.000000 -0.033455610 0.001449792 0.283964902 -0.027124165 -0.626099348 0.002745099 0.779266536
1702688195358011136.000000 -0.034435481 0.001484165 0.284194350 -0.026063720 -0.620622993 0.002793364 0.783670843
1702688195645828608.000000 -0.035486817 0.001503286 0.284438670 -0.025082979 -0.611447036 0.001205320 0.790886819
1702688195937274624.000000 -0.036467060 0.001556877 0.284667313 -0.025175663 -0.611333907 0.000964400 0.790971577
1702688196271027200.000000 -0.037622333 0.001571151 0.284995317 -0.026384570 -0.601540864 -0.000292972 0.798406124
1702688196603257856.000000 -0.038728416 0.001673429 0.285551250 -0.023895340 -0.593320310 0.001275503 0.804610789
1702688196895312128.000000 -0.039918572 0.001947153 0.284845501 -0.023413699 -0.571820438 0.002499638 0.820040822
1702688197231165952.000000 -0.040091850 0.001848205 0.284721076 -0.033278562 -0.564449489 0.001619842 0.824795008
1702688197521100032.000000 -0.041405372 0.002003712 0.285525680 -0.028452849 -0.553114235 0.002440432 0.832615852
1702688197852490240.000000 -0.042741627 0.002151448 0.285621464 -0.026251329 -0.534582257 0.001252203 0.844707727
1702688198068964352.000000 -0.043396406 0.002337905 0.286126792 -0.024862070 -0.527088165 0.002287556 0.849443793
1702688198309193472.000000 -0.044136204 0.002422186 0.286575586 -0.024736840 -0.516952574 0.001714078 0.855654776
1702688198517964032.000000 -0.044690795 0.002329939 0.287056506 -0.026206134 -0.508891523 0.000110817 0.860431671
1702688198644781056.000000 -0.045020580 0.002415214 0.287271917 -0.023559181 -0.503199756 0.001368245 0.863847911
1702688198890823168.000000 -0.045854524 0.002449887 0.287677109 -0.023003317 -0.493321896 0.001706496 0.869540930
1702688199020442368.000000 -0.046075948 0.002394000 0.287828743 -0.024035132 -0.492427796 0.001134690 0.870020628
1702688199182362368.000000 -0.046556585 0.002510081 0.288238257 -0.022189660 -0.490185946 0.001794807 0.871333539
1702688199308119808.000000 -0.046823446 0.002487835 0.288608640 -0.022469282 -0.488769799 0.002050214 0.872120976
1702688199601385216.000000 -0.047566481 0.002554148 0.289270878 -0.022172399 -0.485414088 0.002485625 0.873999655
1702688199933295872.000000 -0.048414547 0.002594901 0.289906681 -0.021799818 -0.483788282 0.002146783 0.874910891
1702688200100477184.000000 -0.048914962 0.002558712 0.290092945 -0.021909447 -0.483035088 0.001662350 0.875325263
1702688200308521984.000000 -0.049475022 0.002556316 0.290162563 -0.022378553 -0.481306285 0.001217579 0.876265943
1702688200476429824.000000 -0.049914841 0.002475212 0.290179312 -0.023013864 -0.480630845 0.000500181 0.876620829
1702688200680940032.000000 -0.050551370 0.002529259 0.290388644 -0.022976244 -0.481631219 0.000958907 0.876072288
1702688200889688576.000000 -0.051097330 0.002508060 0.290614933 -0.023676652 -0.481081992 -0.000046499 0.876355886
1702688201097799936.000000 -0.051674355 0.002525722 0.291004688 -0.024683218 -0.492911518 0.000870837 0.869728863
1702688201305832704.000000 -0.052282795 0.002501118 0.291274518 -0.025480963 -0.501597524 0.000824216 0.864725351
1702688201516457472.000000 -0.052885994 0.002585151 0.291755736 -0.025540445 -0.505747080 -0.000220729 0.862303674
1702688201722691840.000000 -0.053475142 0.002635883 0.292037129 -0.025332358 -0.503763676 0.000411201 0.863469839
1702688202013572352.000000 -0.054348435 0.002687545 0.292366594 -0.025603676 -0.504949331 -0.001177836 0.862768352
1702688202227379200.000000 -0.054903895 0.002731571 0.292851210 -0.025836829 -0.509943664 -0.001058087 0.859819055
1702688202680885248.000000 -0.056200638 0.002796014 0.293397993 -0.024989327 -0.510555744 -0.000292114 0.859481394
1702688203181320960.000000 -0.057580877 0.002883911 0.294248998 -0.025094844 -0.502036631 -0.000689317 0.864481866
1702688203442120960.000000 -0.058266886 0.002906883 0.294576675 -0.024664951 -0.492502928 -0.000219318 0.869961262
1702688203680618496.000000 -0.058788478 0.002885235 0.295028329 -0.023762591 -0.474991053 -0.000456517 0.879669666
1702688203930830080.000000 -0.059346799 0.003037115 0.295667440 -0.022089189 -0.464929670 0.001013316 0.885071456
1702688204430001408.000000 -0.060674425 0.003041697 0.296537340 -0.022984939 -0.437577575 -0.000129247 0.898886859
1702688204677348352.000000 -0.061298460 0.002988067 0.296985239 -0.023667779 -0.424486071 -0.001964888 0.905122936
1702688204928294912.000000 -0.061778612 0.002993054 0.297517002 -0.023028756 -0.411705494 -0.001533602 0.911024690
1702688205178096384.000000 -0.062316660 0.003024842 0.298082322 -0.022955699 -0.395247549 -0.002452168 0.918284476
1702688205467789824.000000 -0.062932454 0.002973184 0.298665047 -0.023676267 -0.377305835 -0.003920070 0.925777733
1702688205720149760.000000 -0.063381799 0.003013082 0.299262851 -0.025210856 -0.362322688 -0.004539566 0.931700706
1702688205967622400.000000 -0.063835055 0.003095549 0.299935818 -0.024210490 -0.337358475 -0.005519247 0.941048741
1702688206179199488.000000 -0.064207867 0.003028735 0.300337732 -0.023506256 -0.318070710 -0.006275861 0.947754800
1702688206426771456.000000 -0.064698592 0.003083155 0.301013380 -0.023413423 -0.293901473 -0.006564722 0.955526412
1702688206883792384.000000 -0.065220699 0.003177826 0.302333772 -0.024030242 -0.251409590 -0.007262884 0.967555165
1702688207091658752.000000 -0.065442622 0.003203724 0.302881539 -0.023730425 -0.231660306 -0.008370947 0.972471297
1702688207341269504.000000 -0.065811738 0.003170443 0.303517729 -0.024028910 -0.207168594 -0.010650567 0.977952123
1702688207592876032.000000 -0.066061862 0.003144527 0.304221123 -0.025079649 -0.187914357 -0.010577445 0.981808186
1702688208133293824.000000 -0.066389561 0.003286209 0.305822641 -0.023975149 -0.149764985 -0.010953339 0.988370240
1702688208386148096.000000 -0.066538990 0.003339703 0.306519657 -0.022399994 -0.139429733 -0.010802788 0.989919662
1702688208634181376.000000 -0.066741548 0.003362602 0.307250291 -0.022953903 -0.132335007 -0.011518672 0.990872264
1702688209134292224.000000 -0.067033373 0.003461973 0.308735371 -0.025914188 -0.135883972 -0.007319697 0.990358710
1702688209382207744.000000 -0.067254864 0.003509123 0.309531003 -0.030269053 -0.141012907 -0.004224899 0.989535928
1702688209924416256.000000 -0.067823492 0.003609901 0.311039925 -0.028928900 -0.149461091 -0.015623752 0.988220811
1702688210215263488.000000 -0.068234883 0.003693216 0.311844289 -0.026492126 -0.169071063 -0.019489454 0.985055029
1702688210515516160.000000 -0.068629302 0.003669808 0.312626332 -0.019858370 -0.189711437 -0.017763244 0.981478333
1702688210798669312.000000 -0.068932809 0.003724274 0.313370496 -0.012306688 -0.207619056 -0.011752104 0.978061736
1702688211087900416.000000 -0.069137044 0.003722040 0.313994169 -0.010287509 -0.182540476 -0.010284521 0.983090758
1702688211423400192.000000 -0.069101885 0.003693830 0.313871920 -0.015256376 -0.163143590 -0.013984607 0.986385286
1702688211713690880.000000 -0.069545113 0.003796967 0.315696657 -0.017394938 -0.145200416 -0.015485205 0.989128113
1702688212009487872.000000 -0.069745414 0.003800762 0.316489816 -0.014618807 -0.131684482 -0.014705037 0.991074860
1702688212629299200.000000 -0.070021808 0.003850503 0.318339944 -0.017414145 -0.099810347 -0.013314707 0.994764984
1702688212923546368.000000 -0.070173927 0.003905252 0.319234848 -0.020435929 -0.083675899 -0.015390826 0.996164560
1702688213549164288.000000 -0.070324712 0.003930982 0.321121275 -0.023505688 -0.051404115 -0.016829671 0.998259425
1702688213836076288.000000 -0.070337512 0.003989267 0.321936458 -0.022072677 -0.036271207 -0.016700655 0.998958647
1702688214085433344.000000 -0.070470504 0.003966893 0.322700083 -0.024097281 -0.019713048 -0.018159188 0.999350250
1702688214335704576.000000 -0.070442580 0.004002423 0.323416144 -0.023206288 -0.007018129 -0.018800791 0.999529302
1702688214629415168.000000 -0.070379741 0.004051039 0.324227482 -0.022630876 0.006620715 -0.019245761 0.999536693
1702688215168449024.000000 -0.070289038 0.004132696 0.325776041 -0.020967742 0.032919303 -0.018573467 0.999065399
1702688215417400576.000000 -0.070240714 0.004151827 0.326505363 -0.020202219 0.031114401 -0.018560862 0.999139309
1702688216084835584.000000 -0.070213601 0.004243207 0.328482360 -0.019934630 0.008513920 -0.019316847 0.999578416
1702688216378652928.000000 -0.070249058 0.004309672 0.329306960 -0.020393332 -0.005755249 -0.017140349 0.999628544
1702688216753650176.000000 -0.070299976 0.004346921 0.330411702 -0.019582000 -0.020285409 -0.016638979 0.999463975
1702688217044773632.000000 -0.070366479 0.004389004 0.331258208 -0.019500695 -0.026170140 -0.016427446 0.999332309
1702688217375742976.000000 -0.070342310 0.004437289 0.332217902 -0.021498812 -0.025767058 -0.016912745 0.999293685
1702688217756749568.000000 -0.070467331 0.004466854 0.333327949 -0.021651801 -0.012401599 -0.017199364 0.999540687
1702688218125150208.000000 -0.070424616 0.004497931 0.334394723 -0.019929163 -0.010629902 -0.017087067 0.999598861
1702688218789843456.000000 -0.070486017 0.004643362 0.336360872 -0.020951450 -0.007090516 -0.018103095 0.999591470
1702688219167444224.000000 -0.070539773 0.004660906 0.337428659 -0.020936912 -0.003858668 -0.018585704 0.999600589
1702688219543590144.000000 -0.070539996 0.004703035 0.338518292 -0.020570604 -0.000519761 -0.018295167 0.999620855
1702688219873607680.000000 -0.070442200 0.004742921 0.339485705 -0.019566039 0.010735295 -0.017353470 0.999600291
1702688220250758144.000000 -0.070451789 0.004801547 0.340607643 -0.020613516 0.012003568 -0.018537136 0.999543607
1702688220622666240.000000 -0.070408158 0.004863467 0.341698676 -0.019483171 0.023203898 -0.017899966 0.999380648
1702688220915590400.000000 -0.070320435 0.004896876 0.342537612 -0.019865150 0.032680489 -0.018423205 0.999098599
1702688221289048320.000000 -0.070201799 0.004932914 0.343633771 -0.018954869 0.049498189 -0.018098271 0.998430371
1702688221956384768.000000 -0.069913253 0.005000075 0.345554411 -0.017527809 0.072258987 -0.019076319 0.997049391
1702688222334378496.000000 -0.069697455 0.005031474 0.346604824 -0.018230453 0.081364267 -0.018892424 0.996338606
1702688222703141376.000000 -0.069519304 0.005062996 0.347656965 -0.016789878 0.083748572 -0.018186236 0.996179521
1702688223081188096.000000 -0.069346853 0.005074479 0.348714739 -0.016937636 0.079890676 -0.019005729 0.996478498
1702688223536725248.000000 -0.069172099 0.005141174 0.350051731 -0.018331278 0.068142168 -0.018765418 0.997330666
1702688223910227456.000000 -0.069083624 0.005168354 0.351101011 -0.017344400 0.057675436 -0.018410206 0.998014927
1702688224409829632.000000 -0.069017656 0.005216435 0.352283508 -0.018101385 0.042231996 -0.017589230 0.998788953
1702688224828633344.000000 -0.068937480 0.005237963 0.353185982 -0.018894715 0.048174586 -0.018000545 0.998497963
1702688225283527936.000000 -0.068715058 0.005284375 0.354533911 -0.019258590 0.058810730 -0.018929597 0.997903883
1702688225701874944.000000 -0.068504691 0.005334893 0.355714381 -0.019314671 0.078016102 -0.018608559 0.996591270
1702688226078522880.000000 -0.068351813 0.005385135 0.356783628 -0.019682730 0.081910163 -0.019980954 0.996244967
1702688226455904512.000000 -0.068085805 0.005419171 0.357771128 -0.018803928 0.098945454 -0.020478064 0.994704425
1702688226868486656.000000 -0.067794062 0.005446623 0.358914763 -0.018423472 0.112408705 -0.019079989 0.993308067
1702688227330985728.000000 -0.067491032 0.005492095 0.360217422 -0.018566569 0.118549384 -0.019597724 0.992581129
1702688227700713728.000000 -0.067219108 0.005546737 0.361270487 -0.017073328 0.127036124 -0.020215098 0.991545081
1702688228120534016.000000 -0.066920377 0.005565891 0.362409770 -0.017677438 0.115964890 -0.020113530 0.992892265
1702688228534579712.000000 -0.066558808 0.005611415 0.363549769 -0.016881159 0.133570492 -0.020704962 0.990679204
1702688228952790016.000000 -0.066152535 0.005635812 0.364672035 -0.014688842 0.155844361 -0.020445425 0.987460792
1702688229371581952.000000 -0.065723084 0.005636101 0.365802675 -0.014281510 0.173229843 -0.021615058 0.984540641
1702688229782695424.000000 -0.065249950 0.005640396 0.366915524 -0.014136846 0.183269009 -0.020796819 0.982741177
1702688230196976640.000000 -0.064747468 0.005665513 0.367974818 -0.012739056 0.196036667 -0.020242153 0.980304837
1702688230613232128.000000 -0.064290315 0.005679993 0.369119346 -0.014511323 0.199377909 -0.020808976 0.979594231
1702688230992670464.000000 -0.063918971 0.005706009 0.370161444 -0.016548974 0.185679778 -0.020772552 0.982251346
1702688231363632128.000000 -0.063648164 0.005701919 0.371169835 -0.016254785 0.166260228 -0.020802567 0.985728502
1702688231737268992.000000 -0.063312680 0.005750204 0.372233868 -0.017237581 0.144620866 -0.019648360 0.989141881
1702688232113836800.000000 -0.063059404 0.005789858 0.373313248 -0.018683450 0.125081778 -0.020505536 0.991758525
1702688232529086976.000000 -0.062874168 0.005862278 0.374511361 -0.018428320 0.102812633 -0.018838067 0.994351625
1702688232903901952.000000 -0.062723830 0.005893632 0.375559241 -0.018977843 0.085247435 -0.017902741 0.996018171
1702688233329391360.000000 -0.062582664 0.005958220 0.376744539 -0.019481499 0.065962985 -0.016779143 0.997490764
1702688233824233216.000000 -0.062505320 0.005966660 0.378166676 -0.019597793 0.043846410 -0.016095679 0.998716354
1702688234276890624.000000 -0.062516488 0.006037306 0.379486412 -0.020148674 0.029867737 -0.016828595 0.999209106
1702688234699040768.000000 -0.062425446 0.006076907 0.380662680 -0.022487840 0.017389979 -0.015967594 0.999468327
1702688235234091264.000000 -0.062377308 0.006098170 0.382186919 -0.022022612 0.012874594 -0.017065104 0.999528885
1702688235698872320.000000 -0.062419321 0.006168871 0.383483648 -0.022293784 -0.002506899 -0.016183054 0.999617398
1702688236193366016.000000 -0.062471226 0.006195791 0.384866506 -0.020901630 -0.009593276 -0.016462475 0.999599993
1702688236608602112.000000 -0.062533014 0.006227679 0.386035293 -0.022182999 -0.000703967 -0.016485980 0.999617755
1702688237028929024.000000 -0.062437151 0.006282816 0.387220144 -0.022578921 0.007657631 -0.017675148 0.999559462
1702688237498155008.000000 -0.062413707 0.006327034 0.388532758 -0.024117809 0.022437269 -0.018146710 0.999292552
1702688237983145472.000000 -0.062232453 0.006386522 0.389908612 -0.021692930 0.044500981 -0.018267915 0.998606682
1702688238441134848.000000 -0.062004555 0.006458757 0.391237468 -0.021839712 0.055827279 -0.019344104 0.998014152
1702688239070782464.000000 -0.061829809 0.006552360 0.392995566 -0.022001632 0.051901575 -0.019169515 0.998225749
1702688239688847616.000000 -0.061414879 0.006607095 0.394796163 -0.021537630 0.054252725 -0.018428400 0.998124838
1702688240355690496.000000 -0.061416987 0.006642328 0.396657437 -0.021528594 0.055752859 -0.018319750 0.998044372
1702688240941674496.000000 -0.061276879 0.006684297 0.398336202 -0.021277994 0.058302194 -0.017768770 0.997914016
1702688241437530624.000000 -0.061273642 0.006729086 0.399767965 -0.021120582 0.057712171 -0.018565141 0.997937202
1702688241897000192.000000 -0.060983714 0.006756776 0.401004195 -0.020919846 0.061140250 -0.018121351 0.997745395
1702688242353607680.000000 -0.060880259 0.006817521 0.402321011 -0.021749025 0.063266568 -0.018903190 0.997580588
1702688242855948800.000000 -0.060541995 0.006943909 0.403738171 -0.023373850 0.065381341 -0.018915312 0.997407198
1702688243353327872.000000 -0.060354233 0.007007575 0.405169457 -0.023249695 0.067272924 -0.019417966 0.997274637
1702688243812269824.000000 -0.060258638 0.007010470 0.406429857 -0.023016596 0.056054458 -0.018902192 0.997983396
1702688244272349952.000000 -0.060286764 0.007140206 0.407783955 -0.023407450 0.046907973 -0.018206228 0.998458982
1702688244726606336.000000 -0.060411021 0.007171578 0.409073979 -0.022343175 0.035917163 -0.017357728 0.998954237
1702688245183914496.000000 -0.060159776 0.007167063 0.410268337 -0.020776117 0.034172978 -0.016981574 0.999055684
1702688245559079168.000000 -0.060049165 0.007267492 0.411284953 -0.018598694 0.028496889 -0.015893662 0.999294519
1702688245974857216.000000 -0.060022466 0.007265738 0.411813170 -0.020165242 0.032645855 -0.016621737 0.999125302
