1702688123750164736.000000 0.000000000 0.000000000 0.000000000 -0.000000000 -0.000000000 -0.000000000 1.000000000
1702688124081733120.000000 0.000064385 0.000078925 0.002293937 -0.000103506 0.000287450 -0.000292344 0.999999940
1702688124121896448.000000 0.000042760 0.000112643 0.002610803 -0.000016894 0.000613900 -0.000276118 0.999999821
1702688124914194176.000000 -0.000475669 0.000167329 0.007900496 -0.000822332 -0.001610278 -0.000910746 0.999997973
1702688125081451264.000000 -0.000633703 0.000148728 0.008968186 0.000338067 -0.002073206 -0.001062102 0.999997258
1702688125254037504.000000 -0.000700170 0.000050023 0.010076685 -0.000112123 -0.002235828 -0.000080985 0.999997497
1702688125412331520.000000 -0.000513950 0.000048543 0.011211838 -0.000601774 -0.000944949 0.000021215 0.999999404
1702688125914894848.000000 -0.000364987 0.000051693 0.014581092 -0.001198612 -0.000943283 0.000510370 0.999998748
1702688126038130432.000000 -0.000397767 0.000050673 0.015427161 -0.001263307 -0.001589653 0.000633168 0.999997735
1702688126163733504.000000 -0.000515773 0.000002795 0.016274981 -0.001009880 -0.002375070 0.000220082 0.999996662
1702688126289400320.000000 -0.000533193 -0.000034989 0.017035324 -0.001121719 -0.001917003 0.000142841 0.999997556
1702688126411633664.000000 -0.000497004 0.000003207 0.017960494 -0.001921124 -0.001985845 0.000659898 0.999996006
1702688126789506816.000000 -0.000277964 -0.000136598 0.020366840 -0.000186159 -0.001420511 0.000955414 0.999998510
1702688126913067264.000000 -0.000365646 -0.000178844 0.021156112 0.000069450 -0.001571149 0.001142568 0.999998152
1702688127080161536.000000 -0.000408337 -0.000206305 0.022251153 0.000396290 -0.000926530 0.000744815 0.999999225
1702688127246314240.000000 -0.000398186 -0.000199418 0.023350719 0.000349482 -0.001231111 0.000121978 0.999999225
1702688127786697728.000000 -0.001540795 -0.000272327 0.026841354 0.000076220 -0.006780364 -0.000134321 0.999977052
1702688128162803456.000000 -0.001662133 -0.000315690 0.029310079 0.001176573 -0.007443649 -0.000902784 0.999971211
1702688128368955392.000000 -0.001649260 -0.000309318 0.030681456 0.001310154 -0.007520838 -0.000831067 0.999970555
1702688128578850560.000000 -0.001992133 -0.000322678 0.031883225 0.001810564 -0.010564853 -0.001202012 0.999941826
1702688128829103872.000000 -0.002353644 -0.000297436 0.033588368 0.000314533 -0.014207653 -0.000763693 0.999898732
1702688129075731712.000000 -0.002306290 -0.000250550 0.035235595 0.001377269 -0.017556064 -0.000089867 0.999844968
1702688129535256320.000000 -0.002155633 -0.000297619 0.038183317 0.003274389 -0.011367647 -0.000443944 0.999929965
1702688129744809728.000000 -0.002204787 -0.000327697 0.039597534 0.000978315 -0.014524252 0.000751430 0.999893785
1702688129995001600.000000 -0.002453202 -0.000282321 0.041207574 0.001350907 -0.015218775 0.001437801 0.999882281
1702688130243418880.000000 -0.002615485 -0.000292739 0.042840250 -0.001000843 -0.015059973 0.000222469 0.999886096
1702688130494930944.000000 -0.002413287 -0.000161888 0.044467311 -0.000811467 -0.012680124 0.000532663 0.999919116
1702688130748235264.000000 -0.002365816 -0.000156128 0.046099499 -0.002430039 -0.010387525 0.000300094 0.999943078
1702688130996082176.000000 -0.002411562 -0.000108197 0.047773473 -0.002859719 -0.007495959 0.000503088 0.999967694
1702688131241282304.000000 -0.002206806 -0.000091252 0.049364228 -0.001327738 -0.001475112 0.000443473 0.999997914
1702688131493935872.000000 -0.002090594 -0.000178831 0.050837789 -0.002162755 0.001549922 0.000044880 0.999996483
1702688131785080832.000000 -0.002156235 -0.000097986 0.052756090 -0.001738702 0.009122500 -0.000641111 0.999956667
1702688132074300160.000000 -0.001919219 -0.000104275 0.054597933 -0.001287400 0.013712602 -0.000996887 0.999904692
1702688132376459008.000000 -0.001837473 -0.000119611 0.056405175 -0.001078664 0.013650823 -0.000624339 0.999906063
1702688132657383680.000000 -0.001795800 -0.000126136 0.058228377 -0.001552124 0.014181064 -0.001532648 0.999897063
1702688132991182336.000000 -0.001764348 -0.000209616 0.060360599 -0.002167571 0.015051601 -0.001172717 0.999883711
1702688133282781440.000000 -0.001790325 -0.000167400 0.062221769 -0.002738732 0.014934972 -0.002972063 0.999880314
1702688133573606912.000000 -0.001810285 -0.000079476 0.064067543 -0.003576954 0.012577472 -0.003109156 0.999909699
1702688133906847488.000000 -0.001717177 -0.000060641 0.066148512 -0.004187530 0.013719335 -0.003444083 0.999891222
1702688134242820864.000000 -0.001687710 -0.000105235 0.068166815 -0.002931452 0.014321712 -0.003398495 0.999887407
1702688134574934016.000000 -0.001517382 -0.000014718 0.070298202 -0.003563928 0.015106874 -0.002923326 0.999875307
1702688134904386304.000000 -0.001580091 -0.000035559 0.072428368 -0.004813759 0.015376646 -0.003363659 0.999864519
1702688135245584896.000000 -0.001366824 -0.000082019 0.074609190 -0.003292175 0.016426019 -0.003424204 0.999853790
1702688135619563264.000000 -0.001408673 -0.000063605 0.076930299 -0.002274028 0.015030658 -0.002810818 0.999880552
1702688135948053504.000000 -0.001406774 -0.000019935 0.079061195 -0.003678428 0.015690943 -0.003042376 0.999865532
1702688136239547392.000000 -0.001213847 0.000019384 0.080947116 -0.004438336 0.019678848 -0.003948095 0.999788702
1702688136530353664.000000 -0.001271168 0.000020897 0.082723610 -0.003403428 0.018333228 -0.004042793 0.999817967
1702688136862253568.000000 -0.001145279 0.000015425 0.084806524 -0.002800926 0.017352393 -0.003574510 0.999839127
1702688137445411072.000000 -0.001228073 0.000003301 0.088588282 -0.003013995 0.013964694 -0.002630718 0.999894500
1702688137740003072.000000 -0.001135047 0.000094230 0.090494551 -0.003050045 0.012616338 -0.002483092 0.999912679
1702688138027966464.000000 -0.000969067 0.000068812 0.092312232 -0.003149531 0.013271338 -0.002672582 0.999903440
1702688138331001856.000000 -0.000956268 0.000048629 0.094216242 -0.003644359 0.011883319 -0.002646990 0.999919295
1702688138611531264.000000 -0.001036946 0.000061633 0.096005470 -0.003453445 0.007275974 -0.001345080 0.999966681
1702688138903549696.000000 -0.000871785 0.000061576 0.097861148 -0.002180217 0.015679276 -0.001408640 0.999873698
1702688139194115328.000000 -0.000698776 0.000058589 0.099698804 -0.000843793 0.032530352 -0.002632981 0.999466956
1702688139443001600.000000 -0.000526607 0.000053407 0.101219676 -0.000071422 0.045323730 -0.002877250 0.998968244
1702688139693775616.000000 -0.000305713 0.000107638 0.102794960 0.000800343 0.056724496 -0.003737277 0.998382568
1702688139900894464.000000 -0.000182561 0.000078911 0.104100667 0.000233553 0.066189066 -0.003495285 0.997800946
1702688140567875840.000000 0.000846020 -0.000045463 0.108166642 0.000202669 0.094168402 -0.003907548 0.995548606
1702688140820414720.000000 0.001141775 0.000109043 0.109752432 -0.000091671 0.105234511 -0.003331863 0.994441867
1702688141026492672.000000 0.001636618 0.000123862 0.110976957 -0.000529923 0.111004390 -0.001813693 0.993818164
1702688141233257984.000000 0.001850820 0.000100253 0.112063088 -0.000385999 0.115289159 -0.001636178 0.993330598
1702688142194232064.000000 0.003001747 0.000165980 0.118097588 0.000476244 0.105136916 -0.002807311 0.994453669
1702688142442645760.000000 0.003296919 0.000046535 0.119526483 0.000961109 0.104639709 -0.003320782 0.994504213
1702688142691183104.000000 0.003841176 -0.000007097 0.120949171 0.001395886 0.104286879 -0.003516601 0.994540095
1702688142940903168.000000 0.004199884 0.000063560 0.122620396 0.000262347 0.102841929 -0.002797744 0.994693756
1702688144230925312.000000 0.005662525 0.000024540 0.130510747 0.000206300 0.098470911 -0.004042316 0.995131671
1702688144730792448.000000 0.006306623 -0.000009721 0.133554503 0.001139778 0.097727962 -0.003948206 0.995204687
1702688144980602624.000000 0.006761525 0.000007799 0.135197610 0.001066024 0.105292112 -0.003812736 0.994433463
1702688145271987200.000000 0.007170216 0.000011785 0.136936784 0.000107751 0.107619025 -0.003844534 0.994184792
1702688145565780992.000000 0.007441746 0.000038897 0.138804987 -0.000602708 0.107411526 -0.004308868 0.994205117
1702688145858375168.000000 0.007800000 0.000093213 0.140393153 0.000238632 0.103359088 -0.004869392 0.994632185
1702688146437228800.000000 0.008301079 0.000128090 0.144176319 0.001876153 0.075960413 -0.003382495 0.997103333
1702688146692611584.000000 0.008424728 0.000110602 0.145619050 0.000712440 0.065542035 -0.004206001 0.997840703
1702688146978892800.000000 0.008623106 0.000097009 0.147538945 -0.002047102 0.052313045 -0.004033196 0.998620510
1702688147228098304.000000 0.008923484 0.000131098 0.148980692 0.000322190 0.069453068 -0.004916436 0.997573078
1702688147518578176.000000 0.009188122 0.000125888 0.150777370 0.000873312 0.075543292 -0.004789195 0.997130632
1702688147810309376.000000 0.009464038 0.000150010 0.152652800 0.000102739 0.078443222 -0.005434002 0.996903777
1702688148105138688.000000 0.009725437 0.000156597 0.154459462 -0.001064763 0.076266624 -0.005706775 0.997070611
1702688148394985984.000000 0.010031952 0.000145855 0.156240582 0.000028023 0.077514954 -0.006333735 0.996971071
1702688148684074752.000000 0.010297668 0.000162962 0.157982409 0.000325238 0.076936312 -0.006630323 0.997013927
1702688149025489920.000000 0.010727312 0.000066730 0.159977615 0.000520368 0.077154532 -0.006407654 0.996998429
1702688149310498560.000000 0.011090649 0.000003224 0.161740899 -0.000081172 0.077943377 -0.005439986 0.996942937
1702688149645361664.000000 0.011277479 -0.000014901 0.163786054 0.000135068 0.076848395 -0.006111484 0.997024059
1702688150020539648.000000 0.011642774 0.000095763 0.166036263 0.001233924 0.078940965 -0.005049898 0.996865749
1702688150433784576.000000 0.012110244 -0.000038117 0.168542087 0.001897318 0.082796879 -0.004095701 0.996556222
1702688150851761408.000000 0.012595191 -0.000009931 0.171136081 0.002457678 0.086708851 -0.004161444 0.996222019
1702688151225185280.000000 0.012903640 0.000012342 0.173437074 0.000658089 0.090240128 -0.004728192 0.995908618
1702688151600415744.000000 0.013418825 0.000032492 0.175775975 -0.000687276 0.092194833 -0.006079261 0.995722234
1702688151933344256.000000 0.013816438 -0.000006848 0.177826121 -0.000198566 0.093379654 -0.005600579 0.995614827
1702688152227737600.000000 0.014139660 -0.000032900 0.179558560 0.000581499 0.094395377 -0.006492983 0.995513439
1702688152599986176.000000 0.014679765 -0.000045183 0.181804448 -0.001224989 0.097692311 -0.005807433 0.995198965
1702688153015389696.000000 0.015340370 0.000073168 0.184374243 -0.000325604 0.112841815 -0.006974400 0.993588448
1702688153475735808.000000 0.016047653 0.000042120 0.187062204 0.000684880 0.125692725 -0.007321187 0.992041945
1702688153853723904.000000 0.016690090 0.000044239 0.189290404 0.000910631 0.125623941 -0.007719708 0.992047489
1702688154347428096.000000 0.017349541 0.000015028 0.192289904 0.001797659 0.122245990 -0.008592937 0.992461026
1702688154768258048.000000 0.017884452 0.000025826 0.194694579 0.003087015 0.109524906 -0.008253114 0.993945003
1702688155225627136.000000 0.018327266 0.000019192 0.197493792 0.002240275 0.097714618 -0.007434694 0.995184183
1702688155641277184.000000 0.018666789 0.000129414 0.199974805 0.000793376 0.085153639 -0.009368832 0.996323466
1702688156095241984.000000 0.019117506 0.000076580 0.202547237 -0.001685939 0.065619193 -0.006721561 0.997820675
1702688156553235968.000000 0.019184016 0.000097812 0.205277562 -0.000069651 0.043744452 -0.008224946 0.999008954
1702688157015946752.000000 0.019181753 0.000117002 0.208055064 -0.000306792 0.016263848 -0.005962166 0.999849916
1702688157347266560.000000 0.019168701 0.000180763 0.210213691 -0.002118914 0.007270740 -0.008110374 0.999938428
1702688157762962944.000000 0.018993637 0.000186282 0.212784603 -0.003525257 -0.010841653 -0.009010335 0.999894440
1702688158093512960.000000 0.018886130 0.000170263 0.214828908 -0.004172172 -0.014074612 -0.009035747 0.999851465
1702688158472939008.000000 0.018819984 0.000222702 0.217086002 -0.002103264 -0.012078754 -0.008591225 0.999887943
1702688158883162368.000000 0.018845854 0.000272007 0.219657660 -0.002738015 -0.000733429 -0.008360562 0.999961078
1702688159259221248.000000 0.018800052 0.000302627 0.221873090 -0.000707967 -0.009895805 -0.007757506 0.999920726
1702688159592873216.000000 0.018661533 0.000288703 0.223926991 -0.002861763 -0.019111572 -0.007317786 0.999786496
1702688159927341312.000000 0.018712791 0.000292793 0.226000160 -0.002202164 -0.023498224 -0.007219921 0.999695361
1702688160345999872.000000 0.018541766 0.000320086 0.228528544 -0.002659205 -0.016276542 -0.008468952 0.999828160
1702688160765698304.000000 0.018442273 0.000310614 0.231046945 -0.003166602 -0.001103538 -0.008708759 0.999956489
1702688161217192192.000000 0.018545959 0.000273142 0.233714581 -0.002358258 0.011056792 -0.007370923 0.999908924
1702688161759966976.000000 0.018636037 0.000283442 0.236920536 -0.000124143 0.009560074 -0.007491347 0.999926269
1702688162423004416.000000 0.018747270 0.000253713 0.240804106 -0.000552834 0.016151546 -0.006375452 0.999849081
1702688162921742336.000000 0.019002225 0.000312563 0.243726894 -0.000476713 0.022284223 -0.006236307 0.999732137
1702688163425845248.000000 0.018980885 0.000299476 0.246643707 -0.000732145 0.032688919 -0.007201344 0.999439359
1702688163963159040.000000 0.019465890 0.000295228 0.249973148 -0.000453738 0.039102223 -0.007685694 0.999205589
1702688164255248128.000000 0.019494791 0.000307199 0.251599967 0.001103052 0.046668164 -0.006519041 0.998888612
1702688164547031296.000000 0.019551422 0.000334171 0.253361046 0.000434212 0.047399696 -0.007517244 0.998847663
1702688164879545088.000000 0.019565932 0.000332680 0.255246431 -0.002100627 0.045743965 -0.007741418 0.998921037
1702688165173072128.000000 0.019609615 0.000363116 0.256870329 -0.000756638 0.045558546 -0.007666218 0.998932004
1702688165504096512.000000 0.019980995 0.000424122 0.258903414 -0.000726576 0.045477867 -0.007668963 0.998935640
1702688166003127808.000000 0.019902188 0.000430514 0.261695057 -0.000384737 0.045985069 -0.007727299 0.998912156
1702688166549207808.000000 0.020084247 0.000406536 0.264836133 -0.000949965 0.050584666 -0.009633506 0.998672843
1702688166877514752.000000 0.020233307 0.000474373 0.266590774 -0.001014944 0.048642531 -0.008799649 0.998777032
1702688167210869504.000000 0.020185828 0.000368282 0.268306136 -0.001310181 0.066647798 -0.009933091 0.997726262
1702688167794887680.000000 0.020334426 0.000396897 0.271192700 -0.001487165 0.077911392 -0.008919353 0.996919274
1702688168750536448.000000 0.020613711 0.000315408 0.275860906 -0.002322093 0.097496912 -0.004018820 0.995225012
1702688169083957248.000000 0.020709353 0.000283523 0.277697682 -0.002533305 0.107740529 -0.002986298 0.994171381
1702688169374660864.000000 0.020750273 0.000104913 0.279599905 -0.004273536 0.119832449 -0.004710854 0.992773771
1702688169627766784.000000 0.020806711 0.000132408 0.281065047 -0.004102487 0.128717825 -0.004766703 0.991661310
1702688169957812224.000000 0.020963009 0.000109447 0.283162087 -0.003556575 0.141853794 -0.003611947 0.989874661
1702688170249803264.000000 0.021145055 0.000170716 0.285171241 -0.001303064 0.154503554 -0.003966170 0.987983406
1702688170543037184.000000 0.021320840 0.000132808 0.287133545 -0.001154617 0.170610085 -0.004452882 0.985327899
1702688170874715648.000000 0.021218117 0.000269480 0.289098799 -0.000943229 0.185661390 -0.005735700 0.982596636
1702688171207048192.000000 0.021299789 0.000247618 0.291210204 -0.000578329 0.200178742 -0.004678829 0.979748070
1702688171582180608.000000 0.021120660 0.000000387 0.293018937 -0.004540775 0.210264757 -0.003874527 0.977626264
1702688171998087168.000000 0.020883355 0.000087273 0.293539226 -0.005827414 0.212418899 -0.004339741 0.977151692
1702688172248948992.000000 0.020587750 0.000108020 0.293868721 -0.005261505 0.213441595 -0.004530184 0.976931155
1702688172502281472.000000 0.020447064 0.000174253 0.294258356 -0.004746039 0.214265257 -0.004702379 0.976752698
1702688173080498432.000000 0.020684604 0.000135357 0.295824915 -0.005109698 0.178199127 -0.003886575 0.983973563
1702688173999684096.000000 0.020752238 0.000023264 0.297574371 -0.007862391 0.091625750 -0.000191758 0.995762467
1702688174248526848.000000 0.020814771 -0.000051812 0.298079848 -0.009124841 0.069045134 -0.000724218 0.997571528
1702688174829981440.000000 0.020964194 0.000150007 0.299457371 -0.005924907 0.017001510 -0.000765294 0.999837637
1702688175285869824.000000 0.020753443 0.000047855 0.300177723 -0.009061195 -0.018421127 -0.001602844 0.999787986
1702688175500180480.000000 0.020861713 0.000147741 0.300861925 -0.007359713 -0.035548814 -0.001104580 0.999340236
1702688175874465280.000000 0.020877484 0.000001832 0.301457047 -0.012255735 -0.046314254 -0.002606075 0.998848379
1702688175994744064.000000 0.020918103 -0.000018506 0.301748514 -0.012849671 -0.053255707 -0.002971182 0.998493850
1702688176329748992.000000 0.021102693 -0.000068889 0.302580595 -0.017851930 -0.071602210 -0.003405382 0.997267723
1702688176501611264.000000 0.021186583 -0.000080736 0.302983195 -0.018384952 -0.081027277 -0.004101568 0.996533871
1702688176662036992.000000 0.021309735 -0.000074883 0.303456664 -0.018399797 -0.092455864 -0.004152511 0.995538116
1702688176827462400.000000 0.021408312 -0.000084524 0.303901941 -0.019353572 -0.102734908 -0.005068872 0.994507611
1702688177162247168.000000 0.021365263 -0.000140520 0.304187298 -0.021863276 -0.109137841 -0.005477719 0.993771076
1702688177284803328.000000 0.021357721 -0.000138030 0.304206461 -0.022691470 -0.108023368 -0.005099369 0.993876278
1702688177455182592.000000 0.021343660 -0.000145965 0.304249406 -0.023354072 -0.108062722 -0.005146892 0.993856430
1702688177953812992.000000 0.021235721 -0.000141505 0.304436713 -0.024020003 -0.111063085 -0.005229863 0.993509293
1702688178126352640.000000 0.021176491 -0.000115686 0.304486752 -0.021993645 -0.112509385 -0.004985099 0.993394732
1702688178533615104.000000 0.021054907 -0.000113413 0.304659605 -0.023098256 -0.115535907 -0.007221309 0.993008494
1702688178701378560.000000 0.020987477 -0.000104240 0.304697573 -0.022114841 -0.118357852 -0.007626835 0.992695451
1702688179075419392.000000 0.020954419 -0.000125090 0.304790676 -0.025140107 -0.133888662 -0.007547220 0.990648746
1702688179450808064.000000 0.020903133 -0.000130793 0.304890752 -0.026082508 -0.147484377 -0.010374190 0.988665998
1702688179617077248.000000 0.020884911 -0.000129709 0.304938316 -0.025267646 -0.155089065 -0.010829003 0.987517953
1702688179826010112.000000 0.020858567 -0.000118091 0.305002242 -0.024913833 -0.163920090 -0.010939104 0.986098349
1702688180285767680.000000 0.020795308 -0.000110598 0.305110484 -0.024009747 -0.182420000 -0.009568483 0.982880950
1702688180491962624.000000 0.020769740 -0.000113862 0.305155396 -0.025380475 -0.189172134 -0.009954258 0.981565416
1702688180699377920.000000 0.020731514 -0.000111144 0.305203915 -0.026819516 -0.198002756 -0.009361664 0.979789793
1702688181574390528.000000 0.020587081 -0.000093134 0.305429518 -0.023925794 -0.241192386 -0.006054076 0.970163465
1702688181781741824.000000 0.020546421 -0.000088434 0.305488586 -0.026746728 -0.251108885 -0.006083494 0.967570126
1702688181989973504.000000 0.020515624 -0.000080460 0.305542946 -0.024623398 -0.262157261 -0.006366303 0.964689970
1702688182198526976.000000 0.020478312 -0.000082973 0.305603325 -0.027562121 -0.273576558 -0.006465166 0.961433530
1702688182407867392.000000 0.020441094 -0.000084684 0.305650622 -0.028601874 -0.283147544 -0.005984839 0.958631098
1702688183073505536.000000 0.020304427 -0.000081782 0.305814087 -0.032388601 -0.323383480 -0.005377809 0.945698261
1702688183326176512.000000 0.020252019 -0.000063400 0.305870205 -0.028839393 -0.338074028 -0.006276753 0.940656602
1702688183571993600.000000 0.020199269 -0.000062509 0.305936009 -0.030904494 -0.360017657 -0.005379857 0.932417989
1702688183780685312.000000 0.020157531 -0.000059228 0.305986404 -0.029598467 -0.376529366 -0.004194902 0.925922275
1702688183988583424.000000 0.020104177 -0.000061466 0.306011111 -0.032210190 -0.388760775 -0.003198422 0.920769989
1702688184156305664.000000 0.020066984 -0.000054651 0.306043059 -0.030264305 -0.400936544 -0.003023637 0.915600836
1702688184361381888.000000 0.020009249 -0.000046277 0.306086898 -0.030688761 -0.418270379 -0.002599453 0.907800257
1702688184576878336.000000 0.019962423 -0.000045912 0.306119323 -0.030402487 -0.434269398 -0.001676291 0.900268257
1702688184822968832.000000 0.019898966 -0.000043247 0.306156904 -0.030187048 -0.455448955 -0.000179064 0.889749944
1702688185073422592.000000 0.019842505 -0.000047297 0.306193918 -0.030782208 -0.476225287 0.001127190 0.878783643
1702688185281377280.000000 0.019810453 -0.000049090 0.306212187 -0.030128414 -0.492904812 0.001139270 0.869560719
1702688185487078144.000000 0.019729629 -0.000042282 0.306247026 -0.031726476 -0.509121299 0.000586836 0.860109627
1702688185695312384.000000 0.019686341 -0.000041990 0.306265980 -0.031166177 -0.526803792 0.001516272 0.849413991
1702688185905757696.000000 0.019630313 -0.000037796 0.306293815 -0.032809269 -0.543860972 0.001679131 0.838532031
1702688186109722624.000000 0.019580409 -0.000034965 0.306294382 -0.032999214 -0.555213392 0.002280876 0.831049919
1702688186490792960.000000 0.019518390 -0.000025691 0.306330472 -0.030467162 -0.582079709 0.002785131 0.812555969
1702688186862880512.000000 0.019440904 -0.000016756 0.306325912 -0.028488813 -0.589841187 0.004900008 0.807001650
1702688187072584192.000000 0.019412965 -0.000017437 0.306336075 -0.031165959 -0.588648379 0.003288035 0.807781577
1702688187282107392.000000 0.019354507 -0.000013097 0.306383371 -0.031273644 -0.587065458 0.003032661 0.808929563
1702688187527546368.000000 0.019273713 -0.000010473 0.306392759 -0.031103972 -0.585086405 0.002992783 0.810368776
1702688188029271552.000000 0.019108951 -0.000003470 0.306430429 -0.031144479 -0.590091527 0.002812925 0.806730509
1702688188279265792.000000 0.019029796 0.000003049 0.306461602 -0.030729670 -0.588411391 0.003662123 0.807969272
1702688188527059200.000000 0.018950984 0.000006744 0.306488246 -0.029962413 -0.586299241 0.003638675 0.809532166
1702688188780747008.000000 0.018878087 0.000008543 0.306515038 -0.030323453 -0.580995500 0.002932372 0.813336492
1702688189066060032.000000 0.018787831 0.000011973 0.306545913 -0.031164233 -0.589426100 0.004219783 0.807209909
1702688189316132864.000000 0.018705070 0.000022628 0.306560397 -0.029229747 -0.598868430 0.005573665 0.800294459
1702688189567132928.000000 0.018621892 0.000018191 0.306577057 -0.031483427 -0.608375490 0.004773133 0.793010235
1702688189814556672.000000 0.018539816 0.000025582 0.306602925 -0.030992704 -0.602823019 0.003199004 0.797266364
1702688190027931904.000000 0.018471256 0.000032239 0.306618452 -0.031578120 -0.612894893 0.003263871 0.789526463
1702688190279198208.000000 0.018392891 0.000032697 0.306636065 -0.030820895 -0.624246299 0.004218373 0.780607998
1702688190525139712.000000 0.018311575 0.000037796 0.306647748 -0.029679662 -0.625285864 0.004078381 0.779820561
1702688190774636544.000000 0.018235281 0.000040518 0.306669921 -0.029226832 -0.616357565 0.004287228 0.786912203
1702688191025105152.000000 0.018154249 0.000047544 0.306702405 -0.029605277 -0.616563618 0.005001891 0.786732435
1702688191273353984.000000 0.018076047 0.000042022 0.306708217 -0.030811029 -0.626868665 0.005732320 0.778494418
1702688191525332480.000000 0.017996579 0.000047138 0.306724250 -0.029599166 -0.621407330 0.005531764 0.782908797
1702688191774575616.000000 0.017919406 0.000048071 0.306750298 -0.029371466 -0.609729767 0.006795902 0.792035818
1702688192062934016.000000 0.017828003 0.000054062 0.306775272 -0.029192340 -0.604448617 0.007344366 0.796075225
1702688192315282432.000000 0.017745167 0.000062555 0.306799054 -0.028616566 -0.593682408 0.004529473 0.804177642
1702688192606889472.000000 0.017657682 0.000063854 0.306838363 -0.029965138 -0.582322657 0.005395113 0.812387407
1702688192901882624.000000 0.017568320 0.000069575 0.306875259 -0.030547095 -0.576061487 0.004728972 0.816821694
1702688193188095744.000000 0.017474651 0.000076437 0.306898504 -0.030975537 -0.586298883 0.002980756 0.809496939
1702688193482086912.000000 0.017386153 0.000079050 0.306927294 -0.030577863 -0.586920321 0.002981478 0.809061587
1702688193811842560.000000 0.017289698 0.000080029 0.306973606 -0.029771347 -0.574176073 0.004778968 0.818176508
1702688194108810496.000000 0.017199486 0.000085934 0.307005316 -0.029327014 -0.563876152 0.004144577 0.825328052
1702688194397277696.000000 0.017113000 0.000090365 0.307042569 -0.029137550 -0.563637376 0.003438717 0.825501144
1702688194727857152.000000 0.017011315 0.000098092 0.307083488 -0.029261455 -0.560112476 0.003721125 0.827891290
1702688195104681472.000000 0.016900778 0.000105013 0.307127595 -0.028561488 -0.560900331 0.004354964 0.827379107
1702688195436059136.000000 0.016801000 0.000106756 0.307170272 -0.027648760 -0.553034663 0.004850004 0.832685232
1702688195769635840.000000 0.016700163 0.000109717 0.307209224 -0.027877916 -0.547507226 0.003084058 0.836330831
1702688196102466304.000000 0.016609907 0.000107753 0.307260692 -0.028721863 -0.543551743 0.001277272 0.838883162
1702688196436167680.000000 0.016508281 0.000116513 0.307300508 -0.028123591 -0.531037748 0.002064889 0.846878827
1702688196769356032.000000 0.016415611 0.000119299 0.307355106 -0.027402703 -0.519971788 0.002066873 0.853741288
1702688197104158976.000000 0.016321570 0.000127110 0.307408005 -0.028807148 -0.506199419 0.000401262 0.861935139
1702688197437030656.000000 0.016232729 0.000132134 0.307465851 -0.029385014 -0.494214118 -0.000298791 0.868843377
1702688197852490240.000000 0.016124740 0.000133398 0.307548404 -0.029237356 -0.476108730 -0.001194925 0.878899455
1702688198201086464.000000 0.016041547 0.000141818 0.307611823 -0.029274942 -0.461046934 -0.000295213 0.886892736
1702688198517964032.000000 0.015953250 0.000148888 0.307678252 -0.029876301 -0.445387065 -0.002404305 0.894836307
1702688198809097216.000000 0.015882045 0.000148865 0.307736754 -0.028735461 -0.432470918 -0.002181424 0.901187241
1702688199102700288.000000 0.015810266 0.000152061 0.307745278 -0.029067073 -0.422126949 -0.000705513 0.906070352
1702688199353220352.000000 0.015763633 0.000156883 0.307819605 -0.029059891 -0.419299543 -0.000665293 0.907382488
1702688199517095680.000000 0.015731633 0.000157143 0.307867318 -0.029229194 -0.418936789 -0.000248849 0.907544792
1702688199726180608.000000 0.015686810 0.000166040 0.307928175 -0.028712990 -0.417293072 -0.000509512 0.908318162
1702688199933295872.000000 0.015636243 0.000168080 0.307973415 -0.027989503 -0.416661829 -0.000339108 0.908630550
1702688200183932416.000000 0.015579715 0.000166907 0.308003098 -0.028642867 -0.416642696 -0.000943351 0.908618510
1702688200353221632.000000 0.015533715 0.000169265 0.308025032 -0.028763819 -0.415896535 -0.001041819 0.908956349
1702688200557782272.000000 0.015477940 0.000174966 0.308059514 -0.028805494 -0.416084021 -0.000966019 0.908869267
1702688200765596160.000000 0.015422702 0.000165971 0.308072656 -0.029459152 -0.417527586 -0.000918171 0.908186138
1702688200972126464.000000 0.015372202 0.000167497 0.308102578 -0.029422915 -0.416607827 -0.001553402 0.908608735
1702688201139844352.000000 0.015329793 0.000170731 0.308144808 -0.030267814 -0.431158215 -0.001059790 0.901767969
1702688201349103616.000000 0.015282243 0.000171867 0.308177829 -0.031351618 -0.437100977 -0.001385483 0.898864806
1702688201561335040.000000 0.015226424 0.000181703 0.308218181 -0.030803740 -0.439474553 -0.002033580 0.897724390
1702688201812285952.000000 0.015164398 0.000184658 0.308263868 -0.031410616 -0.436700076 -0.003029543 0.899053514
1702688202304698368.000000 0.015029535 0.000197868 0.308350593 -0.031603649 -0.443699986 -0.003086716 0.895612657
1702688202564944384.000000 0.014969453 0.000182621 0.308389246 -0.033474643 -0.445049971 -0.003793208 0.894871831
1702688202808984064.000000 0.014913507 0.000199805 0.308450669 -0.031513870 -0.444132984 -0.003351088 0.895400226
1702688203055158272.000000 0.014839359 0.000200897 0.308485240 -0.031886388 -0.434752464 -0.004870512 0.899972141
1702688203307215872.000000 0.014781095 0.000200501 0.308531314 -0.031895246 -0.429899991 -0.005038117 0.902298927
1702688203554644736.000000 0.014722593 0.000206425 0.308584660 -0.031133594 -0.416105211 -0.003845611 0.908775270
1702688203765538048.000000 0.014683045 0.000199239 0.308616459 -0.030770250 -0.397622675 -0.005243830 0.917017937
1702688204010977024.000000 0.014627799 0.000196673 0.308665067 -0.031380754 -0.386089236 -0.005793095 0.921909332
1702688204221483008.000000 0.014582478 0.000197318 0.308711350 -0.031688295 -0.375039011 -0.006283095 0.926446021
1702688204718520320.000000 0.014491320 0.000211054 0.308833629 -0.031179693 -0.350629508 -0.007734030 0.935963094
1702688204968915712.000000 0.014444895 0.000219267 0.308892101 -0.029823029 -0.336053848 -0.006912529 0.941345096
1702688205230297088.000000 0.014399685 0.000220204 0.308955282 -0.030249558 -0.319652498 -0.008337369 0.947015166
1702688205512762880.000000 0.014357843 0.000219612 0.309021711 -0.030705880 -0.302250475 -0.009107429 0.952690363
1702688205760909312.000000 0.014318215 0.000226518 0.309081107 -0.031182859 -0.282839566 -0.009793920 0.958610237
1702688206053707008.000000 0.014284670 0.000223821 0.309159398 -0.031647537 -0.254818052 -0.012208618 0.966393888
1702688206347591936.000000 0.014243862 0.000223108 0.309231371 -0.030506205 -0.225998878 -0.012987385 0.973563194
1702688206635316736.000000 0.014225039 0.000233361 0.309316486 -0.030153448 -0.199786827 -0.012926756 0.979290009
1702688206929320448.000000 0.014193775 0.000240417 0.309404552 -0.030494960 -0.170662284 -0.014606532 0.984749258
1702688207217567232.000000 0.014184502 0.000230156 0.309469819 -0.030363845 -0.142826334 -0.018515531 0.989108622
1702688207524470528.000000 0.014152564 0.000230740 0.309529126 -0.031670641 -0.117304198 -0.018616633 0.992416322
1702688207842466816.000000 0.014157355 0.000239434 0.309631467 -0.030858643 -0.090115331 -0.019635584 0.995259464
1702688208093335808.000000 0.014142396 0.000240774 0.309705079 -0.031543348 -0.073736340 -0.018847894 0.996600568
1702688208344605184.000000 0.014140849 0.000253002 0.309776783 -0.028205262 -0.060915712 -0.020068413 0.997542500
1702688208554110208.000000 0.014131742 0.000258375 0.309842885 -0.028073354 -0.054624777 -0.019994207 0.997911990
1702688208805665536.000000 0.014137845 0.000256480 0.309895575 -0.030248793 -0.053135227 -0.017723724 0.997971714
1702688209216115200.000000 0.014131312 0.000269780 0.310021371 -0.032897819 -0.060655601 -0.013009877 0.997531652
1702688209382207744.000000 0.014122275 0.000271165 0.310077608 -0.035801951 -0.063159727 -0.011854251 0.997290611
1702688209552491264.000000 0.014127176 0.000272653 0.310108751 -0.036586292 -0.063219160 -0.012181971 0.997254431
1702688210008156928.000000 0.014085759 0.000282481 0.310240626 -0.034767121 -0.076410800 -0.024418937 0.996170878
1702688210215263488.000000 0.014066711 0.000282940 0.310293853 -0.035056558 -0.091507122 -0.027241414 0.994814277
1702688210465261568.000000 0.014052844 0.000286638 0.310357690 -0.029169373 -0.112062931 -0.024798632 0.992963314
1702688210716919808.000000 0.014036744 0.000288516 0.310417295 -0.020404197 -0.128081650 -0.021096235 0.991329253
1702688211213455104.000000 0.014024693 0.000288306 0.310531735 -0.021678513 -0.097795084 -0.022638850 0.994712889
1702688211463964928.000000 0.014017046 0.000288323 0.310594827 -0.023241531 -0.085066535 -0.024123736 0.995812058
1702688211796598016.000000 0.014009438 0.000294945 0.310693771 -0.022788625 -0.065255485 -0.025512096 0.997282088
1702688212052156416.000000 0.013998407 0.000294085 0.310765922 -0.022418693 -0.051915023 -0.025631433 0.998070836
1702688212629299200.000000 0.014005792 0.000303632 0.310919464 -0.024473744 -0.022935810 -0.023663374 0.999157190
1702688212963274240.000000 0.014001871 0.000307505 0.311013788 -0.027665460 -0.004215777 -0.026509486 0.999256790
1702688213257724416.000000 0.014008924 0.000314461 0.311096966 -0.029466724 0.010370787 -0.027131924 0.999143660
1702688213508032512.000000 0.014013779 0.000318847 0.311166108 -0.029387165 0.023543837 -0.026434474 0.998941064
1702688214128657920.000000 0.014027007 0.000322573 0.311343998 -0.029903674 0.060070843 -0.029169850 0.997319579
1702688214424846336.000000 0.014042139 0.000323066 0.311417371 -0.029892465 0.073158473 -0.029768463 0.996427715
1702688214678100224.000000 0.014058145 0.000331891 0.311483771 -0.027640443 0.085576363 -0.029699765 0.995505214
1702688215254939648.000000 0.014094711 0.000341596 0.311641306 -0.025841763 0.111057401 -0.029584447 0.993037403
1702688216167394816.000000 0.014133607 0.000352182 0.311896354 -0.025888650 0.082190499 -0.029772835 0.995835364
1702688216458909952.000000 0.014143386 0.000359856 0.311976582 -0.026956329 0.068183273 -0.027861375 0.996919334
1702688216753650176.000000 0.014150405 0.000360889 0.312054157 -0.025902798 0.057408102 -0.027854264 0.997625947
1702688217044773632.000000 0.014159192 0.000367293 0.312134176 -0.025772825 0.050974533 -0.027074324 0.998000205
1702688217333448192.000000 0.014166166 0.000370508 0.312213182 -0.027652197 0.052310735 -0.027734028 0.997862637
1702688217627594752.000000 0.014181602 0.000373565 0.312292665 -0.028131124 0.058805782 -0.028271578 0.997472405
1702688217915682560.000000 0.014187944 0.000376695 0.312371194 -0.027339362 0.068029687 -0.028195063 0.996910036
1702688218505681408.000000 0.014209014 0.000383251 0.312529951 -0.027451888 0.067865223 -0.027929436 0.996925592
1702688218832949504.000000 0.014226110 0.000391880 0.312622070 -0.027596248 0.070883453 -0.029055269 0.996679366
1702688219126700288.000000 0.014236440 0.000396324 0.312700182 -0.027693173 0.073046684 -0.029868495 0.996496439
1702688219414684672.000000 0.014245108 0.000400503 0.312781423 -0.027148798 0.075088345 -0.029110065 0.996382117
1702688219751873280.000000 0.014260562 0.000402801 0.312869310 -0.026215473 0.084470421 -0.029070297 0.995656788
1702688220081994752.000000 0.014283411 0.000409578 0.312963367 -0.026246205 0.091211922 -0.028739728 0.995070636
1702688220413036032.000000 0.014298664 0.000414468 0.313054264 -0.026643850 0.095896900 -0.028834695 0.994616747
1702688220750591488.000000 0.014321653 0.000415669 0.313144624 -0.026872836 0.102173783 -0.028729681 0.993988454
1702688221461582336.000000 0.014370536 0.000426096 0.313333124 -0.025079401 0.132476851 -0.029002054 0.990444243
1702688221747570176.000000 0.014392030 0.000427346 0.313407123 -0.024209319 0.139637321 -0.029262187 0.989474118
1702688222081618176.000000 0.014426239 0.000431828 0.313495219 -0.023931844 0.153000355 -0.030289685 0.987471879
1702688222412844288.000000 0.014453176 0.000435276 0.313582093 -0.023480179 0.160038069 -0.030535098 0.986359000
1702688222749086464.000000 0.014484909 0.000438547 0.313666224 -0.021742376 0.160102382 -0.030186722 0.986399114
1702688223123359232.000000 0.014517129 0.000442529 0.313765138 -0.022170946 0.155704409 -0.030675471 0.987078309
1702688223499275008.000000 0.014545254 0.000446999 0.313864052 -0.023413682 0.145922840 -0.029753871 0.988571227
1702688223872582912.000000 0.014574712 0.000450464 0.313964218 -0.022949364 0.134753853 -0.029616382 0.990170479
1702688224286411264.000000 0.014597945 0.000453188 0.314056605 -0.023373106 0.120963976 -0.028929751 0.991959929
1702688224660736000.000000 0.014605187 0.000455190 0.314127713 -0.024951933 0.116830640 -0.028618483 0.992425859
1702688225118273024.000000 0.014643019 0.000461120 0.314244807 -0.024597481 0.136646599 -0.029359510 0.989879131
1702688225535191808.000000 0.014678160 0.000465479 0.314352095 -0.024304997 0.146475643 -0.029733760 0.988468528
1702688225952118528.000000 0.014718262 0.000469261 0.314459562 -0.024730785 0.159311190 -0.029809700 0.986468315
1702688226368670208.000000 0.014757412 0.000474746 0.314561218 -0.024833323 0.170959696 -0.030856170 0.984481633
1702688226829157376.000000 0.014804595 0.000477504 0.314673543 -0.023626925 0.187614694 -0.030010691 0.981499791
1702688227241759744.000000 0.014847716 0.000481212 0.314776331 -0.023254184 0.191228718 -0.030548081 0.980794430
1702688227661374976.000000 0.014896624 0.000485659 0.314883322 -0.022534510 0.201457798 -0.030935666 0.978749156
1702688228075241728.000000 0.014937008 0.000489208 0.314987391 -0.022280836 0.188553214 -0.030318461 0.981341958
1702688228493070080.000000 0.014984888 0.000490236 0.315088451 -0.022438519 0.206612527 -0.031219970 0.977667153
1702688228907167744.000000 0.015035767 0.000490472 0.315187961 -0.020488525 0.229578495 -0.031667795 0.972559035
1702688229238532352.000000 0.015085534 0.000493275 0.315258890 -0.019828131 0.241448492 -0.032783452 0.969657063
1702688229614859008.000000 0.015138151 0.000494625 0.315346062 -0.018829156 0.254335612 -0.031739321 0.966411650
1702688230031160320.000000 0.015192980 0.000493876 0.315446854 -0.018268660 0.262376070 -0.031207807 0.964287877
1702688230405149952.000000 0.015246323 0.000493737 0.315535218 -0.018511839 0.275414079 -0.031094911 0.960644305
1702688230824258816.000000 0.015303505 0.000495797 0.315632015 -0.020544138 0.269114465 -0.031887818 0.962360919
1702688231199276032.000000 0.015350447 0.000496687 0.315725863 -0.021653384 0.250298262 -0.031707831 0.967407107
1702688231614550784.000000 0.015394671 0.000504442 0.315829009 -0.021848716 0.228539407 -0.030966995 0.972796738
1702688231986952192.000000 0.015438721 0.000507025 0.315923154 -0.023834921 0.208635658 -0.029655203 0.977253079
1702688232363601920.000000 0.015470834 0.000511043 0.316018224 -0.024869744 0.188126162 -0.029817026 0.981377065
1702688232778873344.000000 0.015505029 0.000516495 0.316125661 -0.024928231 0.167147189 -0.027727077 0.985226691
1702688233194522880.000000 0.015531803 0.000521290 0.316234469 -0.025546387 0.149936318 -0.027840631 0.987973392
1702688233570001920.000000 0.015561485 0.000526661 0.316333443 -0.025159931 0.132366136 -0.026425328 0.990529120
1702688233985103104.000000 0.015582709 0.000532568 0.316443861 -0.026044616 0.113935560 -0.026261993 0.992799461
1702688234448661504.000000 0.015604448 0.000538233 0.316570282 -0.027839748 0.101580419 -0.026030341 0.994096994
1702688234859760640.000000 0.015625376 0.000542674 0.316677868 -0.028067851 0.094630852 -0.025898594 0.994779646
1702688235276866816.000000 0.015643932 0.000545651 0.316787422 -0.028675517 0.090869233 -0.027087517 0.995081306
1702688235698872320.000000 0.015655488 0.000552453 0.316898137 -0.029343775 0.075962581 -0.025822390 0.996344268
1702688236152121344.000000 0.015674360 0.000556167 0.317020267 -0.028857276 0.067890480 -0.026062861 0.996934772
1702688236692833024.000000 0.015696337 0.000561046 0.317161828 -0.028917462 0.076987684 -0.025436386 0.996288002
1702688237235167744.000000 0.015725322 0.000567998 0.317300439 -0.029721834 0.092095666 -0.027856492 0.994916558
1702688237651001856.000000 0.015752506 0.000571682 0.317412704 -0.031574637 0.107207932 -0.027884580 0.993343830
1702688238108538624.000000 0.015778329 0.000575585 0.317531765 -0.030141180 0.129030377 -0.028043322 0.990785718
1702688238567563520.000000 0.015811626 0.000584633 0.317649096 -0.028377710 0.130595729 -0.028259106 0.990626574
1702688239105998080.000000 0.015834929 0.000585857 0.317796290 -0.030268731 0.134039730 -0.028789183 0.990095139
1702688239605092096.000000 0.015882879 0.000594952 0.317919940 -0.028447364 0.137058586 -0.027837217 0.989763021
1702688240149369088.000000 0.015908062 0.000603906 0.318065226 -0.028249467 0.135132551 -0.027655376 0.990038574
1702688240775227904.000000 0.015956160 0.000608592 0.318225920 -0.028371522 0.138666704 -0.027019223 0.989563823
1702688241104655872.000000 0.015980767 0.000610963 0.318310648 -0.028525218 0.138226122 -0.027678048 0.989602864
1702688241561665280.000000 0.015997412 0.000618820 0.318431437 -0.028052937 0.138747558 -0.028069951 0.989532351
1702688241897000192.000000 0.016033309 0.000619059 0.318508863 -0.027711226 0.141681820 -0.027494449 0.989142299
1702688242229049856.000000 0.016050087 0.000622872 0.318592638 -0.027391292 0.143036053 -0.027768254 0.988948643
1702688242810931712.000000 0.016089907 0.000631464 0.318742186 -0.032747518 0.149329528 -0.029198272 0.987813652
1702688243561703168.000000 0.016163595 0.000640483 0.318907142 -0.031573616 0.138581529 -0.027772866 0.989457905
1702688244022066176.000000 0.016175186 0.000647644 0.319027990 -0.030367643 0.134037390 -0.027426384 0.990131080
1702688244477405696.000000 0.016212402 0.000654817 0.319135576 -0.029035436 0.116620272 -0.027262904 0.992377639
1702688244976760064.000000 0.016237240 0.000658761 0.319258064 -0.030066373 0.112763889 -0.026424810 0.992815256
1702688245516830720.000000 0.016258691 0.000666707 0.319385320 -0.027397502 0.109441847 -0.025999501 0.993275344
1702688245974857216.000000 0.016273333 0.000668791 0.319445670 -0.029764522 0.111986116 -0.026110176 0.992920697
