1.703784360022506237e+09 0.000000000000000000e+00 0.000000000000000000e+00 0.000000000000000000e+00 -0.000000000000000000e+00 -0.000000000000000000e+00 -0.000000000000000000e+00 1.000000000000000000e+00
1.703784360143980503e+09 -2.048890000000000097e-04 1.204539999999999956e-04 6.783118000000000307e-03 3.473290000000000080e-04 4.749460000000000162e-04 -2.784420000000000016e-04 9.999998209999999554e-01
1.703784360186384916e+09 -1.375980000000000063e-04 4.020799999999999857e-05 8.677831000000000433e-03 3.319320000000000061e-04 1.929930000000000003e-04 -4.671979999999999948e-04 9.999998209999999554e-01
1.703784360270563841e+09 -3.436080000000000211e-04 -8.934699999999999684e-05 1.287491200000000051e-02 1.213452000000000064e-03 -6.925870000000000420e-04 -6.057630000000000479e-04 9.999988680000000407e-01
1.703784360351946354e+09 -1.008729999999999946e-04 1.205539999999999981e-04 1.717055600000000001e-02 1.621031999999999898e-03 -1.565388000000000022e-03 -6.713739999999999725e-04 9.999972580000000555e-01
1.703784360561715364e+09 -7.603139999999999985e-04 6.012999999999999858e-06 2.785832099999999839e-02 1.075084000000000022e-03 -1.278398000000000034e-03 -1.419097000000000023e-03 9.999976160000000336e-01
1.703784360686978579e+09 -7.856500000000000419e-04 -8.497000000000000131e-06 3.410449599999999803e-02 1.420632000000000015e-03 -1.713813999999999919e-03 -1.712872000000000049e-03 9.999960660000000168e-01
1.703784360850561142e+09 -8.677710000000000371e-04 -8.857200000000000511e-05 4.240768000000000315e-02 1.473336000000000003e-03 -1.872586000000000086e-03 -1.405903000000000014e-03 9.999961849999999819e-01
1.703784361018845081e+09 -5.997770000000000141e-04 8.861999999999999178e-06 5.088948100000000030e-02 2.384484999999999990e-03 -2.360497000000000029e-03 -1.349071999999999988e-03 9.999935030000000058e-01
1.703784362392147779e+09 -1.989322999999999873e-03 -3.235380000000000048e-04 1.199382620000000038e-01 2.264121999999999923e-03 -7.449166999999999594e-03 -1.000751999999999935e-03 9.999691840000000109e-01
1.703784362601727962e+09 -1.450469999999999928e-03 -7.315239999999999980e-04 1.303754149999999945e-01 2.529972000000000124e-03 -9.162322000000000521e-03 -1.113620999999999969e-03 9.999542240000000026e-01
1.703784362810883999e+09 -1.916376999999999924e-03 -4.875020000000000091e-04 1.409813169999999949e-01 2.978845999999999838e-03 -8.398671999999999388e-03 -5.931769999999999621e-04 9.999601240000000058e-01
1.703784363016303778e+09 -2.296054999999999971e-03 -4.898300000000000180e-04 1.519819799999999888e-01 2.260605000000000166e-03 -8.489231999999999334e-03 3.671470000000000137e-04 9.999613760000000129e-01
1.703784363355322599e+09 -2.693474999999999862e-03 -2.857170000000000022e-04 1.690289080000000055e-01 2.347122000000000097e-03 -8.302043999999999743e-03 -4.770609999999999781e-04 9.999626870000000167e-01
1.703784364015180588e+09 -3.608880000000000074e-03 -4.529550000000000026e-04 2.025426479999999918e-01 3.085170999999999834e-03 -8.517162999999999470e-03 -7.298969999999999677e-04 9.999586940000000368e-01
1.703784364266571760e+09 -3.513594999999999999e-03 -8.246809999999999601e-04 2.148321719999999879e-01 3.831962999999999862e-03 -8.004868000000000053e-03 -1.019712000000000092e-03 9.999601240000000058e-01
1.703784364474502563e+09 -3.796836999999999955e-03 -9.282659999999999653e-04 2.253488750000000040e-01 2.890531000000000003e-03 -7.495312999999999976e-03 -1.536480000000000007e-03 9.999665620000000033e-01
1.703784364764843941e+09 -3.669181999999999999e-03 -1.148317999999999952e-03 2.399192749999999874e-01 3.044222999999999981e-03 -1.140735000000000013e-02 5.225999999999999600e-06 9.999303219999999826e-01
1.703784365266117573e+09 -4.757227000000000157e-03 -1.194037000000000006e-03 2.643311320000000242e-01 2.940630999999999974e-03 -1.571722000000000050e-02 1.678949999999999909e-04 9.998721480000000161e-01
1.703784365515815020e+09 -5.509052000000000393e-03 -1.434830000000000003e-03 2.776234750000000084e-01 3.176121999999999973e-03 -1.387824200000000070e-02 -4.924369999999999746e-04 9.998985529999999677e-01
1.703784365764976501e+09 -6.177779999999999903e-03 -7.943470000000000435e-04 2.906089130000000242e-01 2.216576000000000050e-03 -1.531455600000000000e-02 -1.927700000000000127e-04 9.998802540000000239e-01
1.703784366014055729e+09 -6.219287000000000426e-03 -9.997230000000001046e-04 3.033220469999999835e-01 5.620399999999999788e-04 -1.841892700000000160e-02 2.163799999999999849e-05 9.998302460000000336e-01
1.703784368095262766e+09 -1.111044199999999989e-02 -1.224861000000000049e-03 4.084965289999999971e-01 -7.673839999999999698e-04 -2.053207699999999927e-02 -1.430896000000000078e-03 9.997878669999999968e-01
1.703784368389129400e+09 -1.195750999999999932e-02 -1.136686000000000033e-03 4.234757719999999726e-01 -1.110370999999999971e-03 -2.398297900000000149e-02 -1.193981999999999899e-03 9.997110369999999691e-01
1.703784368680567265e+09 -1.268082100000000011e-02 -1.347644000000000055e-03 4.377846719999999858e-01 7.285529999999999480e-04 -2.632041499999999978e-02 1.923940000000000014e-04 9.996532799999999774e-01
1.703784369013339281e+09 -1.334322200000000007e-02 -1.184715000000000030e-03 4.547147750000000155e-01 8.695470000000000282e-04 -2.269841400000000009e-02 1.036952000000000056e-03 9.997414350000000116e-01
1.703784369430809259e+09 -1.393866700000000007e-02 -1.422497999999999905e-03 4.757565260000000129e-01 -1.095110000000000023e-04 -1.615338399999999980e-02 6.929840000000000045e-04 9.998692869999999955e-01
1.703784370220431089e+09 -1.535250600000000014e-02 -1.866943000000000031e-03 5.148434640000000284e-01 2.325453999999999802e-03 -2.043945299999999979e-02 1.230067000000000053e-03 9.997876289999999555e-01
1.703784370635532618e+09 -1.699874900000000050e-02 -1.996392000000000045e-03 5.354936120000000077e-01 3.401377000000000133e-03 -2.695685800000000021e-02 1.125663999999999961e-03 9.996302129999999897e-01
1.703784371052886963e+09 -1.772964399999999927e-02 -2.204396999999999867e-03 5.565929410000000077e-01 3.396891999999999880e-03 -2.140066399999999980e-02 1.243467000000000053e-03 9.997644420000000309e-01
1.703784371468635798e+09 -1.825877799999999981e-02 -2.367910999999999887e-03 5.770635010000000342e-01 4.900016000000000094e-03 -8.284220000000000125e-03 -1.281234000000000019e-03 9.999529120000000271e-01
1.703784371844620228e+09 -1.959407100000000110e-02 -2.613041999999999882e-03 5.924489499999999742e-01 5.305073999999999901e-03 -2.700873700000000141e-02 -3.913699999999999883e-04 9.996210340000000194e-01
1.703784372262601376e+09 -2.213389400000000118e-02 -2.958020000000000007e-03 6.136102079999999903e-01 5.963768000000000367e-03 -4.404309800000000275e-02 -4.080320000000000127e-04 9.990117549999999458e-01
1.703784372673928261e+09 -2.463279900000000036e-02 -2.547961999999999970e-03 6.347095969999999587e-01 6.145524999999999773e-03 -5.313325700000000318e-02 -6.213839999999999988e-04 9.985683560000000458e-01
1.703784373551745176e+09 -3.034192499999999876e-02 -2.797350000000000097e-03 6.790592669999999664e-01 2.014315000000000029e-03 -6.242884299999999775e-02 5.896459999999999852e-04 9.980472329999999781e-01
1.703784374008302450e+09 -3.249448900000000140e-02 -2.593097999999999844e-03 7.024821639999999645e-01 -4.218070000000000088e-04 -5.389093999999999829e-02 1.624718000000000039e-03 9.985454679999999916e-01
1.703784374506701708e+09 -3.494814799999999833e-02 -2.489360999999999831e-03 7.274785639999999942e-01 3.163899999999999981e-05 -4.658113800000000110e-02 -2.663969999999999771e-04 9.989144800000000490e-01
1.703784374924986124e+09 -3.573395699999999675e-02 -2.550357999999999965e-03 7.484304899999999483e-01 1.122179999999999966e-03 -3.212371099999999924e-02 4.777660000000000197e-04 9.994831680000000329e-01
1.703784375382414818e+09 -3.646265299999999765e-02 -2.500677000000000195e-03 7.713412050000000297e-01 9.376109999999999783e-04 -2.081756699999999863e-02 6.195499999999999890e-05 9.997828600000000510e-01
1.703784375795722485e+09 -3.758901700000000234e-02 -2.416854999999999871e-03 7.924807670000000304e-01 5.393210000000000495e-04 -2.355068700000000070e-02 -4.317090000000000098e-04 9.997224209999999722e-01
1.703784376257434368e+09 -3.893634700000000309e-02 -2.485991999999999803e-03 8.152117129999999490e-01 1.730930000000000045e-04 -2.013918799999999884e-02 -6.373620000000000414e-04 9.997969869999999704e-01
1.703784376795976162e+09 -3.934278699999999712e-02 -2.453458999999999848e-03 8.422057630000000517e-01 -7.195889999999999708e-04 -1.480763700000000023e-02 -1.207884999999999905e-03 9.998893739999999974e-01
1.703784377295457602e+09 -4.052701599999999904e-02 -2.218463999999999853e-03 8.675774339999999807e-01 -1.613843999999999912e-03 -1.246624500000000080e-02 -3.046843000000000034e-03 9.999163749999999684e-01
1.703784377797276497e+09 -4.133471500000000104e-02 -2.076745000000000067e-03 8.926069739999999975e-01 -7.193500000000000024e-04 -1.546698200000000065e-02 -1.133340999999999949e-03 9.998794789999999599e-01
1.703784378256806374e+09 -4.222764100000000326e-02 -2.275150999999999996e-03 9.149782060000000161e-01 -1.547788000000000028e-03 -1.788566800000000040e-02 -4.529620000000000044e-04 9.998387690000000161e-01
1.703784378794466257e+09 -4.350129900000000022e-02 -2.099957999999999859e-03 9.424400929999999788e-01 -6.241309999999999913e-04 -1.881844699999999856e-02 -5.221400000000000390e-04 9.998226169999999691e-01
1.703784379294321299e+09 -4.448998299999999684e-02 -2.153266999999999941e-03 9.674376249999999677e-01 -2.229202000000000006e-03 -2.163055399999999975e-02 -1.183047000000000005e-03 9.997628330000000174e-01
1.703784379752331257e+09 -4.495710099999999931e-02 -2.335685000000000105e-03 9.899938700000000535e-01 -8.998520000000000303e-04 -1.559081099999999956e-02 -8.073709999999999784e-04 9.998777509999999813e-01
1.703784380211081028e+09 -4.547974500000000198e-02 -2.207724999999999792e-03 1.012750744999999952e+00 -3.314050000000000025e-04 -1.482329699999999917e-02 -1.296374000000000094e-03 9.998892550000000323e-01
1.703784380836294413e+09 -4.705342299999999700e-02 -1.889250000000000087e-03 1.044089197999999996e+00 -5.551119999999999666e-04 -2.487789799999999898e-02 6.737089999999999832e-04 9.996901150000000458e-01
1.703784381375265837e+09 -4.783061899999999783e-02 -2.050033000000000150e-03 1.070010184999999892e+00 4.851270000000000191e-04 -2.522882300000000091e-02 1.052823000000000040e-03 9.996810560000000123e-01
1.703784381875211239e+09 -4.812696200000000230e-02 -2.009359000000000058e-03 1.095410584999999992e+00 -2.075950000000000072e-04 -4.354420000000000339e-03 1.372822000000000105e-03 9.999895690000000226e-01
1.703784382374651432e+09 -4.657333000000000306e-02 -2.252021999999999791e-03 1.120046615999999995e+00 1.370319000000000051e-03 2.058955300000000002e-02 9.193769999999999764e-04 9.997866749999999580e-01
1.703784383417652130e+09 -3.916183899999999690e-02 -2.748869000000000139e-03 1.171383858000000000e+00 2.636948000000000070e-03 6.649610400000000032e-02 -2.388699999999999949e-04 9.977831839999999897e-01
1.703784383959237337e+09 -3.506310700000000308e-02 -2.532983999999999843e-03 1.198682188999999898e+00 2.156897000000000068e-03 7.816172400000000187e-02 5.282200000000000350e-04 9.969382289999999536e-01
1.703784384497340202e+09 -3.092169800000000093e-02 -2.597313999999999873e-03 1.225452661999999915e+00 1.414179000000000000e-03 7.405804800000000132e-02 2.299830000000000103e-04 9.972529409999999483e-01
1.703784385081846237e+09 -2.751759999999999970e-02 -1.757728999999999975e-03 1.254936695000000046e+00 8.547690000000000149e-04 7.053962299999999574e-02 2.891629999999999960e-04 9.975085849999999477e-01
1.703784385710191727e+09 -2.303511999999999921e-02 -2.205630999999999998e-03 1.284808278000000081e+00 4.002308999999999901e-03 6.487717499999999526e-02 4.543530000000000051e-04 9.978851680000000446e-01
1.703784386996548891e+09 -1.471918399999999974e-02 -2.375752000000000072e-03 1.349396585999999898e+00 3.164075000000000134e-03 6.174839299999999864e-02 -5.936539999999999916e-04 9.980865719999999497e-01
1.703784387580102921e+09 -1.152336999999999979e-02 -2.857193999999999966e-03 1.378151058999999901e+00 2.964155999999999909e-03 6.070735299999999862e-02 -5.806249999999999779e-04 9.981510639999999768e-01
1.703784388286670685e+09 -7.657330999999999860e-03 -2.268304000000000067e-03 1.413473368000000008e+00 4.148594000000000240e-03 6.080500800000000067e-02 -3.587059999999999771e-04 9.981409909999999774e-01
1.703784388952829599e+09 -1.675101999999999928e-03 -2.759764999999999961e-03 1.445560694000000090e+00 2.077945999999999786e-03 6.411006299999999491e-02 1.634530000000000087e-04 9.979406600000000349e-01
1.703784389577840567e+09 -3.168110000000000132e-04 -2.822438000000000030e-03 1.476266622999999889e+00 4.667733000000000299e-03 3.748413500000000176e-02 1.194118000000000089e-03 9.992856380000000316e-01
1.703784390204364777e+09 1.552556999999999982e-03 -2.804638999999999830e-03 1.508016706000000040e+00 1.965615999999999891e-03 2.796433499999999989e-02 8.775869999999999851e-04 9.996066089999999793e-01
1.703784390827451468e+09 4.661885999999999634e-03 -2.706855000000000198e-03 1.538842440000000034e+00 3.194218999999999878e-03 4.740635299999999830e-02 -2.028979999999999944e-04 9.988706109999999638e-01
1.703784391372972488e+09 7.196540999999999876e-03 -2.858386999999999994e-03 1.566563487000000032e+00 1.281297999999999942e-03 4.714212899999999790e-02 -3.832770000000000100e-04 9.988873000000000335e-01
1.703784391950787783e+09 1.061527200000000025e-02 -3.085071999999999901e-03 1.595564127000000054e+00 2.748717999999999821e-03 4.626288600000000306e-02 -2.476339999999999943e-04 9.989255070000000458e-01
1.703784392490577459e+09 1.322419600000000056e-02 -3.273837999999999835e-03 1.622725009999999912e+00 2.522211999999999805e-03 5.109083300000000216e-02 -5.430850000000000087e-04 9.986906650000000329e-01
1.703784393074846506e+09 1.617728400000000011e-02 -3.758477000000000085e-03 1.650825619999999994e+00 5.148902999999999813e-03 4.755554699999999663e-02 4.727420000000000081e-04 9.988552330000000090e-01
1.703784393823554993e+09 2.026586199999999907e-02 -3.568214000000000108e-03 1.688514113000000094e+00 5.509545999999999714e-03 4.973659300000000255e-02 1.332059999999999982e-04 9.987471700000000174e-01
1.703784394407306671e+09 2.360486800000000107e-02 -3.940128000000000207e-03 1.717845797999999924e+00 3.941229000000000086e-03 5.848574299999999976e-02 1.012220000000000009e-04 9.982804659999999775e-01
1.703784395034668684e+09 2.716548200000000121e-02 -4.285774000000000007e-03 1.748866438999999939e+00 2.110596000000000173e-03 6.387686700000000384e-02 -3.370100000000000005e-04 9.979555009999999671e-01
1.703784395698546410e+09 3.298870799999999853e-02 -4.343340999999999695e-03 1.781979441999999914e+00 3.572196000000000139e-03 7.907766099999999354e-02 -4.530119999999999785e-04 9.968619349999999768e-01
1.703784396195850849e+09 3.796047000000000310e-02 -4.512376999999999708e-03 1.806804419000000106e+00 2.573627000000000206e-03 8.989520400000000633e-02 -4.226100000000000077e-05 9.959479570000000503e-01
1.703784396659854412e+09 4.217430600000000168e-02 -4.415032000000000158e-03 1.828852056999999975e+00 2.971558999999999919e-03 9.634066400000000641e-02 -1.723462999999999948e-03 9.953424929999999948e-01
1.703784397199156046e+09 4.715505999999999864e-02 -4.732792999999999896e-03 1.855361580999999926e+00 2.645007999999999908e-03 9.362411499999999387e-02 -1.147702000000000010e-03 9.956035020000000291e-01
1.703784397652920246e+09 5.042631599999999881e-02 -5.328265999999999905e-03 1.877443313999999974e+00 4.947408999999999835e-03 8.383534099999999378e-02 -1.143221000000000038e-03 9.964666960000000406e-01
1.703784398073332787e+09 5.268078699999999975e-02 -5.482902999999999909e-03 1.897798657000000055e+00 5.105601999999999883e-03 6.626575399999999616e-02 -1.430258999999999914e-03 9.977879520000000335e-01
1.703784398487349987e+09 5.405295599999999923e-02 -5.567268000000000217e-03 1.918923259000000048e+00 3.734037999999999854e-03 4.867290299999999653e-02 -1.833966000000000025e-03 9.988061190000000478e-01
1.703784398908652782e+09 5.493624899999999950e-02 -5.149855000000000058e-03 1.940013170000000065e+00 3.087200999999999921e-03 3.070338400000000023e-02 -2.292816999999999945e-03 9.995211360000000322e-01
1.703784399489665270e+09 5.424308399999999697e-02 -5.096001999999999650e-03 1.969363927999999930e+00 8.748119999999999855e-04 4.302120999999999897e-03 -2.205963999999999928e-03 9.999879600000000091e-01
1.703784400028630495e+09 5.285066399999999859e-02 -5.380552999999999725e-03 1.996303439000000068e+00 1.524780000000000102e-03 -2.057308500000000137e-02 -1.617736999999999951e-03 9.997859000000000052e-01
1.703784400485846519e+09 5.098772800000000299e-02 -5.260497999999999737e-03 2.019505978000000201e+00 9.563299999999999731e-05 -2.899267900000000037e-02 -1.734616000000000022e-03 9.995781179999999599e-01
1.703784400860960007e+09 4.988006899999999910e-02 -4.996592000000000221e-03 2.038216352000000064e+00 6.590899999999999526e-05 -2.778392099999999962e-02 -2.011946000000000134e-03 9.996119140000000458e-01
1.703784401278390169e+09 4.846206699999999756e-02 -5.086181999999999856e-03 2.059021949999999990e+00 -1.050418000000000011e-03 -2.838456799999999891e-02 -2.998118000000000137e-03 9.995920659999999458e-01
1.703784401693272352e+09 4.722259599999999863e-02 -5.308638000000000072e-03 2.079072474999999809e+00 1.829260000000000033e-04 -2.657625300000000107e-02 -2.883688000000000137e-03 9.996426109999999587e-01
1.703784402150418282e+09 4.566259300000000132e-02 -5.370853000000000085e-03 2.101615191000000049e+00 3.696160000000000201e-04 -3.111611099999999838e-02 -1.539058999999999957e-03 9.995145199999999619e-01
1.703784402573812485e+09 4.428668699999999819e-02 -5.556582000000000014e-03 2.122103452999999806e+00 1.986022999999999955e-03 -3.604112899999999814e-02 -2.503145999999999930e-03 9.993452430000000497e-01
1.703784403064225197e+09 4.292010899999999796e-02 -5.207317999999999843e-03 2.147281408000000003e+00 -1.315172000000000086e-03 -2.468538500000000066e-02 -1.794407000000000033e-03 9.996927979999999936e-01
1.703784403526436090e+09 4.136128000000000027e-02 -5.134421999999999597e-03 2.169422625999999799e+00 -1.811209999999999893e-04 -2.462758500000000045e-02 -2.021431000000000183e-03 9.996946450000000484e-01
1.703784404108601332e+09 4.018251199999999662e-02 -4.838943000000000064e-03 2.198690652999999884e+00 -9.339240000000000388e-04 -2.764762600000000153e-02 -1.744709000000000104e-03 9.996157879999999496e-01
1.703784404607984781e+09 3.876842199999999683e-02 -5.371563999999999679e-03 2.222637414999999894e+00 1.301875999999999988e-03 -2.431421900000000150e-02 -2.558924000000000181e-03 9.997002480000000135e-01
1.703784405064265966e+09 3.790670599999999835e-02 -5.418685999999999815e-03 2.245032071999999879e+00 2.867193000000000085e-03 -2.446974600000000055e-02 -8.389439999999999962e-04 9.996961359999999575e-01
1.703784405984230518e+09 3.716024400000000200e-02 -4.948545999999999848e-03 2.291018009000000077e+00 1.756355999999999933e-03 -4.169095999999999740e-03 -6.663259999999999626e-04 9.999895690000000226e-01
1.703784406526545048e+09 3.771268600000000221e-02 -5.221832000000000036e-03 2.317778826000000070e+00 1.375717000000000042e-03 1.386913000000000035e-03 -8.411850000000000447e-04 9.999977349999999987e-01
1.703784407019968748e+09 3.830348000000000086e-02 -5.482803999999999976e-03 2.342323303000000134e+00 1.876215000000000088e-03 7.858558999999999337e-03 -7.514559999999999556e-04 9.999670980000000542e-01
1.703784407479896545e+09 3.910636499999999710e-02 -5.685398000000000361e-03 2.364473342999999783e+00 3.055931999999999919e-03 1.602518899999999871e-02 -1.504743999999999917e-03 9.998657699999999870e-01
1.703784407980407715e+09 4.022766299999999684e-02 -5.889621999999999739e-03 2.389189004999999977e+00 2.527222999999999883e-03 2.064720199999999992e-02 -1.304583000000000001e-03 9.997828010000000543e-01
1.703784408478985310e+09 4.172163799999999839e-02 -5.595267999999999596e-03 2.413651943000000077e+00 2.099797999999999942e-03 2.556938500000000003e-02 -2.027826999999999841e-03 9.996687770000000084e-01
1.703784409018130064e+09 4.260995199999999955e-02 -5.063807000000000030e-03 2.440760850999999843e+00 1.357204000000000093e-03 1.677336499999999841e-02 -2.432620999999999829e-03 9.998554589999999465e-01
1.703784409559402943e+09 4.130131799999999659e-02 -5.687931000000000237e-03 2.466400623000000181e+00 1.978823000000000214e-03 -2.118856000000000125e-03 -2.786784999999999957e-03 9.999919529999999890e-01
1.703784410059656382e+09 4.364372400000000179e-02 -5.526449999999999592e-03 2.491937636999999928e+00 1.065788000000000022e-03 2.029562899999999906e-02 -2.598371999999999835e-03 9.997900720000000296e-01
1.703784410601981878e+09 4.175433499999999659e-02 -5.252335000000000337e-03 2.507975577999999928e+00 -1.520919999999999933e-04 -1.287346399999999939e-02 -2.910018999999999800e-03 9.999129180000000394e-01
1.703784411184194565e+09 4.453720500000000332e-02 -5.059545000000000362e-03 2.530214786999999799e+00 2.783668999999999900e-03 1.374672700000000025e-02 -2.696434000000000157e-03 9.998980159999999451e-01
1.703784411724052429e+09 4.585467299999999857e-02 -5.460251999999999641e-03 2.556159973000000196e+00 2.097341999999999870e-03 3.521874199999999733e-02 -1.824298999999999929e-03 9.993757610000000291e-01
1.703784412809401035e+09 5.248983599999999805e-02 -4.395032999999999579e-03 2.609052896000000121e+00 3.113808999999999935e-03 6.921821100000000171e-02 -1.602598000000000000e-03 9.975954289999999780e-01
1.703784413389542580e+09 5.913606999999999891e-02 -5.218262000000000421e-03 2.637266873999999817e+00 2.079840999999999808e-03 9.881938199999999728e-02 -1.253835000000000019e-03 9.951024649999999916e-01
1.703784413930820465e+09 6.599552200000000091e-02 -5.392534000000000043e-03 2.663305520999999843e+00 3.603107999999999832e-03 1.174374219999999996e-01 -3.428880000000000144e-04 9.930737020000000026e-01
1.703784414474549294e+09 7.364497300000000246e-02 -5.768999000000000349e-03 2.688169718000000152e+00 5.437672000000000165e-03 1.436010450000000105e-01 -2.770435999999999819e-03 9.896168709999999535e-01
1.703784415055097342e+09 8.268725100000000328e-02 -5.899370999999999608e-03 2.716139792999999969e+00 2.719875999999999978e-03 1.552718730000000047e-01 -2.407820000000000186e-03 9.878650900000000012e-01
1.703784415599777937e+09 9.241344799999999526e-02 -5.671950999999999729e-03 2.741514443999999884e+00 1.997435000000000096e-03 1.619715090000000135e-01 -2.068603999999999929e-03 9.867912530000000348e-01
1.703784416137230635e+09 9.933249700000000570e-02 -5.877453999999999838e-03 2.766536474000000023e+00 3.210142000000000030e-03 1.529150159999999870e-01 -3.142339999999999977e-03 9.882291560000000530e-01
1.703784416636108398e+09 1.047537699999999961e-01 -5.996022999999999631e-03 2.789532660999999969e+00 2.076095999999999931e-03 1.381530310000000095e-01 -3.036019999999999951e-03 9.904040689999999980e-01
1.703784418808811665e+09 9.972959800000000263e-02 -4.601685000000000324e-03 2.874010563000000129e+00 3.370471999999999791e-03 -6.342391699999999632e-02 -3.000641000000000072e-03 9.979764819999999981e-01
1.703784419389025211e+09 9.261562700000000592e-02 -4.369073999999999701e-03 2.899980783000000173e+00 3.326847999999999871e-03 -9.966099300000000327e-02 -2.969891000000000111e-03 9.950114490000000478e-01
1.703784420390280247e+09 7.727165499999999465e-02 -4.422274999999999817e-03 2.947664499000000049e+00 6.521689999999999692e-04 -1.444295790000000024e-01 -2.485165000000000117e-03 9.895117279999999793e-01
1.703784421923438072e+09 4.595543400000000334e-02 -5.310767000000000092e-03 3.015804052000000013e+00 -1.424516000000000020e-03 -2.128874060000000012e-01 -3.933078999999999915e-03 9.770677690000000304e-01
1.703784422423672676e+09 3.440979100000000207e-02 -4.506660000000000006e-03 3.038448810999999861e+00 -4.492720000000000177e-04 -2.356065360000000053e-01 -3.777224999999999940e-03 9.718410969999999871e-01
1.703784422927109003e+09 2.139677099999999846e-02 -4.348928000000000169e-03 3.059357165999999850e+00 1.280739999999999938e-04 -2.576060589999999983e-01 -4.325856999999999793e-03 9.662403459999999722e-01
1.703784423508837461e+09 5.590111000000000038e-03 -4.321323999999999652e-03 3.083704471999999974e+00 -1.664019000000000088e-03 -2.839386760000000010e-01 -3.332916000000000004e-03 9.588351849999999787e-01
1.703784423924773455e+09 -7.218510000000000031e-03 -4.293375999999999790e-03 3.099965571999999892e+00 1.689910000000000088e-04 -3.031015100000000184e-01 -3.323199000000000205e-03 9.529524449999999813e-01
1.703784424886774063e+09 -3.818210999999999827e-02 -4.177285000000000199e-03 3.135859965999999943e+00 1.588177999999999986e-03 -3.485404249999999871e-01 -1.049697999999999951e-03 9.372918609999999484e-01
1.703784425505155563e+09 -6.056922700000000326e-02 -4.163637999999999888e-03 3.156692505000000093e+00 5.800319999999999651e-04 -3.787025509999999984e-01 -1.752382000000000028e-03 9.255166649999999606e-01
1.703784426629968643e+09 -1.044431920000000041e-01 -4.135719999999999848e-03 3.190704107000000178e+00 -1.151172000000000003e-03 -4.374364319999999862e-01 -3.155189999999999991e-03 8.992430569999999568e-01
1.703784427003627539e+09 -1.193898320000000013e-01 -4.024312999999999849e-03 3.200098038000000145e+00 -9.299440000000000397e-04 -4.586462969999999806e-01 -3.370931000000000188e-03 8.886120320000000516e-01
1.703784427423698902e+09 -1.370729209999999865e-01 -4.411932999999999827e-03 3.210078000999999848e+00 -1.998994000000000031e-03 -4.886488909999999741e-01 -3.428702999999999959e-03 8.724715109999999774e-01
1.703784427836663008e+09 -1.545041799999999910e-01 -4.144570000000000198e-03 3.218044996000000157e+00 -1.549798999999999925e-03 -5.197348590000000490e-01 -2.183448000000000160e-03 8.543235059999999548e-01
1.703784428295448065e+09 -1.751356119999999961e-01 -4.198557000000000330e-03 3.225988388000000207e+00 -2.240643000000000062e-03 -5.507472749999999806e-01 -1.723841000000000045e-03 8.346672649999999916e-01
1.703784429085088968e+09 -2.100317479999999903e-01 -3.593864000000000000e-03 3.233318328999999824e+00 -2.508863999999999973e-03 -6.092966199999999555e-01 -2.405879000000000090e-03 7.929347749999999806e-01
1.703784429419256210e+09 -2.218041420000000097e-01 -4.090222999999999602e-03 3.234601021000000021e+00 -2.959734999999999797e-03 -6.333375570000000510e-01 -3.424250000000000210e-03 7.738624219999999942e-01
1.703784429750492811e+09 -2.330315109999999967e-01 -3.754449999999999888e-03 3.234762191999999814e+00 -2.080770000000000015e-03 -6.560822130000000252e-01 -1.888434000000000033e-03 7.546842099999999665e-01
1.703784430166458607e+09 -2.447233199999999942e-01 -3.531967999999999913e-03 3.235094785999999889e+00 -2.436239000000000200e-03 -6.755325199999999697e-01 -1.800617000000000016e-03 7.373239990000000077e-01
1.703784430585487127e+09 -2.598130699999999793e-01 -3.451426000000000060e-03 3.235986710000000155e+00 -1.975953999999999818e-03 -6.832481620000000477e-01 4.955700000000000003e-05 7.301835420000000187e-01
1.703784431374845505e+09 -2.995576859999999897e-01 -2.868181999999999936e-03 3.238425015999999879e+00 -2.323314999999999842e-03 -6.778047680000000019e-01 -2.256175999999999928e-03 7.352347970000000510e-01
1.703784431791214943e+09 -3.199167250000000129e-01 -3.079506000000000084e-03 3.239921092999999974e+00 -3.566781000000000205e-03 -6.816006300000000406e-01 -2.918705000000000171e-03 7.317099569999999664e-01
1.703784432207219601e+09 -3.405427930000000103e-01 -2.648578999999999864e-03 3.239693879999999915e+00 -3.476930000000000038e-03 -6.978884939999999704e-01 -2.595778999999999882e-03 7.161932589999999710e-01
1.703784432579961538e+09 -3.589067459999999987e-01 -2.152503000000000055e-03 3.239155768999999907e+00 -2.387019000000000207e-03 -7.087169290000000510e-01 -2.103867000000000150e-03 7.054857610000000445e-01
1.703784433000730038e+09 -3.797507290000000091e-01 -1.912159999999999988e-03 3.238687753999999863e+00 -2.511769999999999975e-03 -7.076714039999999484e-01 -2.401435999999999849e-03 7.065332530000000277e-01
1.703784433789597988e+09 -4.188771250000000168e-01 -1.840077000000000075e-03 3.237631558999999992e+00 -3.741514000000000038e-03 -7.185595040000000155e-01 -3.280328999999999797e-03 6.954476830000000387e-01
1.703784434163047791e+09 -4.374115470000000117e-01 -1.499165000000000003e-03 3.236668587000000041e+00 -2.957959000000000022e-03 -7.132011059999999736e-01 -4.468815000000000114e-03 7.009389999999999787e-01
1.703784434540327311e+09 -4.557871820000000129e-01 -1.355665000000000038e-03 3.238004683999999855e+00 -3.256092999999999835e-03 -7.026669380000000187e-01 -4.201574999999999928e-03 7.114990350000000019e-01
1.703784434918705463e+09 -4.740626809999999858e-01 -1.285637999999999972e-03 3.239061356000000114e+00 -8.818950000000000530e-04 -6.906310319999999781e-01 -3.191188000000000184e-03 7.231997249999999600e-01
1.703784435373628378e+09 -4.968605039999999806e-01 -1.297472999999999942e-03 3.241279125000000150e+00 -8.329070000000000267e-04 -6.723189950000000303e-01 -3.308689000000000074e-03 7.402536870000000491e-01
1.703784435785843849e+09 -5.172810549999999896e-01 -1.440719000000000027e-03 3.245105742999999876e+00 9.125599999999999500e-05 -6.548255090000000278e-01 -2.424463999999999873e-03 7.557762860000000193e-01
1.703784436162327051e+09 -5.358417030000000025e-01 -1.122214999999999975e-03 3.248376846000000207e+00 -1.161270999999999961e-03 -6.538131830000000200e-01 -3.115070000000000165e-03 7.566486599999999729e-01
1.703784436577383995e+09 -5.560061929999999819e-01 -7.767320000000000300e-04 3.250796794999999850e+00 -3.326654999999999977e-03 -6.614903210000000477e-01 -3.172069999999999924e-03 7.499396200000000290e-01
1.703784437036401987e+09 -5.782690050000000026e-01 -6.553880000000000209e-04 3.251084328000000134e+00 -3.029078000000000152e-03 -6.809104679999999910e-01 -5.072700999999999773e-03 7.323428389999999677e-01
1.703784437494896173e+09 -6.005685330000000155e-01 -6.466170000000000468e-04 3.253436564999999892e+00 -1.904981999999999943e-03 -6.728898290000000504e-01 -3.102867999999999946e-03 7.397337560000000201e-01
1.703784437952537298e+09 -6.233808990000000438e-01 -5.120769999999999966e-04 3.256983041999999884e+00 -2.100666000000000165e-03 -6.575997470000000122e-01 -3.226628000000000048e-03 7.533576490000000181e-01
1.703784438368616819e+09 -6.440920829999999819e-01 -2.062509999999999875e-04 3.258853912000000186e+00 -2.631402000000000133e-03 -6.691506510000000407e-01 -3.760268000000000204e-03 7.431126239999999994e-01
1.703784438783453703e+09 -6.642434600000000078e-01 -2.790739999999999779e-04 3.260421276000000201e+00 -1.230952999999999908e-03 -6.697045560000000064e-01 -3.167549999999999880e-03 7.426198720000000142e-01
1.703784439242662430e+09 -6.861591339999999484e-01 -3.190310000000000021e-04 3.263835192000000163e+00 -1.557269999999999922e-03 -6.562359330000000490e-01 -3.378576999999999796e-03 7.545465829999999929e-01
1.703784439662810087e+09 -7.061723469999999780e-01 -1.113280000000000020e-04 3.267966270000000062e+00 -9.989619999999999403e-04 -6.398321390000000219e-01 -1.717353000000000022e-03 7.685121299999999600e-01
1.703784440158388376e+09 -7.301833629999999742e-01 2.866200000000000171e-04 3.273033857000000157e+00 -7.775299999999999909e-05 -6.247147920000000187e-01 -2.667445999999999966e-03 7.808483840000000065e-01
1.703784440617167950e+09 -7.519818539999999496e-01 2.702210000000000137e-04 3.279914140999999894e+00 -1.569447000000000073e-03 -6.106373069999999625e-01 -2.988922000000000193e-03 7.919031380000000064e-01
1.703784441078886032e+09 -7.731834650000000142e-01 1.302149999999999965e-03 3.287247658000000072e+00 5.414899999999999943e-05 -5.957335230000000426e-01 -3.234543999999999787e-03 8.031756279999999748e-01
1.703784441492898226e+09 -7.927538159999999445e-01 1.338641000000000006e-03 3.293963908999999912e+00 -1.226375999999999942e-03 -5.814583899999999916e-01 -4.377614999999999632e-03 8.135635260000000368e-01
1.703784441918869734e+09 -8.122360109999999800e-01 1.794510999999999936e-03 3.301128386999999886e+00 -8.157550000000000391e-04 -5.655711890000000297e-01 -3.297422999999999847e-03 8.246924879999999458e-01
1.703784442369630575e+09 -8.327049020000000246e-01 1.713726999999999959e-03 3.310133695999999848e+00 2.841589999999999741e-04 -5.499880310000000438e-01 -2.680875000000000098e-03 8.351682419999999496e-01
1.703784442739196301e+09 -8.490576739999999845e-01 2.146742000000000095e-03 3.317651987000000080e+00 2.493929999999999888e-04 -5.467901229999999613e-01 -2.157618000000000036e-03 8.372669219999999690e-01
1.703784443571642876e+09 -8.851256370000000206e-01 1.180286000000000009e-03 3.335230827000000176e+00 1.312246999999999893e-03 -5.294932719999999593e-01 -7.433150000000000347e-04 8.483128549999999768e-01
1.703784443949470997e+09 -9.020407799999999865e-01 2.098880000000000016e-03 3.343401908999999783e+00 4.213870000000000094e-04 -5.321897859999999980e-01 -6.427279999999999625e-04 8.466247319999999910e-01
1.703784444281206369e+09 -9.168936009999999470e-01 2.390138999999999892e-03 3.350146293999999969e+00 1.018795000000000074e-03 -5.360316040000000504e-01 -7.533779999999999687e-04 8.441969750000000161e-01
1.703784444695228338e+09 -9.348713760000000317e-01 2.163856999999999933e-03 3.358496903999999894e+00 -1.095400000000000063e-03 -5.413313509999999606e-01 -1.709559999999999943e-03 8.408069009999999954e-01
1.703784445028439999e+09 -9.492106439999999923e-01 2.023177000000000135e-03 3.366203307999999783e+00 -6.320330000000000522e-04 -5.246909260000000019e-01 -1.688016999999999990e-03 8.512908820000000265e-01
1.703784445361512184e+09 -9.633293149999999638e-01 2.317159000000000059e-03 3.374868155000000147e+00 -7.005069999999999526e-04 -5.124968290000000426e-01 -1.303387000000000035e-03 8.586878780000000155e-01
1.703784445694954634e+09 -9.773408169999999728e-01 2.489713000000000169e-03 3.383273125000000103e+00 -7.723089999999999946e-04 -4.990231099999999920e-01 -2.288006999999999888e-03 8.665853140000000510e-01
1.703784446111917257e+09 -9.948843720000000168e-01 2.545370999999999832e-03 3.392119883999999974e+00 1.027400000000000023e-05 -5.113201139999999922e-01 -1.874549000000000094e-03 8.593883509999999948e-01
1.703784446487306356e+09 -1.011130690999999970e+00 2.524442999999999913e-03 3.400787830000000067e+00 -1.436737999999999904e-03 -5.174178480000000135e-01 -1.891309999999999996e-03 8.557295799999999897e-01
1.703784446860434771e+09 -1.026420474000000027e+00 2.866469999999999869e-03 3.410167694000000083e+00 -3.959209999999999791e-04 -5.107746119999999612e-01 -1.997801000000000004e-03 8.597122430000000426e-01
1.703784447281284571e+09 -1.043867230000000035e+00 3.102045999999999797e-03 3.420868158000000214e+00 5.142620000000000307e-04 -4.979375899999999855e-01 -1.058389000000000075e-03 8.672120570000000361e-01
1.703784447653308630e+09 -1.059323430000000066e+00 2.963237999999999983e-03 3.430659056000000096e+00 2.007570000000000025e-04 -4.849908949999999774e-01 -1.835229000000000070e-03 8.745172620000000174e-01
1.703784448029823065e+09 -1.073548436000000050e+00 2.722524000000000038e-03 3.441777945000000116e+00 1.189023999999999897e-03 -4.648632109999999984e-01 5.064399999999999826e-05 8.853816989999999665e-01
1.703784448403543711e+09 -1.087911963000000037e+00 2.817042000000000070e-03 3.452647209000000217e+00 1.052021999999999896e-03 -4.514580069999999945e-01 2.451180000000000069e-04 8.922917249999999800e-01
1.703784448819214106e+09 -1.103081941999999982e+00 2.577293000000000032e-03 3.465533971999999796e+00 7.330429999999999542e-04 -4.328729510000000058e-01 7.578900000000000231e-05 9.014546279999999800e-01
1.703784449566861868e+09 -1.128965734999999970e+00 2.666153000000000099e-03 3.491715670000000049e+00 2.042341000000000035e-03 -3.889922499999999839e-01 2.172714000000000069e-03 9.212362170000000239e-01
1.703784449941694498e+09 -1.140679358999999948e+00 2.741061999999999839e-03 3.505939006999999830e+00 1.417889999999999992e-03 -3.549700080000000035e-01 7.672170000000000508e-04 9.348763230000000091e-01
1.703784450940934896e+09 -1.165456532999999961e+00 2.601942999999999791e-03 3.547873496999999876e+00 1.326380000000000050e-03 -2.665909830000000036e-01 -1.006699999999999967e-04 9.638088350000000304e-01
1.703784451249475956e+09 -1.171855450000000021e+00 3.094817000000000141e-03 3.560900210999999871e+00 3.764789999999999847e-04 -2.506429849999999848e-01 -9.519829999999999959e-04 9.680790310000000343e-01
1.703784451522673845e+09 -1.177815080000000014e+00 3.025501999999999792e-03 3.573624611000000062e+00 2.728396000000000120e-03 -2.440373750000000008e-01 5.721999999999999595e-06 9.697620270000000264e-01
1.703784451815537930e+09 -1.184349418000000043e+00 2.599484999999999903e-03 3.585911750999999814e+00 3.836478999999999844e-03 -2.362753300000000056e-01 -2.409439999999999889e-04 9.716785549999999994e-01
1.703784452439124107e+09 -1.197539805999999984e+00 3.288469000000000027e-03 3.615503073000000178e+00 -3.742395999999999830e-03 -2.241338039999999920e-01 3.059674999999999982e-03 9.745463730000000213e-01
1.703784452731083632e+09 -1.203099488999999966e+00 3.638235000000000080e-03 3.628936767999999979e+00 -6.102892000000000386e-03 -2.230572700000000019e-01 6.535822999999999633e-03 9.747643470000000310e-01
1.703784453024891853e+09 -1.209131001999999899e+00 3.280580999999999862e-03 3.641282320000000183e+00 -7.048859000000000201e-03 -2.187212849999999875e-01 3.670923999999999889e-03 9.757550360000000200e-01
1.703784453313257694e+09 -1.217059134999999959e+00 3.833446999999999810e-03 3.653589248999999928e+00 -4.600683999999999850e-03 -2.161776129999999907e-01 -3.165993000000000192e-03 9.763380889999999646e-01
1.703784453605953693e+09 -1.224489450000000090e+00 3.514199999999999876e-03 3.664836884000000072e+00 -2.251820000000000134e-04 -2.213509080000000129e-01 -1.075709400000000003e-02 9.751349089999999942e-01
1.703784456018207550e+09 -1.266425847999999910e+00 2.758056000000000049e-03 3.766724824999999832e+00 7.875240000000000365e-03 -1.601478010000000063e-01 -3.281047999999999951e-03 9.870561960000000523e-01
1.703784456608051062e+09 -1.272462368000000010e+00 2.500290000000000065e-03 3.794219017000000083e+00 3.420882000000000089e-03 -1.304933580000000037e-01 -2.923064999999999865e-03 9.914389850000000504e-01
1.703784457267477512e+09 -1.279582023999999985e+00 2.588716999999999928e-03 3.826049804999999804e+00 2.207947999999999942e-03 -9.649689499999999920e-02 -3.730928000000000109e-03 9.953238370000000446e-01
1.703784457642664909e+09 -1.281705260000000068e+00 2.078065000000000034e-03 3.843882084000000088e+00 2.325849999999999966e-03 -7.815564399999999634e-02 -3.394149999999999858e-03 9.969326849999999851e-01
1.703784457979631424e+09 -1.283400654999999890e+00 2.284553999999999838e-03 3.859467744999999894e+00 2.762784999999999807e-03 -5.991193300000000055e-02 -3.687957999999999861e-03 9.981930260000000388e-01
1.703784458311636925e+09 -1.284458040999999939e+00 2.235173999999999928e-03 3.875437736999999938e+00 1.280604000000000074e-03 -4.367546399999999718e-02 -3.945892000000000323e-03 9.990371470000000143e-01
1.703784458685479403e+09 -1.285019635999999910e+00 1.834074999999999898e-03 3.892867326999999822e+00 2.926240000000000091e-03 -3.006608399999999987e-02 -4.234146999999999737e-03 9.995346670000000433e-01
1.703784460061397314e+09 -1.292652369000000023e+00 1.621010999999999893e-03 3.957981825000000065e+00 4.299235999999999683e-03 -6.627379399999999698e-02 -3.911587000000000224e-03 9.977845549999999619e-01
1.703784460808556318e+09 -1.298186301999999959e+00 1.251610000000000006e-03 3.993700980999999928e+00 3.394636999999999828e-03 -7.194685900000000189e-02 -3.129597000000000021e-03 9.973977800000000116e-01
1.703784461226897001e+09 -1.301262855999999912e+00 1.038868999999999990e-03 4.013667583000000150e+00 3.112990999999999849e-03 -6.725426800000000593e-02 -3.564677999999999944e-03 9.977246520000000451e-01
1.703784461599340916e+09 -1.303765773999999933e+00 1.383859999999999995e-03 4.031971454999999871e+00 3.389660999999999976e-03 -6.851896600000000059e-02 -3.386512999999999850e-03 9.976383450000000375e-01
1.703784462390453815e+09 -1.307881593999999925e+00 1.382418000000000058e-03 4.069391250999999876e+00 2.561601000000000156e-03 -5.124745900000000215e-02 -3.791132000000000009e-03 9.986755250000000084e-01
1.703784462721816301e+09 -1.309152007000000006e+00 9.562719999999999814e-04 4.084921360000000057e+00 2.597541999999999993e-03 -4.611404999999999671e-02 -3.419553000000000089e-03 9.989269969999999832e-01
1.703784463138048649e+09 -1.310578226999999929e+00 1.028012000000000023e-03 4.104737758999999819e+00 3.835500999999999841e-03 -3.655945099999999975e-02 -3.716394000000000034e-03 9.993172289999999736e-01
1.703784463595997810e+09 -1.311532021000000103e+00 7.707190000000000048e-04 4.126456737999999902e+00 4.353291999999999926e-03 -2.558097100000000096e-02 -3.183594000000000094e-03 9.996582269999999548e-01
1.703784464013711214e+09 -1.312010646000000058e+00 6.913550000000000511e-04 4.146676064000000217e+00 3.950500000000000018e-03 -1.859970799999999952e-02 -2.393315999999999933e-03 9.998163580000000161e-01
1.703784464387882471e+09 -1.312619090000000099e+00 8.115719999999999879e-04 4.164800167000000108e+00 2.384554000000000101e-03 -1.153156600000000004e-02 -3.550718000000000017e-03 9.999243620000000110e-01
1.703784465303869247e+09 -1.310127854000000092e+00 3.094309999999999856e-04 4.207864285000000315e+00 4.773086999999999643e-03 1.937410200000000068e-02 -3.000407999999999981e-03 9.997964499999999477e-01
1.703784465802704096e+09 -1.308559774999999981e+00 2.660259999999999903e-04 4.232093811000000372e+00 4.177133999999999882e-03 2.931222699999999973e-02 -2.768253000000000033e-03 9.995577930000000277e-01
1.703784466217778444e+09 -1.307031155000000000e+00 -9.979999999999999993e-05 4.251542567999999633e+00 5.318039000000000099e-03 3.167565199999999859e-02 -3.109287000000000075e-03 9.994792340000000497e-01
1.703784466676037788e+09 -1.305906653000000084e+00 -1.044550000000000019e-04 4.273333072999999871e+00 4.934637000000000398e-03 2.512944500000000025e-02 -2.731495000000000017e-03 9.996682999999999542e-01
1.703784467093885660e+09 -1.305563092000000092e+00 -2.879049999999999752e-04 4.293000220999999783e+00 5.143619000000000316e-03 1.360773099999999965e-02 -3.283368999999999958e-03 9.998887779999999781e-01
1.703784467554347992e+09 -1.305669187999999981e+00 -2.813830000000000129e-04 4.315063476999999814e+00 4.437514000000000042e-03 4.890427999999999616e-03 -3.655843000000000200e-03 9.999715089999999806e-01
1.703784468013339281e+09 -1.306400060999999946e+00 -3.818410000000000055e-04 4.335761546999999716e+00 3.561038999999999784e-03 -9.364403000000000310e-03 -3.620424000000000125e-03 9.999432560000000025e-01
1.703784468425492764e+09 -1.307497978000000005e+00 -5.061199999999999857e-04 4.350550651999999907e+00 3.963908000000000362e-03 -1.646112799999999848e-02 -4.381186999999999929e-03 9.998470539999999573e-01
1.703784468841784239e+09 -1.306582928000000088e+00 -5.609130000000000149e-04 4.370526790999999633e+00 2.852719999999999995e-03 5.805715000000000355e-03 -4.394025999999999661e-03 9.999694820000000206e-01
1.703784469342440844e+09 -1.305183648999999946e+00 -7.108079999999999477e-04 4.394300461000000269e+00 2.931313000000000061e-03 2.595258500000000024e-02 -4.744846999999999954e-03 9.996476170000000439e-01
1.703784469842635870e+09 -1.302456974999999906e+00 -8.263310000000000273e-04 4.417896748000000429e+00 3.922664999999999659e-03 4.842516799999999760e-02 -4.542408999999999857e-03 9.988088010000000239e-01
1.703784470301055193e+09 -1.299002647000000010e+00 -8.602640000000000156e-04 4.439501761999999907e+00 4.157993999999999926e-03 6.881471000000000116e-02 -4.600367000000000171e-03 9.976102110000000245e-01
1.703784470797583818e+09 -1.295097469999999973e+00 -8.407860000000000507e-04 4.463370799999999861e+00 3.967006999999999825e-03 7.568995700000000215e-02 -4.882596999999999805e-03 9.971115590000000362e-01
1.703784471257873774e+09 -1.292347074000000040e+00 -9.567090000000000316e-04 4.484568119000000408e+00 4.402134000000000255e-03 6.488961000000000034e-02 -3.459765999999999970e-03 9.978767630000000555e-01
1.703784471721031666e+09 -1.288871526999999961e+00 -9.853069999999999364e-04 4.506598473000000382e+00 4.287087000000000189e-03 7.735043799999999359e-02 -3.995343999999999632e-03 9.969867470000000065e-01
1.703784472172590017e+09 -1.283642410999999983e+00 -2.037208999999999895e-03 4.527041435000000114e+00 5.417657999999999675e-03 9.682299900000000681e-02 -3.140866999999999878e-03 9.952819349999999510e-01
1.703784472673470259e+09 -1.279030799999999912e+00 -2.279198999999999982e-03 4.550103663999999881e+00 7.788348999999999966e-03 8.645515900000000364e-02 -4.205551000000000081e-03 9.962164759999999619e-01
1.703784473134749651e+09 -1.276940822999999892e+00 -2.722459999999999897e-03 4.571789741999999990e+00 6.468175999999999960e-03 6.980092100000000188e-02 -3.571176000000000125e-03 9.975336190000000380e-01
1.703784473591540337e+09 -1.272792219999999919e+00 -2.685321000000000062e-03 4.592600346000000222e+00 6.390365000000000281e-03 8.976191299999999873e-02 -3.704765999999999962e-03 9.959359169999999484e-01
1.703784474046324492e+09 -1.267879009000000057e+00 -3.288350000000000214e-03 4.613966464999999850e+00 5.178043999999999702e-03 1.045903859999999935e-01 -2.875224000000000009e-03 9.944977760000000000e-01
1.703784474503979683e+09 -1.263390540999999923e+00 -3.652020000000000179e-03 4.635349750999999685e+00 5.201731000000000237e-03 9.821964099999999642e-02 -2.925749000000000058e-03 9.951468709999999884e-01
1.703784475044247389e+09 -1.259952903000000068e+00 -4.061692000000000427e-03 4.659995078999999762e+00 3.703258000000000071e-03 7.535556000000000199e-02 -3.115694000000000016e-03 9.971449970000000329e-01
1.703784475550315380e+09 -1.257762908999999985e+00 -4.135767999999999736e-03 4.683472156999999747e+00 4.046537999999999698e-03 5.295828000000000341e-02 -2.913306000000000055e-03 9.985842700000000516e-01
1.703784475969640017e+09 -1.256437420999999999e+00 -4.693604999999999999e-03 4.702756882000000083e+00 3.366043999999999894e-03 3.444384000000000334e-02 -2.571498000000000186e-03 9.993976949999999748e-01
1.703784476460100174e+09 -1.256013513000000081e+00 -4.593372000000000080e-03 4.726736069000000207e+00 2.456991999999999857e-03 1.604867000000000099e-02 -3.013267000000000029e-03 9.998636840000000303e-01
1.703784476875698328e+09 -1.256448269000000062e+00 -4.996577999999999783e-03 4.745666981000000284e+00 2.353992999999999971e-03 1.880216000000000092e-03 -2.362888999999999962e-03 9.999926689999999452e-01
1.703784477418733835e+09 -1.256746769000000041e+00 -4.888477999999999921e-03 4.770976542999999737e+00 2.857118000000000071e-03 -2.905884999999999978e-03 -2.089829999999999986e-03 9.999895100000000259e-01
1.703784477917633772e+09 -1.256229161999999899e+00 -4.983393000000000024e-03 4.794480324000000238e+00 1.183587999999999958e-03 -9.746600000000000229e-04 -2.940813999999999928e-03 9.999945160000000000e-01
1.703784478457300901e+09 -1.257484555000000004e+00 -6.034524000000000311e-03 4.819843769000000222e+00 1.526627999999999926e-03 -3.831164000000000184e-03 -2.829617999999999890e-03 9.999875430000000343e-01
1.703784478916939259e+09 -1.257305383999999915e+00 -6.085379999999999609e-03 4.840915680000000165e+00 1.202577000000000030e-03 -3.437194000000000187e-03 -3.065691000000000162e-03 9.999886749999999935e-01
1.703784479421299934e+09 -1.257258772999999996e+00 -5.829771000000000085e-03 4.864426613000000010e+00 2.618206000000000092e-03 -4.814136000000000110e-03 -3.280200999999999950e-03 9.999796149999999884e-01
1.703784479916463137e+09 -1.258499621999999984e+00 -5.573492000000000203e-03 4.888481617000000057e+00 2.004201000000000159e-03 -2.016688300000000003e-02 -2.860922000000000118e-03 9.997905489999999729e-01
1.703784480456654549e+09 -1.260254382999999923e+00 -5.632825999999999632e-03 4.913061618999999602e+00 2.372445999999999843e-03 -2.749880199999999927e-02 -3.297418999999999784e-03 9.996135830000000277e-01
1.703784480955925703e+09 -1.260612368999999955e+00 -5.974053000000000002e-03 4.936901093000000351e+00 -4.586190000000000080e-04 -6.669518999999999621e-03 -2.948741999999999856e-03 9.999733570000000071e-01
1.703784481498079300e+09 -1.260354160999999973e+00 -6.383009000000000252e-03 4.961620808000000160e+00 5.581120000000000395e-04 -1.941825000000000105e-03 -3.160207999999999854e-03 9.999929669999999549e-01
1.703784481997149944e+09 -1.260756969000000005e+00 -6.267848999999999816e-03 4.984699725999999664e+00 2.392761000000000193e-03 -9.003016000000000837e-03 -3.006841000000000114e-03 9.999520779999999665e-01
1.703784482539732218e+09 -1.261162518999999982e+00 -6.518574000000000070e-03 5.010608195999999737e+00 8.323440000000000526e-04 -7.471502999999999999e-03 -4.187034000000000068e-03 9.999629859999999981e-01
1.703784483506773233e+09 -1.261350154999999917e+00 -6.470545999999999763e-03 5.055173396999999902e+00 1.996592000000000158e-03 -7.629794999999999980e-03 -2.911814999999999889e-03 9.999646540000000083e-01
1.703784484457036972e+09 -1.260908483999999996e+00 -6.161719000000000397e-03 5.100626468999999830e+00 3.307965999999999858e-03 -4.972841000000000414e-03 -3.217287000000000098e-03 9.999769929999999807e-01
1.703784484953227997e+09 -1.261294483999999994e+00 -6.854833000000000280e-03 5.123934745999999762e+00 3.309510999999999790e-03 -1.043618999999999970e-02 -1.945600000000000020e-03 9.999381899999999490e-01
1.703784485454284906e+09 -1.261437774000000012e+00 -6.853330000000000359e-03 5.146603106999999788e+00 4.291065000000000157e-03 -7.613327999999999936e-03 -3.210426000000000165e-03 9.999566669999999657e-01
1.703784485956948042e+09 -1.262364744999999955e+00 -6.838551000000000005e-03 5.170101642999999747e+00 8.860050000000000391e-04 -3.542266999999999985e-03 -2.811436999999999964e-03 9.999893899999999780e-01
1.703784486368240833e+09 -1.261966109000000058e+00 -7.082663999999999800e-03 5.189237118000000315e+00 3.792439999999999895e-04 -1.046529999999999943e-03 -3.149176999999999966e-03 9.999944570000000033e-01
1.703784486911152601e+09 -1.261797427999999943e+00 -7.175593000000000075e-03 5.215052127999999954e+00 -1.741228000000000047e-03 -3.740586000000000171e-03 -2.856492999999999879e-03 9.999874229999999864e-01
1.703784487368217707e+09 -1.261612535000000035e+00 -7.824242999999999823e-03 5.235869408000000114e+00 -3.555909999999999909e-04 -3.819451000000000183e-03 -2.754738000000000065e-03 9.999888540000000381e-01
1.703784487743228912e+09 -1.261597276000000045e+00 -7.953640999999999142e-03 5.252625465000000382e+00 1.172492999999999929e-03 -4.297473999999999912e-03 -2.119549999999999993e-03 9.999878410000000439e-01
1.703784488200548172e+09 -1.261607528000000089e+00 -8.317467000000000263e-03 5.274155140000000408e+00 1.429260000000000068e-04 -6.227576999999999766e-03 -2.511396999999999848e-03 9.999774689999999522e-01
1.703784488578035593e+09 -1.262464642999999942e+00 -8.402995999999999382e-03 5.291792870000000093e+00 2.324346000000000138e-03 -1.320295800000000075e-02 -2.141603000000000170e-03 9.999078510000000142e-01
1.703784488952010870e+09 -1.262817024999999926e+00 -7.931498999999999841e-03 5.307204246999999597e+00 1.794149000000000091e-03 -1.494857599999999988e-02 -1.960763999999999823e-03 9.998847250000000297e-01
1.703784489283808708e+09 -1.263442278000000085e+00 -7.704214000000000027e-03 5.312412738999999995e+00 6.376150000000000134e-04 -1.458984200000000044e-02 -1.669445000000000087e-03 9.998919960000000051e-01
1.703784489655774832e+09 -1.263228296999999944e+00 -7.783685000000000256e-03 5.311933994000000325e+00 1.056335999999999950e-03 -1.449679700000000050e-02 -2.104388000000000005e-03 9.998921750000000497e-01
