1.702688123750164747e+09 0.000000000000000000e+00 0.000000000000000000e+00 0.000000000000000000e+00 -0.000000000000000000e+00 -0.000000000000000000e+00 -0.000000000000000000e+00 1.000000000000000000e+00
1.702688124121896505e+09 -8.970000000000000515e-07 4.607000000000000106e-06 1.048099999999999943e-04 -2.345869999999999954e-04 4.976069999999999539e-04 -9.337500000000000639e-05 9.999998810000000349e-01
1.702688124163921356e+09 -2.879999999999999848e-07 5.149999999999999820e-06 1.125179999999999957e-04 -4.128500000000000198e-05 5.592719999999999810e-04 -3.484049999999999821e-04 9.999998209999999554e-01
1.702688124833318949e+09 -2.041700000000000120e-05 7.160999999999999709e-06 2.875029999999999882e-04 -3.883269999999999973e-04 -9.238259999999999875e-04 -4.579580000000000087e-04 9.999994039999999806e-01
1.702688124995704651e+09 -2.144300000000000120e-05 8.485999999999999728e-06 3.321970000000000044e-04 8.967900000000000654e-05 -7.747799999999999783e-04 -1.340136000000000018e-03 9.999988079999999613e-01
1.702688125254037619e+09 -2.851200000000000078e-05 3.520999999999999831e-06 3.948380000000000032e-04 8.208399999999999540e-05 -1.213647999999999897e-03 -8.260100000000000417e-05 9.999992850000000155e-01
1.702688126163733482e+09 -2.153100000000000104e-05 2.308999999999999831e-06 6.420990000000000334e-04 -6.012609999999999613e-04 -5.881249999999999976e-04 3.576659999999999735e-04 9.999995830000000252e-01
1.702688126370384932e+09 -2.184499999999999837e-05 2.901999999999999913e-06 6.983889999999999976e-04 -5.424639999999999887e-04 -1.585690000000000060e-04 1.133079999999999933e-04 9.999998810000000349e-01
1.702688126461143494e+09 -2.104499999999999925e-05 2.720999999999999867e-06 7.201829999999999994e-04 -1.023402999999999986e-03 -5.128399999999999891e-05 8.834679999999999920e-04 9.999991059999999710e-01
1.702688126581273794e+09 -1.336699999999999924e-05 1.393000000000000046e-06 7.582129999999999859e-04 -1.151562999999999979e-03 -4.302180000000000067e-04 4.527019999999999764e-04 9.999991660000000504e-01
1.702688126789506912e+09 -1.157900000000000044e-05 -2.628000000000000080e-06 8.077359999999999792e-04 -5.837000000000000188e-06 5.502429999999999561e-04 1.077169999999999907e-03 9.999992850000000155e-01
1.702688126871085882e+09 -1.115400000000000027e-05 -4.430999999999999589e-06 8.305639999999999985e-04 4.593280000000000041e-04 2.836080000000000263e-04 5.897969999999999775e-04 9.999997019999999903e-01
1.702688127368984938e+09 -2.296999999999999861e-05 -7.913000000000000302e-06 9.571599999999999770e-04 6.326279999999999881e-04 3.780410000000000216e-04 -6.143599999999999929e-05 9.999997619999999587e-01
1.702688128120300770e+09 -6.806900000000000168e-05 -1.083900000000000075e-05 1.145914999999999954e-03 5.801399999999999716e-05 -1.317550999999999922e-03 -7.668889999999999822e-04 9.999988680000000407e-01
1.702688128412237883e+09 -7.015900000000000370e-05 -1.130899999999999964e-05 1.222409999999999946e-03 1.181331999999999998e-03 -4.135370000000000083e-04 -8.865789999999999695e-04 9.999988079999999613e-01
1.702688128702517509e+09 -1.046540000000000046e-04 -1.114000000000000007e-05 1.294861000000000015e-03 3.907490000000000225e-04 -1.374301000000000082e-03 -7.512200000000000344e-04 9.999986889999999962e-01
1.702688128871412277e+09 -1.213360000000000052e-04 -1.062800000000000057e-05 1.330437999999999977e-03 2.750930000000000172e-04 -5.566460000000000505e-04 -1.317439999999999909e-04 9.999998209999999554e-01
1.702688129040646076e+09 -1.210080000000000042e-04 -1.206299999999999953e-05 1.341278000000000001e-03 -1.728800000000000117e-04 -5.511719999999999467e-04 -6.579500000000000279e-05 9.999998209999999554e-01
1.702688129535256386e+09 -9.970200000000000189e-05 -1.293100000000000037e-05 1.408380999999999999e-03 1.977533999999999976e-03 -2.513069999999999844e-04 -6.129090000000000232e-04 9.999978539999999638e-01
1.702688129701104403e+09 -1.056459999999999978e-04 -1.262500000000000025e-05 1.432434000000000008e-03 1.210153000000000053e-03 -4.813320000000000055e-04 1.595600000000000105e-05 9.999991660000000504e-01
1.702688129868022680e+09 -1.099330000000000061e-04 -1.470400000000000016e-05 1.456913000000000001e-03 8.052349999999999569e-04 -1.838060000000000084e-03 1.377929999999999867e-04 9.999979730000000400e-01
1.702688129995001554e+09 -1.109109999999999957e-04 -1.389099999999999965e-05 1.476080999999999964e-03 2.738799999999999934e-05 -1.941079999999999976e-03 2.502000000000000101e-04 9.999980929999999768e-01
1.702688130158436775e+09 -1.138330000000000060e-04 -1.097899999999999941e-05 1.500613999999999941e-03 1.149630000000000037e-04 -2.731045999999999994e-03 -4.271600000000000234e-05 9.999963050000000298e-01
1.702688130329644442e+09 -1.098130000000000005e-04 -9.368000000000000770e-06 1.524638999999999942e-03 -5.656310000000000331e-04 -2.071833999999999829e-03 5.272869999999999814e-04 9.999975559999999541e-01
1.702688130536747694e+09 -1.029120000000000067e-04 -6.797000000000000314e-06 1.555830999999999924e-03 -5.766910000000000525e-04 -9.740639999999999629e-04 6.806050000000000337e-04 9.999991660000000504e-01
1.702688130748235226e+09 -9.962300000000000484e-05 -6.411000000000000113e-06 1.586046999999999934e-03 -1.641406999999999892e-03 -7.392720000000000194e-04 7.145510000000000099e-04 9.999981519999999735e-01
1.702688130952782393e+09 -9.554900000000000285e-05 -4.801999999999999933e-06 1.618153999999999903e-03 -2.245023000000000071e-03 -9.340500000000000441e-05 1.220528999999999928e-03 9.999967220000000045e-01
1.702688131368738413e+09 -7.088900000000000518e-05 -5.152999999999999622e-06 1.678592000000000018e-03 -4.147569999999999729e-04 2.184889999999999879e-04 1.331032000000000005e-03 9.999989870000000058e-01
1.702688131533563614e+09 -6.316700000000000017e-05 -5.144999999999999868e-06 1.700532999999999949e-03 -3.308739999999999902e-04 -1.579159999999999971e-04 8.499199999999999941e-04 9.999995830000000252e-01
1.702688131951497078e+09 -3.873600000000000318e-05 -4.242000000000000212e-06 1.761313999999999935e-03 -2.267740000000000077e-04 -5.392990000000000284e-04 2.479999999999999972e-05 9.999998209999999554e-01
1.702688132376459122e+09 -3.143300000000000212e-05 -5.492000000000000103e-06 1.821630999999999988e-03 -6.413000000000000264e-06 -5.278799999999999671e-05 -2.168349999999999932e-04 1.000000000000000000e+00
1.702688132615769625e+09 -3.186500000000000069e-05 -6.075000000000000281e-06 1.859135999999999948e-03 -6.141169999999999615e-04 1.150420000000000007e-04 3.773799999999999681e-05 9.999998209999999554e-01
1.702688133116138935e+09 -3.020299999999999865e-05 -2.883000000000000180e-06 1.930669000000000092e-03 -1.145029999999999979e-04 8.433700000000000246e-05 6.906409999999999763e-04 9.999997619999999587e-01
1.702688133366644621e+09 -3.402099999999999835e-05 -1.771000000000000069e-06 1.966168999999999816e-03 -1.143460000000000060e-04 -5.984770000000000367e-04 -4.759699999999999847e-05 9.999998209999999554e-01
1.702688133615092039e+09 -3.769199999999999759e-05 -8.099999999999999739e-07 1.999429999999999957e-03 -7.302479999999999648e-04 -1.309732999999999991e-03 -7.003320000000000161e-04 9.999986290000000277e-01
1.702688133868902445e+09 -3.561199999999999717e-05 7.499999999999999661e-08 2.034536999999999891e-03 -1.125549999999999901e-03 -1.301349000000000039e-03 -4.113990000000000095e-04 9.999984499999999832e-01
1.702688134406528234e+09 -3.188499999999999711e-05 -9.599999999999999142e-07 2.106250999999999957e-03 -7.515599999999999668e-05 9.794800000000000479e-05 -4.055999999999999791e-06 1.000000000000000000e+00
1.702688134662463188e+09 -3.284500000000000147e-05 5.570000000000000246e-07 2.141478999999999952e-03 -7.113830000000000023e-04 -8.389890000000000542e-04 2.612909999999999755e-04 9.999993440000000122e-01
1.702688134989355326e+09 -3.342000000000000190e-05 -1.099999999999999924e-08 2.186669999999999933e-03 -1.267560000000000041e-03 -3.948169999999999978e-04 -7.113899999999999770e-05 9.999991059999999710e-01
1.702688135245584965e+09 -2.930600000000000029e-05 -3.470000000000000235e-07 2.218480000000000105e-03 -5.014159999999999711e-04 -1.438889999999999907e-04 1.518509999999999934e-04 9.999998810000000349e-01
1.702688135822632551e+09 -3.613199999999999897e-05 -9.199999999999999795e-07 2.297223000000000147e-03 -1.046562999999999920e-03 -2.125680000000000017e-04 4.404109999999999817e-04 9.999993440000000122e-01
1.702688136071882486e+09 -3.311400000000000178e-05 1.004999999999999907e-06 2.330485000000000195e-03 -8.315869999999999512e-04 -1.304130000000000133e-04 -5.380199999999999750e-05 9.999996420000000219e-01
1.702688136363383770e+09 -2.860600000000000022e-05 1.737999999999999919e-06 2.369539999999999841e-03 -4.294130000000000169e-04 7.339010000000000195e-04 2.647060000000000233e-04 9.999996420000000219e-01
1.702688136656612158e+09 -3.492899999999999711e-05 -4.730000000000000135e-07 2.408595999999999827e-03 -2.616340000000000094e-04 2.083069999999999963e-04 -8.117900000000000322e-05 9.999999400000000316e-01
1.702688137278528214e+09 -4.049499999999999769e-05 -3.080999999999999809e-06 2.487975999999999816e-03 1.543779999999999914e-04 -1.007150000000000059e-03 -2.615040000000000225e-04 9.999994639999999491e-01
1.702688137570986748e+09 -4.101300000000000187e-05 -2.082000000000000141e-06 2.529575000000000053e-03 -5.959020000000000419e-04 -1.362167999999999973e-03 2.317409999999999891e-04 9.999988680000000407e-01
1.702688137860946894e+09 -3.847300000000000248e-05 -2.550999999999999801e-06 2.564858000000000155e-03 -7.844969999999999938e-04 -1.543511000000000015e-03 1.710779999999999907e-04 9.999985099999999516e-01
1.702688138151272774e+09 -3.998000000000000008e-05 -3.311000000000000148e-06 2.604757999999999987e-03 -7.762710000000000356e-04 -1.777418999999999917e-03 3.944369999999999777e-04 9.999980330000000084e-01
1.702688138488211155e+09 -4.761400000000000186e-05 -3.311999999999999799e-06 2.649467999999999875e-03 -1.287537000000000056e-03 -2.036410000000000216e-03 7.002199999999999874e-04 9.999968409999999697e-01
1.702688138820494890e+09 -4.254099999999999809e-05 -3.581000000000000104e-06 2.691684000000000177e-03 -5.407110000000000345e-04 -1.951138999999999955e-03 6.360359999999999799e-04 9.999977349999999987e-01
1.702688139069547892e+09 -4.147000000000000275e-06 -5.037000000000000224e-06 2.716434000000000210e-03 -2.195669999999999935e-04 1.224800000000000064e-04 4.037479999999999975e-04 9.999998810000000349e-01
1.702688140192284584e+09 1.912999999999999878e-04 -1.490299999999999945e-05 2.833845000000000201e-03 -9.494389999999999471e-04 -1.562664999999999974e-03 2.514509999999999749e-04 9.999983310000000181e-01
1.702688141401331425e+09 3.025009999999999960e-04 -1.134500000000000065e-05 2.977917000000000064e-03 -8.549529999999999847e-04 -1.389399999999999945e-05 1.994830000000000008e-04 9.999996420000000219e-01
1.702688141732712030e+09 2.976219999999999907e-04 -1.010299999999999966e-05 3.009070999999999881e-03 -6.619170000000000392e-04 -3.139600000000000095e-04 1.387659999999999924e-04 9.999997019999999903e-01
1.702688142233132839e+09 2.729389999999999833e-04 -1.027299999999999973e-05 3.059202999999999922e-03 -5.942630000000000395e-04 -9.562760000000000444e-04 3.201790000000000256e-04 9.999993440000000122e-01
1.702688142903072119e+09 2.730219999999999891e-04 -9.130000000000000677e-06 3.127298000000000144e-03 -2.688659999999999835e-04 -6.818809999999999585e-04 -1.531589999999999883e-04 9.999997019999999903e-01
1.702688143480470181e+09 2.622440000000000188e-04 -8.851000000000000469e-06 3.184961000000000042e-03 -2.166410000000000015e-04 -1.608375999999999903e-03 -1.589039999999999951e-04 9.999986889999999962e-01
1.702688144022531033e+09 2.609840000000000207e-04 -8.935000000000000003e-06 3.238171000000000192e-03 -4.514480000000000185e-04 -1.760447999999999961e-03 3.982060000000000157e-04 9.999982710000000496e-01
1.702688144314835310e+09 2.605050000000000139e-04 -1.358799999999999933e-05 3.267392999999999947e-03 4.139950000000000097e-04 -1.767349000000000090e-03 -1.208520000000000010e-04 9.999983909999999865e-01
1.702688144564672470e+09 2.616009999999999776e-04 -1.164099999999999917e-05 3.293972999999999953e-03 -7.032500000000000177e-05 -1.962671000000000034e-03 -5.316499999999999666e-05 9.999980929999999768e-01
1.702688144856612206e+09 2.697409999999999912e-04 -1.047800000000000031e-05 3.324730000000000133e-03 6.029699999999999817e-04 -1.130916000000000039e-03 -2.316929999999999923e-04 9.999991660000000504e-01
1.702688145229413748e+09 2.790450000000000092e-04 -1.048699999999999971e-05 3.363785000000000212e-03 2.120980000000000012e-04 -3.065109999999999797e-04 -8.222130000000000237e-04 9.999995830000000252e-01
1.702688145522630453e+09 2.751159999999999999e-04 -9.348999999999999766e-06 3.393413000000000072e-03 2.563320000000000117e-04 6.040830000000000505e-04 -5.283570000000000237e-04 9.999996420000000219e-01
1.702688146105668068e+09 2.433649999999999984e-04 -1.214499999999999976e-05 3.445246999999999806e-03 -3.644160000000000021e-04 -2.951266000000000132e-03 5.785109999999999775e-04 9.999954100000000290e-01
1.702688146603670359e+09 2.665440000000000149e-04 -1.015999999999999929e-05 3.500220000000000067e-03 9.367229999999999827e-04 -3.397438299999999689e-02 -6.461789999999999808e-04 9.994220729999999664e-01
1.702688146728772402e+09 2.535980000000000070e-04 -8.478999999999999626e-06 3.510071999999999932e-03 1.438042000000000053e-03 -3.505302600000000102e-02 -6.841259999999999616e-04 9.993842240000000432e-01
1.702688146854691982e+09 2.416999999999999932e-04 -6.916000000000000360e-06 3.524647000000000110e-03 7.347859999999999678e-04 -3.512914100000000261e-02 -2.640839999999999876e-04 9.993824959999999535e-01
1.702688146978892803e+09 2.315189999999999902e-04 -6.387000000000000004e-06 3.535531000000000177e-03 3.858280000000000065e-04 -3.519810400000000089e-02 4.585689999999999797e-04 9.993802309999999522e-01
1.702688147147459984e+09 2.529109999999999778e-04 -8.071999999999999965e-06 3.547551999999999824e-03 8.335219999999999522e-04 -3.556456000000000200e-02 -1.728439999999999870e-04 9.993670580000000303e-01
1.702688147563136578e+09 2.724949999999999855e-04 -1.164599999999999997e-05 3.587493000000000192e-03 9.043299999999999559e-04 -3.486372199999999977e-02 -7.544000000000000108e-06 9.993916750000000349e-01
1.702688148105138779e+09 2.688130000000000163e-04 -9.830999999999999556e-06 3.635345999999999803e-03 5.589240000000000310e-04 -3.465085500000000124e-02 1.977799999999999936e-05 9.993993639999999568e-01
1.702688148271825552e+09 2.708550000000000215e-04 -1.140300000000000077e-05 3.650145999999999946e-03 5.382419999999999739e-04 -3.455995800000000173e-02 -2.389079999999999969e-04 9.994024630000000187e-01
1.702688148435798645e+09 2.699959999999999947e-04 -1.062999999999999987e-05 3.663555000000000197e-03 1.080056000000000028e-03 -3.459739700000000195e-02 -3.525029999999999960e-04 9.994006749999999606e-01
1.702688148768627644e+09 2.681049999999999818e-04 -1.125300000000000051e-05 3.690728999999999798e-03 1.112939000000000072e-03 -3.564690100000000167e-02 -3.022069999999999748e-04 9.993637800000000349e-01
1.702688150226515293e+09 2.689820000000000210e-04 -1.517199999999999975e-05 3.820670999999999876e-03 1.245070000000000031e-03 -3.539395699999999673e-02 7.008070000000000141e-04 9.993724229999999542e-01
1.702688150599923849e+09 2.753780000000000052e-04 -1.507400000000000001e-05 3.856324999999999857e-03 1.685730000000000084e-03 -3.525476200000000199e-02 3.213660000000000128e-04 9.993768929999999884e-01
1.702688151101100445e+09 2.754930000000000269e-04 -1.645399999999999866e-05 3.900542999999999805e-03 9.488590000000000305e-04 -3.540431699999999765e-02 4.155709999999999960e-04 9.993725420000000303e-01
1.702688151518649101e+09 2.754190000000000002e-04 -1.645500000000000085e-05 3.937976999999999624e-03 -6.086670000000000188e-04 -3.406643499999999908e-02 4.178879999999999943e-04 9.994193319999999936e-01
1.702688151723624706e+09 2.738460000000000069e-04 -1.604900000000000169e-05 3.956788999999999619e-03 -1.177611000000000066e-03 -3.421565099999999970e-02 6.130239999999999908e-04 9.994136099999999523e-01
1.702688151933344364e+09 2.738069999999999892e-04 -1.546699999999999947e-05 3.974660999999999993e-03 -1.100199999999999936e-04 -3.301647700000000241e-02 2.470489999999999991e-04 9.994547959999999787e-01
1.702688152141554832e+09 2.730349999999999769e-04 -1.709600000000000030e-05 3.993056000000000036e-03 2.633500000000000112e-05 -3.279297400000000251e-02 1.117689999999999960e-03 9.994615319999999858e-01
1.702688152766227007e+09 2.686879999999999998e-04 -1.641200000000000143e-05 4.047941000000000213e-03 -1.023936000000000030e-03 -1.899951000000000070e-02 6.305160000000000192e-04 9.998188019999999510e-01
1.702688152974827051e+09 2.714150000000000026e-04 -1.692500000000000143e-05 4.067646000000000282e-03 -1.762300000000000064e-03 -1.448969800000000051e-02 1.386829999999999920e-03 9.998925330000000278e-01
1.702688153181484938e+09 2.706750000000000063e-04 -1.650000000000000127e-05 4.085339000000000331e-03 -1.096643999999999917e-03 -7.150773000000000025e-03 9.374469999999999982e-04 9.999734160000000038e-01
1.702688153389835119e+09 2.716549999999999868e-04 -1.634299999999999921e-05 4.103446999999999650e-03 1.933519999999999879e-04 -1.248297999999999899e-03 2.881389999999999733e-04 9.999991660000000504e-01
1.702688153649232626e+09 2.711850000000000133e-04 -1.683099999999999860e-05 4.123566999999999858e-03 1.132400000000000034e-05 6.443160000000000293e-04 1.767299999999999969e-04 9.999997619999999587e-01
1.702688154181142330e+09 2.702509999999999982e-04 -1.640599999999999844e-05 4.170703000000000431e-03 1.231389999999999959e-03 -1.218083000000000013e-03 -6.778939999999999575e-04 9.999982710000000496e-01
1.702688154473976851e+09 2.688349999999999833e-04 -1.573200000000000116e-05 4.195041000000000048e-03 2.484643999999999828e-03 -5.341366000000000169e-03 -1.962361000000000140e-03 9.999807480000000304e-01
1.702688154722091675e+09 2.680480000000000059e-04 -1.585200000000000002e-05 4.216573000000000369e-03 3.128786000000000154e-03 -1.317649100000000024e-02 -1.253011999999999963e-03 9.999074940000000078e-01
1.702688154929962397e+09 2.666500000000000033e-04 -1.618800000000000154e-05 4.234981999999999983e-03 1.816644999999999979e-03 -2.084192299999999831e-02 -4.973729999999999558e-04 9.997810129999999962e-01
1.702688155179938555e+09 2.674859999999999933e-04 -1.741699999999999943e-05 4.256362999999999987e-03 1.125064999999999963e-03 -2.800994399999999843e-02 8.121489999999999656e-04 9.996066689999999477e-01
1.702688155473034859e+09 2.639340000000000110e-04 -1.667100000000000014e-05 4.281868000000000306e-03 -1.806909999999999951e-04 -3.555990400000000329e-02 -9.261210000000000189e-04 9.993671179999999987e-01
1.702688155762986660e+09 2.593049999999999847e-04 -1.469100000000000046e-05 4.305955999999999673e-03 3.107949999999999949e-04 -4.590092199999999678e-02 -3.617130999999999992e-03 9.989393949999999522e-01
1.702688156013141870e+09 2.579209999999999858e-04 -1.639300000000000043e-05 4.324798999999999831e-03 -1.605309000000000076e-03 -5.799241699999999750e-02 -6.831999999999999979e-06 9.983157520000000007e-01
1.702688156224392176e+09 2.540020000000000255e-04 -1.636299999999999902e-05 4.337597999999999801e-03 -1.396087000000000066e-03 -6.341718899999999881e-02 2.830399999999999870e-05 9.979861380000000226e-01
1.702688156472136736e+09 2.512370000000000206e-04 -1.770399999999999855e-05 4.361684999999999694e-03 -1.404176000000000035e-03 -7.782292400000000165e-02 4.382149999999999913e-04 9.969661239999999536e-01
1.702688156678430319e+09 2.474350000000000052e-04 -1.725100000000000136e-05 4.379515999999999964e-03 -9.978800000000000343e-04 -8.945204299999999498e-02 1.194123000000000059e-03 9.959899190000000013e-01
1.702688156888076544e+09 2.435880000000000131e-04 -1.791700000000000142e-05 4.399066000000000087e-03 -1.728546999999999983e-03 -1.003765689999999988e-01 1.577931000000000082e-03 9.949467779999999761e-01
1.702688157137738228e+09 2.382999999999999919e-04 -1.854700000000000047e-05 4.418084000000000074e-03 -2.041794999999999895e-03 -1.096419539999999998e-01 2.085137999999999835e-03 9.939668769999999709e-01
1.702688157636494398e+09 2.234500000000000104e-04 -1.584000000000000081e-05 4.461269000000000345e-03 -3.840057000000000019e-03 -1.333650799999999970e-01 2.081320000000000056e-04 9.910595420000000155e-01
1.702688157886051416e+09 2.189910000000000044e-04 -1.674199999999999996e-05 4.481553000000000099e-03 -4.043881000000000038e-03 -1.397282479999999993e-01 -6.218859999999999883e-04 9.901814460000000206e-01
1.702688158177074432e+09 2.102430000000000130e-04 -1.640900000000000163e-05 4.505976000000000078e-03 -4.176474000000000332e-03 -1.391999130000000084e-01 -1.612900999999999918e-03 9.902541639999999923e-01
1.702688158384329796e+09 2.056639999999999879e-04 -1.688699999999999942e-05 4.522614999999999795e-03 -3.434856999999999928e-03 -1.388008739999999908e-01 -7.036759999999999760e-04 9.903141260000000168e-01
1.702688158933698893e+09 1.938209999999999998e-04 -1.531500000000000160e-05 4.567334000000000151e-03 -2.934959000000000005e-03 -1.266566960000000130e-01 -7.748400000000000556e-05 9.919422860000000064e-01
1.702688159220160723e+09 1.876539999999999892e-04 -1.535500000000000122e-05 4.590933000000000166e-03 -1.693138000000000065e-03 -1.342045219999999928e-01 -2.125299999999999997e-04 9.909521940000000084e-01
1.702688160224186897e+09 1.619959999999999987e-04 -1.482700000000000051e-05 4.672210999999999899e-03 -4.097586999999999757e-03 -1.461722699999999930e-01 1.298840000000000053e-04 9.892506599999999484e-01
1.702688160552303314e+09 1.538900000000000055e-04 -1.398899999999999939e-05 4.698467999999999915e-03 -3.255529999999999969e-03 -1.356590689999999932e-01 -5.799460000000000205e-04 9.907500740000000361e-01
1.702688160841707230e+09 1.500929999999999875e-04 -1.410099999999999933e-05 4.724896999999999604e-03 -3.959876000000000194e-03 -1.242275089999999999e-01 -3.757769999999999904e-04 9.922457930000000426e-01
1.702688161381210089e+09 1.390739999999999902e-04 -1.420900000000000067e-05 4.768551000000000213e-03 -2.832121999999999851e-03 -1.131510810000000006e-01 -4.322390000000000065e-04 9.935736659999999665e-01
1.702688161923547506e+09 1.285930000000000070e-04 -1.437800000000000024e-05 4.813712000000000373e-03 -1.750445999999999903e-03 -1.141185609999999934e-01 -1.624100000000000120e-04 9.934656020000000032e-01
1.702688162219628096e+09 1.242340000000000035e-04 -1.492600000000000075e-05 4.837802999999999895e-03 -1.866545999999999960e-03 -1.112483959999999994e-01 8.344249999999999671e-04 9.937905670000000136e-01
1.702688163676574707e+09 9.988499999999999658e-05 -1.415700000000000015e-05 4.960080999999999865e-03 -2.610189000000000172e-03 -8.916994899999999835e-02 -2.569200000000000067e-05 9.960130449999999858e-01
1.702688164003531218e+09 9.526299999999999915e-05 -1.384200000000000063e-05 4.988399999999999605e-03 -2.369892000000000179e-03 -8.468158500000000366e-02 1.086600000000000066e-04 9.964052439999999677e-01
1.702688164338948727e+09 9.230699999999999561e-05 -1.409799999999999953e-05 5.016994000000000314e-03 -2.255779999999999873e-04 -7.740504300000000670e-02 5.008719999999999709e-04 9.969996209999999470e-01
1.702688164671103954e+09 8.680900000000000183e-05 -1.251300000000000031e-05 5.043813000000000289e-03 -1.600281000000000056e-03 -8.223105199999999892e-02 3.739270000000000267e-04 9.966119530000000504e-01
1.702688165046766281e+09 8.166000000000000082e-05 -1.251499999999999961e-05 5.076666999999999985e-03 -2.390344999999999883e-03 -8.248721800000000104e-02 3.235499999999999769e-05 9.965892429999999580e-01
1.702688165257032394e+09 7.949599999999999917e-05 -1.257100000000000043e-05 5.093499999999999937e-03 -1.961753000000000108e-03 -8.201454599999999373e-02 5.413990000000000252e-04 9.966290589999999838e-01
1.702688165504096508e+09 7.637200000000000672e-05 -1.195099999999999959e-05 5.114320000000000324e-03 -2.057713000000000077e-03 -8.129482700000000006e-02 4.600030000000000069e-04 9.966878890000000490e-01
1.702688165711337805e+09 7.121700000000000610e-05 -1.176500000000000001e-05 5.130909999999999811e-03 -1.250786999999999949e-03 -8.363287899999999331e-02 1.713779999999999980e-04 9.964958430000000478e-01
1.702688166467159033e+09 6.164200000000000376e-05 -1.250799999999999951e-05 5.192264999999999728e-03 -1.703957999999999992e-03 -7.392010799999999826e-02 -8.458229999999999959e-04 9.972623590000000426e-01
1.702688166712779522e+09 5.437300000000000271e-05 -1.217799999999999928e-05 5.214306999999999623e-03 -9.507030000000000081e-04 -7.995206100000000482e-02 -2.094018999999999915e-03 9.967960719999999775e-01
1.702688167377027988e+09 4.572799999999999993e-05 -1.294100000000000027e-05 5.270648999999999647e-03 -2.636668999999999905e-03 -5.681463300000000327e-02 3.473600000000000082e-05 9.983812570000000219e-01
1.702688170168689013e+09 1.622229999999999950e-04 -1.543800000000000025e-05 5.545261999999999587e-03 -1.265538999999999987e-03 -3.896047200000000293e-02 2.327560000000000056e-04 9.992399220000000026e-01
1.702688171083564997e+09 2.542879999999999750e-04 -1.821299999999999994e-05 5.649847000000000376e-03 -2.130857999999999797e-03 -3.915489800000000048e-02 5.270070000000000180e-04 9.992307419999999496e-01
1.702688171455841541e+09 2.661450000000000209e-04 -1.810200000000000050e-05 5.691988000000000256e-03 -1.747461000000000066e-03 -3.929026099999999994e-02 2.029660000000000080e-04 9.992263319999999949e-01
1.702688173206668615e+09 1.134600000000000013e-04 -1.098999999999999981e-05 5.776787999999999715e-03 -1.823184000000000046e-03 -3.969917099999999838e-02 2.862559999999999779e-04 9.992100000000000426e-01
1.702688174294407606e+09 -1.266440000000000024e-04 -1.443600000000000036e-05 5.805653000000000029e-03 -2.042397000000000049e-03 -3.945285800000000037e-02 4.393929999999999993e-04 9.992192979999999780e-01
1.702688174661454439e+09 -2.042579999999999949e-04 -1.564200000000000033e-05 5.832714999999999601e-03 -2.367077999999999890e-03 -3.882390299999999989e-02 5.585990000000000096e-04 9.992431400000000297e-01
1.702688175001372099e+09 -2.632889999999999927e-04 -1.565800000000000153e-05 5.854887999999999933e-03 -2.197183000000000122e-03 -3.880953799999999759e-02 1.823349999999999949e-04 9.992442129999999922e-01
1.702688175331788063e+09 -3.213749999999999918e-04 -1.169199999999999919e-05 5.892406999999999680e-03 -2.041725999999999784e-03 -3.927925599999999851e-02 -5.208990000000000148e-04 9.992260929999999819e-01
1.702688175620459795e+09 -3.478469999999999783e-04 -1.459399999999999952e-05 5.905083000000000207e-03 -3.013309999999999947e-03 -3.917102900000000304e-02 3.872330000000000108e-04 9.992279410000000084e-01
1.702688176244094372e+09 -4.008139999999999880e-04 -1.031399999999999984e-05 5.934794999999999654e-03 -2.655030000000000064e-03 -3.959333200000000191e-02 -4.512869999999999772e-04 9.992122650000000439e-01
1.702688176501611233e+09 -4.194730000000000138e-04 -9.328999999999999958e-06 5.944856000000000099e-03 -1.979911999999999905e-03 -3.964941899999999825e-02 1.704949999999999998e-04 9.992117289999999930e-01
1.702688176743055582e+09 -4.417259999999999785e-04 -1.157600000000000064e-05 5.952289000000000364e-03 -2.545515999999999838e-03 -3.936680000000000040e-02 1.105810000000000039e-04 9.992216229999999477e-01
1.702688176993295670e+09 -4.595760000000000058e-04 -1.081299999999999964e-05 5.961151999999999944e-03 -2.483347999999999806e-03 -3.948489899999999692e-02 -1.406550000000000009e-04 9.992170929999999451e-01
1.702688177284803391e+09 -4.615509999999999860e-04 -1.061599999999999966e-05 5.975720000000000337e-03 -2.158296000000000086e-03 -3.958288599999999768e-02 -2.375000000000000131e-06 9.992139939999999942e-01
1.702688177534214735e+09 -4.672920000000000112e-04 -9.850999999999999365e-06 5.986273000000000288e-03 -2.505135999999999821e-03 -3.924761300000000064e-02 -1.368709999999999979e-04 9.992263909999999916e-01
1.702688177995921373e+09 -4.817630000000000154e-04 -1.199099999999999920e-05 6.009735999999999898e-03 -2.310860000000000084e-03 -3.982336399999999998e-02 -3.127629999999999733e-04 9.992040399999999600e-01
1.702688178992054939e+09 -5.443680000000000437e-04 -1.168899999999999939e-05 6.048009000000000024e-03 -2.343298000000000169e-03 -3.935818399999999745e-02 -5.141160000000000087e-04 9.992222790000000465e-01
1.702688179536723852e+09 -5.808379999999999706e-04 -1.035200000000000016e-05 6.070345000000000428e-03 -2.276189000000000077e-03 -3.900467199999999718e-02 -4.157259999999999970e-04 9.992363450000000258e-01
1.702688179826010227e+09 -5.989769999999999947e-04 -1.093400000000000068e-05 6.081272000000000413e-03 -2.530419999999999805e-03 -3.919114199999999826e-02 -6.525119999999999488e-04 9.992282989999999865e-01
1.702688180368482351e+09 -6.322149999999999905e-04 -1.305600000000000002e-05 6.101193999999999888e-03 -3.116160000000000197e-03 -3.919707599999999736e-02 -2.360560000000000045e-04 9.992266300000000046e-01
1.702688180699378014e+09 -6.536769999999999690e-04 -1.166599999999999977e-05 6.114508000000000269e-03 -3.080503999999999968e-03 -3.885403999999999941e-02 -1.653070000000000082e-04 9.992401600000000439e-01
1.702688180990787029e+09 -6.749049999999999494e-04 -9.707000000000000405e-06 6.130794000000000174e-03 -2.536314000000000016e-03 -3.944538499999999948e-02 -3.846470000000000054e-04 9.992184640000000284e-01
1.702688181574390411e+09 -7.121780000000000515e-04 -1.376000000000000039e-05 6.156838999999999888e-03 -2.720541999999999839e-03 -3.915176199999999967e-02 -1.015580000000000058e-04 9.992296099999999903e-01
1.702688181864032269e+09 -7.316160000000000371e-04 -8.845999999999999670e-06 6.173500000000000168e-03 -2.456828999999999784e-03 -3.895760300000000037e-02 1.305400000000000072e-04 9.992378349999999632e-01
1.702688182449779272e+09 -7.686089999999999589e-04 -8.002000000000000635e-06 6.212106000000000225e-03 -2.360847000000000119e-03 -3.919349999999999917e-02 -4.969409999999999843e-04 9.992287159999999613e-01
1.702688182698923588e+09 -7.865339999999999745e-04 -6.763000000000000301e-06 6.228965999999999843e-03 -2.197240000000000044e-03 -3.961240500000000331e-02 -3.013539999999999882e-04 9.992126820000000187e-01
1.702688182988112450e+09 -8.061880000000000001e-04 -7.638000000000000393e-06 6.248016000000000333e-03 -2.812199999999999943e-03 -3.914992899999999998e-02 -9.403299999999999907e-05 9.992293719999999491e-01
1.702688183239787102e+09 -8.231469999999999846e-04 -9.370000000000000074e-06 6.262816000000000043e-03 -2.857835999999999883e-03 -3.866124499999999686e-02 -1.349800000000000121e-04 9.992483260000000200e-01
1.702688183613313675e+09 -8.530500000000000539e-04 -1.100900000000000081e-05 6.286550000000000124e-03 -2.231919000000000177e-03 -3.870300899999999655e-02 -1.736230000000000011e-04 9.992482660000000516e-01
1.702688183905099154e+09 -8.681980000000000383e-04 -1.020900000000000000e-05 6.283709999999999643e-03 -3.231852999999999809e-03 -3.855427399999999949e-02 1.043380000000000029e-04 9.992513060000000058e-01
1.702688184197786093e+09 -8.846379999999999825e-04 -1.043999999999999999e-05 6.284819999999999990e-03 -2.579592999999999817e-03 -3.846764200000000328e-02 -2.836650000000000022e-04 9.992564919999999962e-01
1.702688184576878309e+09 -9.071700000000000033e-04 -1.033399999999999965e-05 6.285480000000000407e-03 -3.612788999999999931e-03 -3.863809299999999836e-02 3.398030000000000126e-04 9.992466570000000381e-01
1.702688184822968721e+09 -9.252309999999999918e-04 -9.860000000000000464e-06 6.287969000000000024e-03 -3.239314999999999990e-03 -3.823151100000000274e-02 1.770130000000000076e-04 9.992636440000000064e-01
1.702688185073422670e+09 -9.414469999999999870e-04 -1.022499999999999951e-05 6.291948000000000332e-03 -2.656041999999999952e-03 -3.854487799999999770e-02 2.062599999999999869e-05 9.992533919999999625e-01
1.702688185745023489e+09 -9.853299999999999732e-04 -8.844999999999999171e-06 6.311775000000000371e-03 -2.863509000000000193e-03 -3.868707999999999869e-02 -2.944670000000000252e-04 9.992472529999999464e-01
1.702688186109722614e+09 -1.005578000000000027e-03 -8.535999999999999250e-06 6.325174999999999721e-03 -3.171938000000000014e-03 -3.865293799999999780e-02 6.982500000000000317e-05 9.992476700000000323e-01
1.702688187162397385e+09 -1.030529999999999988e-03 -8.681999999999999207e-06 6.351362999999999627e-03 -3.249966999999999873e-03 -3.849445299999999792e-02 1.055310000000000032e-04 9.992535710000000071e-01
1.702688187568922997e+09 -1.031945000000000041e-03 -8.356999999999999777e-06 6.365009999999999939e-03 -2.900460000000000104e-03 -3.833571399999999990e-02 -3.271079999999999995e-04 9.992606640000000207e-01
1.702688187903101444e+09 -1.035936000000000105e-03 -8.385000000000000187e-06 6.376073000000000331e-03 -2.941656999999999866e-03 -3.961501600000000289e-02 -3.951469999999999896e-04 9.992106560000000304e-01
1.702688188191397667e+09 -1.036432000000000108e-03 -7.801000000000000357e-06 6.385410000000000218e-03 -2.414610000000000194e-03 -3.928080600000000144e-02 -3.215839999999999758e-04 9.992252590000000323e-01
1.702688188608985662e+09 -1.032872999999999908e-03 -8.403000000000000692e-06 6.400471999999999932e-03 -2.565631999999999982e-03 -3.814008499999999718e-02 -4.411670000000000131e-04 9.992690090000000414e-01
1.702688189024328232e+09 -1.034856000000000014e-03 -8.147000000000000094e-06 6.413606999999999989e-03 -2.055435999999999895e-03 -3.873405600000000282e-02 -2.234720000000000044e-04 9.992474319999999910e-01
1.702688189483044147e+09 -1.052509000000000083e-03 -8.247999999999999635e-06 6.421030999999999787e-03 -2.793111999999999939e-03 -3.934713499999999836e-02 -3.668149999999999905e-04 9.992216830000000272e-01
1.702688190236847401e+09 -1.065222999999999908e-03 -7.788999999999999456e-06 6.441073000000000284e-03 -3.161393000000000189e-03 -3.876751999999999976e-02 -4.231330000000000160e-04 9.992431400000000297e-01
1.702688190607600927e+09 -1.065961999999999943e-03 -7.822999999999999469e-06 6.452094999999999705e-03 -2.722894999999999916e-03 -3.906232099999999707e-02 -4.450759999999999786e-04 9.992329479999999542e-01
1.702688190982280731e+09 -1.062632999999999894e-03 -7.808999999999999264e-06 6.463919999999999735e-03 -2.648240000000000056e-03 -3.859977800000000125e-02 -2.587019999999999771e-04 9.992512460000000374e-01
1.702688191358403444e+09 -1.072688999999999934e-03 -8.392000000000000289e-06 6.472870000000000359e-03 -2.726287999999999889e-03 -3.929151200000000066e-02 -4.344749999999999762e-04 9.992240070000000252e-01
1.702688192026117802e+09 -1.062341999999999974e-03 -9.204000000000000308e-06 6.494619000000000086e-03 -2.984257000000000142e-03 -3.895906700000000000e-02 3.632299999999999765e-05 9.992363450000000258e-01
1.702688192355956793e+09 -1.056335999999999950e-03 -8.344000000000000071e-06 6.505346999999999866e-03 -2.999331000000000046e-03 -3.852500400000000158e-02 1.012420000000000041e-04 9.992531540000000323e-01
1.702688192729799986e+09 -1.047937000000000087e-03 -7.890999999999999496e-06 6.518458000000000412e-03 -3.678293000000000014e-03 -3.809208399999999828e-02 -5.731679999999999848e-04 9.992672799999999800e-01
1.702688193107145071e+09 -1.052762999999999963e-03 -7.376000000000000191e-06 6.527737999999999943e-03 -4.093600000000000190e-03 -3.870314700000000024e-02 4.408249999999999951e-04 9.992423059999999690e-01
1.702688193439184427e+09 -1.056066999999999943e-03 -7.454000000000000122e-06 6.536059999999999787e-03 -2.896450000000000066e-03 -3.899566799999999722e-02 -5.257769999999999501e-04 9.992350939999999904e-01
1.702688193811842442e+09 -1.049409999999999970e-03 -7.937999999999999215e-06 6.547457999999999924e-03 -2.534612999999999797e-03 -3.890520299999999931e-02 -7.816159999999999514e-04 9.992393849999999800e-01
1.702688194188029766e+09 -1.046494000000000027e-03 -7.710999999999999525e-06 6.558292999999999762e-03 -3.751103999999999897e-03 -3.871452400000000016e-02 -3.660959999999999995e-04 9.992431999999999981e-01
1.702688194936552048e+09 -1.047214999999999995e-03 -7.493000000000000088e-06 6.577941000000000343e-03 -3.675513999999999951e-03 -3.834584399999999699e-02 5.433200000000000090e-05 9.992578030000000000e-01
1.702688195310521841e+09 -1.045726000000000077e-03 -7.464000000000000026e-06 6.587281000000000386e-03 -2.297958000000000119e-03 -3.844510799999999867e-02 4.506910000000000256e-04 9.992579820000000446e-01
1.702688195606745243e+09 -1.040094000000000088e-03 -7.546999999999999909e-06 6.592304000000000219e-03 -2.747820000000000210e-03 -3.856787099999999663e-02 -1.499019999999999888e-04 9.992522000000000348e-01
1.702688195937274694e+09 -1.040099999999999966e-03 -7.165999999999999661e-06 6.597434999999999584e-03 -3.064841999999999914e-03 -3.873515500000000028e-02 -4.465180000000000234e-04 9.992446900000000465e-01
1.702688196517664194e+09 -1.031903000000000030e-03 -7.378000000000000342e-06 6.607950999999999929e-03 -2.736164000000000131e-03 -3.934164700000000042e-02 -4.083350000000000131e-04 9.992220400000000335e-01
1.702688196895312071e+09 -1.025674999999999981e-03 -8.009000000000000738e-06 6.615638000000000074e-03 -3.414275999999999943e-03 -3.883309699999999698e-02 -2.393229999999999988e-04 9.992398620000000342e-01
1.702688197352413654e+09 -1.019364999999999941e-03 -6.652000000000000008e-06 6.625792000000000140e-03 -2.841066000000000164e-03 -3.866821499999999884e-02 1.609310000000000081e-04 9.992480870000000071e-01
1.702688197560470819e+09 -1.014666000000000005e-03 -6.924000000000000114e-06 6.629116000000000002e-03 -2.330215999999999971e-03 -3.899009199999999703e-02 1.162720000000000008e-04 9.992368820000000484e-01
1.702688197808630466e+09 -1.010234000000000045e-03 -7.228999999999999735e-06 6.634558999999999943e-03 -3.139032999999999841e-03 -3.900496999999999992e-02 -2.413620000000000110e-04 9.992340800000000245e-01
1.702688198068964243e+09 -1.005903000000000049e-03 -7.679999999999999314e-06 6.639507000000000221e-03 -3.482036999999999893e-03 -3.828487900000000083e-02 -9.623000000000000531e-05 9.992607829999999858e-01
1.702688198267511368e+09 -1.002340000000000002e-03 -6.846999999999999835e-06 6.643600000000000373e-03 -2.905032000000000100e-03 -3.874551899999999910e-02 -1.947499999999999904e-05 9.992448689999999800e-01
1.702688198486484528e+09 -9.988950000000000780e-04 -6.253000000000000101e-06 6.647730000000000132e-03 -2.723210000000000214e-03 -3.863873300000000149e-02 -1.091689999999999978e-04 9.992495179999999477e-01
1.702688198809097290e+09 -9.934110000000000336e-04 -7.293000000000000308e-06 6.653540000000000322e-03 -2.632717000000000130e-03 -3.890949099999999744e-02 -6.195880000000000181e-04 9.992390869999999703e-01
1.702688199435713768e+09 -9.890319999999999320e-04 -8.057999999999999760e-06 6.665004999999999888e-03 -2.860211999999999997e-03 -3.913413699999999940e-02 9.289599999999999962e-05 9.992299080000000000e-01
1.702688199768131256e+09 -9.866600000000000977e-04 -8.437000000000000706e-06 6.668152000000000107e-03 -2.737840000000000065e-03 -3.868936399999999692e-02 -3.732520000000000239e-04 9.992474909999999877e-01
1.702688200227043152e+09 -9.883459999999999728e-04 -8.695999999999999412e-06 6.674148999999999880e-03 -3.166781000000000023e-03 -3.861471600000000032e-02 -4.304789999999999962e-04 9.992491009999999729e-01
1.702688200598961830e+09 -9.893669999999998941e-04 -8.389000000000000488e-06 6.678446000000000209e-03 -2.840627000000000082e-03 -3.867625400000000019e-02 -4.080999999999999992e-04 9.992477300000000007e-01
1.702688201226444244e+09 -9.971260000000000887e-04 -8.580999999999999666e-06 6.684489000000000056e-03 -3.545748000000000042e-03 -3.898650800000000305e-02 4.740740000000000015e-04 9.992333650000000400e-01
1.702688201888041019e+09 -9.985589999999999918e-04 -7.825000000000000466e-06 6.692090000000000365e-03 -2.820446999999999798e-03 -3.896995600000000004e-02 -5.392850000000000248e-04 9.992362860000000291e-01
1.702688202433810949e+09 -1.001724999999999968e-03 -7.621000000000000387e-06 6.698164000000000375e-03 -2.880731999999999998e-03 -3.923741000000000034e-02 -2.732440000000000151e-04 9.992257359999999755e-01
1.702688202888219357e+09 -1.001057999999999983e-03 -7.805000000000000658e-06 6.702701000000000145e-03 -2.610196999999999865e-03 -3.912928300000000081e-02 -4.662450000000000058e-04 9.992306229999999845e-01
1.702688203348047972e+09 -9.982009999999999928e-04 -7.784999999999999155e-06 6.707651999999999712e-03 -3.175054999999999978e-03 -3.881168000000000118e-02 -3.443750000000000088e-04 9.992414710000000477e-01
1.702688204718520403e+09 -9.789560000000000102e-04 -8.018000000000000143e-06 6.715266000000000117e-03 -2.693613999999999991e-03 -3.929162399999999722e-02 4.379999999999999781e-07 9.992241859999999587e-01
1.702688205885358810e+09 -9.610550000000000473e-04 -7.605999999999999683e-06 6.719492999999999994e-03 -3.202307000000000157e-03 -3.943462300000000198e-02 -1.146019999999999981e-04 9.992170329999999767e-01
1.702688206716457844e+09 -9.449950000000000147e-04 -7.775999999999999750e-06 6.725298999999999687e-03 -2.960411999999999939e-03 -3.907324000000000214e-02 -7.435430000000000468e-04 9.992316959999999471e-01
1.702688207842466831e+09 -9.262909999999999850e-04 -7.798999999999999360e-06 6.735058000000000364e-03 -2.919583999999999808e-03 -3.917097700000000265e-02 -7.690190000000000177e-04 9.992280009999999768e-01
1.702688208425848246e+09 -9.217290000000000379e-04 -7.982000000000000827e-06 6.736917000000000252e-03 -3.119513999999999881e-03 -3.899323600000000056e-02 -2.167659999999999910e-04 9.992346170000000471e-01
1.702688208924850464e+09 -9.201300000000000147e-04 -7.727999999999999532e-06 6.738807999999999777e-03 -3.046364000000000190e-03 -3.915059199999999795e-02 -3.036989999999999937e-04 9.992286559999999929e-01
1.702688210380928278e+09 -9.287580000000000141e-04 -7.938999999999999714e-06 6.743965999999999676e-03 -2.898431999999999831e-03 -3.864501800000000320e-02 -2.366609999999999894e-04 9.992488029999999632e-01
1.702688210880575180e+09 -9.318459999999999547e-04 -9.846000000000000260e-06 6.745476999999999723e-03 -2.818531999999999895e-03 -3.879755700000000335e-02 6.816900000000000411e-05 9.992431400000000297e-01
1.702688211796597958e+09 -9.231130000000000368e-04 -8.906000000000000789e-06 6.744771000000000100e-03 -2.392705000000000179e-03 -3.936433799999999872e-02 -5.228550000000000211e-04 9.992219209999999574e-01
1.702688212175014734e+09 -9.208559999999999532e-04 -9.025999999999999640e-06 6.744713000000000271e-03 -2.149382999999999936e-03 -3.968760000000000343e-02 -7.479809999999999931e-04 9.992095829999999568e-01
1.702688213340885162e+09 -9.127099999999999536e-04 -7.781999999999999354e-06 6.747299000000000005e-03 -2.433717000000000172e-03 -3.909033199999999847e-02 -6.014500000000000098e-04 9.992325899999999761e-01
1.702688213593683958e+09 -9.108900000000000287e-04 -7.954999999999999222e-06 6.747704000000000202e-03 -2.648559999999999890e-03 -3.918787099999999912e-02 -2.825099999999999769e-04 9.992282989999999865e-01
1.702688218917674780e+09 -9.081220000000000308e-04 -8.223999999999999526e-06 6.777405999999999708e-03 -1.974294000000000136e-03 -3.905331000000000080e-02 -5.929349999999999465e-04 9.992350340000000219e-01
1.702688219332490206e+09 -9.084260000000000468e-04 -8.193999999999999813e-06 6.779534000000000254e-03 -1.408278000000000004e-03 -3.932309500000000235e-02 -6.838150000000000521e-04 9.992253180000000290e-01
1.702688219665863514e+09 -9.077749999999999882e-04 -8.189999999999999513e-06 6.780442999999999713e-03 -1.646551000000000004e-03 -3.964296700000000118e-02 -4.430470000000000155e-04 9.992125029999999741e-01
1.702688220205154896e+09 -9.070610000000000218e-04 -8.369000000000000679e-06 6.780053999999999768e-03 -1.707977000000000063e-03 -3.952597100000000002e-02 -6.302740000000000035e-04 9.992169140000000116e-01
1.702688220502336740e+09 -9.065969999999999801e-04 -8.213999999999999622e-06 6.779771000000000408e-03 -2.023122999999999935e-03 -3.959124900000000197e-02 -8.305749999999999548e-04 9.992135760000000477e-01
1.702688221123785257e+09 -9.046139999999999824e-04 -8.234999999999999929e-06 6.778741999999999927e-03 -1.539241000000000003e-03 -3.985000799999999926e-02 -8.271640000000000242e-04 9.992041590000000362e-01
1.702688223455141783e+09 -9.000450000000000334e-04 -7.661000000000000004e-06 6.777163000000000111e-03 -8.678629999999999678e-04 -3.994761799999999724e-02 -7.991089999999999955e-04 9.992011189999999710e-01
1.702688223660254955e+09 -9.002409999999999753e-04 -7.744000000000000734e-06 6.776896000000000135e-03 -1.586500999999999927e-03 -4.037381000000000303e-02 -8.654100000000000507e-04 9.991829989999999606e-01
1.702688223954461336e+09 -9.009769999999999628e-04 -7.818999999999999169e-06 6.777967000000000193e-03 -2.136083999999999899e-03 -4.016607600000000194e-02 -7.398500000000000128e-04 9.991904499999999523e-01
1.702688224246341705e+09 -9.015860000000000107e-04 -7.712000000000000024e-06 6.777921999999999593e-03 -2.386893000000000174e-03 -3.987645399999999868e-02 -3.196280000000000236e-04 9.992017149999999903e-01
1.702688228451203585e+09 -9.018270000000000106e-04 -7.985000000000000629e-06 6.778776000000000246e-03 -2.370569999999999795e-03 -3.959558900000000048e-02 -4.500349999999999967e-04 9.992129210000000317e-01
1.702688236152121305e+09 -9.590760000000000040e-04 -7.842000000000000473e-06 6.729327999999999699e-03 -3.371380000000000210e-03 -3.919033699999999870e-02 -1.613650000000000110e-04 9.992260929999999819e-01
1.702688236818078995e+09 -9.538910000000000054e-04 -7.998000000000000335e-06 6.736869999999999838e-03 -3.023571999999999978e-03 -3.916394699999999757e-02 -1.161060000000000027e-04 9.992282390000000181e-01
1.702688240024145126e+09 -9.465310000000000216e-04 -6.153000000000000212e-06 6.761238999999999617e-03 -2.788079000000000165e-03 -3.896339599999999737e-02 -4.036059999999999843e-04 9.992367030000000039e-01
1.702688240775227785e+09 -9.471520000000000416e-04 -6.306999999999999923e-06 6.761264000000000336e-03 -2.772969000000000128e-03 -3.920458999999999750e-02 -4.610020000000000155e-04 9.992272260000000239e-01
1.702688242435628176e+09 -9.488909999999999923e-04 -7.077000000000000174e-06 6.763756000000000108e-03 -2.751800999999999900e-03 -3.879845500000000252e-02 -3.909049999999999851e-04 9.992431999999999981e-01
1.702688242896991491e+09 -9.493789999999999781e-04 -7.291999999999999810e-06 6.766564000000000086e-03 -2.841468000000000205e-03 -3.869108500000000006e-02 -5.160549999999999643e-04 9.992470740000000129e-01
1.702688243645176649e+09 -9.485130000000000037e-04 -7.709000000000000222e-06 6.767905000000000275e-03 -3.134458000000000123e-03 -3.904315099999999816e-02 -4.232099999999999816e-04 9.992325309999999794e-01
1.702688244518911123e+09 -9.459409999999999477e-04 -8.010000000000000389e-07 6.754816999999999766e-03 -2.204225000000000195e-03 -3.919679999999999692e-02 -4.114739999999999977e-04 9.992290139999999710e-01
1.702688245272855282e+09 -9.478699999999999626e-04 -3.588000000000000206e-06 6.764492999999999895e-03 -2.412618000000000054e-03 -3.858141600000000032e-02 4.110310000000000157e-04 9.992524980000000445e-01
1.702688245938695192e+09 -9.486880000000000486e-04 -2.303999999999999879e-06 6.774607000000000198e-03 -1.733628999999999986e-03 -3.877501900000000085e-02 -6.802700000000000446e-05 9.992464779999999935e-01
