1.702688123750164747e+09 0.000000000000000000e+00 0.000000000000000000e+00 0.000000000000000000e+00 -0.000000000000000000e+00 -0.000000000000000000e+00 -0.000000000000000000e+00 1.000000000000000000e+00
1.702688124081733227e+09 1.095959999999999990e-04 7.294600000000000259e-05 1.391637000000000039e-03 1.558899999999999999e-04 -2.777650000000000214e-04 1.621220000000000040e-04 9.999999400000000316e-01
1.702688124121896505e+09 1.327889999999999919e-04 1.050930000000000050e-04 1.547397000000000052e-03 2.867179999999999881e-04 -4.690680000000000023e-04 1.330229999999999900e-04 9.999998209999999554e-01
1.702688124414530039e+09 5.153900000000000240e-05 9.356699999999999371e-05 2.760390000000000153e-03 6.424809999999999766e-04 -5.961789999999999581e-04 -5.840799999999999508e-04 9.999994639999999491e-01
1.702688124833318949e+09 -1.660710000000000029e-04 1.203780000000000052e-04 4.457977999999999594e-03 -1.057000000000000002e-06 -2.821103000000000152e-03 -4.719950000000000100e-04 9.999958869999999722e-01
1.702688125120471716e+09 -2.756030000000000242e-04 6.836500000000000020e-05 5.635885999999999674e-03 -4.376989999999999982e-04 -3.790646999999999853e-03 -7.353309999999999838e-04 9.999924900000000116e-01
1.702688125710803270e+09 -9.440199999999999503e-05 5.046900000000000079e-05 8.031375999999999793e-03 -7.036009999999999877e-04 -2.543835999999999840e-03 9.999800000000000041e-05 9.999965429999999600e-01
1.702688125832619429e+09 -1.249629999999999892e-04 6.271700000000000278e-05 8.519182000000000143e-03 -9.863260000000000430e-04 -2.324489999999999803e-03 6.503410000000000267e-04 9.999966030000000394e-01
1.702688126204810381e+09 -1.960850000000000039e-04 2.294699999999999900e-05 1.007924500000000056e-02 -7.255239999999999606e-04 -4.687479999999999945e-03 5.123169999999999807e-04 9.999886159999999968e-01
1.702688126289400339e+09 -1.571370000000000102e-04 2.897900000000000156e-05 1.038730900000000082e-02 -6.352740000000000166e-04 -4.824473999999999603e-03 1.107221000000000030e-03 9.999876020000000310e-01
1.702688126411633730e+09 -1.945650000000000049e-04 2.410400000000000165e-05 1.089481100000000077e-02 -1.306279999999999941e-03 -3.915964000000000077e-03 5.044199999999999986e-04 9.999913569999999696e-01
1.702688126539796829e+09 -1.431899999999999894e-04 -7.131999999999999648e-06 1.140945800000000079e-02 -1.515445999999999937e-03 -4.248659000000000116e-03 5.636960000000000321e-04 9.999896879999999877e-01
1.702688126913067341e+09 -7.900699999999999759e-05 -9.458899999999999849e-05 1.286494600000000037e-02 3.513419999999999846e-04 -4.320079999999999580e-03 1.090262999999999953e-03 9.999900459999999658e-01
1.702688127166734934e+09 -8.661499999999999657e-05 -5.442500000000000153e-05 1.384737299999999963e-02 1.509490999999999958e-03 -3.700382999999999797e-03 8.314309999999999886e-04 9.999916549999999793e-01
1.702688127289536476e+09 -1.566770000000000044e-04 -8.937299999999999964e-05 1.436224600000000039e-02 1.283864999999999919e-03 -4.328003000000000405e-03 4.362980000000000027e-04 9.999897479999999561e-01
1.702688127580854416e+09 -2.252389999999999894e-04 -3.555699999999999855e-05 1.551979499999999942e-02 2.439100000000000035e-03 -1.315441300000000022e-02 7.739199999999999899e-04 9.999102349999999806e-01
1.702688127748889685e+09 -3.986179999999999975e-04 -7.934499999999999333e-05 1.619711000000000067e-02 1.560643999999999920e-03 -1.575256300000000068e-02 6.814189999999999484e-04 9.998744729999999858e-01
1.702688127959379911e+09 -3.652309999999999867e-04 -6.148299999999999393e-05 1.699610199999999904e-02 1.923425999999999999e-03 -2.013503399999999957e-02 1.680100000000000059e-05 9.997954369999999535e-01
1.702688128287231445e+09 -4.862460000000000198e-04 -1.230679999999999947e-04 1.833981599999999837e-02 2.577030000000000119e-03 -1.747696099999999919e-02 -1.496507000000000002e-03 9.998428230000000472e-01
1.702688128496362686e+09 -4.662479999999999988e-04 -7.299399999999999942e-05 1.905789199999999989e-02 3.551939000000000051e-03 -1.920418100000000072e-02 -3.311650000000000184e-04 9.998092060000000059e-01
1.702688128746195316e+09 -6.581280000000000116e-04 -5.909500000000000256e-05 2.016487700000000119e-02 2.329222000000000150e-03 -2.795391699999999827e-02 -3.623130000000000122e-04 9.996064310000000175e-01
1.702688128952136517e+09 -7.230850000000000471e-04 -5.886300000000000207e-05 2.090447399999999928e-02 3.081744999999999884e-03 -3.161278700000000330e-02 -5.026699999999999832e-04 9.994953269999999890e-01
1.702688129200798035e+09 -9.345259999999999765e-04 -4.523800000000000293e-05 2.187232100000000012e-02 4.617353999999999729e-03 -2.953475300000000039e-02 4.053139999999999890e-04 9.995530249999999839e-01
1.702688129451777220e+09 -6.198799999999999536e-04 -7.941499999999999775e-05 2.285801100000000100e-02 4.633960999999999809e-03 -2.460933699999999849e-02 -1.812150000000000056e-04 9.996863599999999961e-01
1.702688129660533428e+09 -8.048709999999999719e-04 -9.796700000000000579e-05 2.368558800000000047e-02 3.830224000000000129e-03 -2.614849199999999887e-02 -2.843109999999999821e-04 9.996507169999999665e-01
1.702688129868022680e+09 -8.534080000000000528e-04 -1.368030000000000114e-04 2.454055700000000104e-02 2.976429000000000054e-03 -2.947914800000000016e-02 9.477150000000000157e-04 9.995605349999999722e-01
1.702688130076455116e+09 -9.526559999999999672e-04 -1.045430000000000052e-04 2.540527999999999884e-02 1.906747999999999993e-03 -3.089828000000000019e-02 8.844929999999999763e-04 9.995203609999999683e-01
1.702688130283443451e+09 -1.019268000000000040e-03 -8.042600000000000551e-05 2.622559699999999980e-02 4.893890000000000132e-04 -2.908235199999999882e-02 9.956929999999999687e-04 9.995763899999999813e-01
1.702688130494930983e+09 -9.798890000000000638e-04 -7.241299999999999939e-05 2.704961800000000097e-02 9.653000000000000583e-06 -2.596478500000000064e-02 6.801879999999999732e-04 9.996626379999999923e-01
1.702688130748235226e+09 -1.039938999999999924e-03 -5.641699999999999872e-05 2.805646100000000129e-02 -1.120726999999999965e-03 -2.322815199999999844e-02 2.087400000000000038e-05 9.997295739999999542e-01
1.702688130996082067e+09 -1.147379999999999928e-03 -4.809699999999999707e-05 2.903788699999999834e-02 -2.112741000000000011e-03 -1.947062299999999940e-02 4.691629999999999802e-04 9.998080729999999638e-01
1.702688131241282225e+09 -1.107642999999999952e-03 -3.525800000000000022e-05 3.002662199999999934e-02 -5.397789999999999967e-04 -1.232155799999999982e-02 5.928300000000000144e-05 9.999239439999999535e-01
1.702688131493935823e+09 -1.002391999999999953e-03 -5.832200000000000166e-05 3.099247399999999902e-02 -9.458720000000000539e-04 -1.009395700000000062e-02 -3.224900000000000244e-05 9.999486210000000375e-01
1.702688131741484404e+09 -9.216339999999999515e-04 -4.289299999999999743e-05 3.198376700000000322e-02 -1.094378999999999925e-03 -7.188677000000000088e-03 5.339949999999999992e-04 9.999734160000000038e-01
1.702688131994234562e+09 -8.469439999999999738e-04 -1.704100000000000168e-05 3.294985699999999906e-02 -2.030850000000000114e-04 -2.010782000000000021e-03 6.274240000000000156e-04 9.999977949999999671e-01
1.702688132282315731e+09 -8.068180000000000534e-04 -3.858400000000000192e-05 3.405745300000000142e-02 -3.245900000000000212e-05 4.840189999999999749e-04 6.158100000000000553e-05 9.999998810000000349e-01
1.702688132573621273e+09 -8.330580000000000190e-04 -5.479199999999999988e-05 3.518309099999999967e-02 -2.628599999999999871e-05 2.965800000000000099e-04 -1.274190000000000077e-04 1.000000000000000000e+00
1.702688132868419409e+09 -7.968299999999999992e-04 -5.893799999999999712e-05 3.629564099999999655e-02 2.511910000000000011e-04 -4.057999999999999941e-06 -1.497749999999999949e-04 1.000000000000000000e+00
1.702688133157733202e+09 -8.652650000000000445e-04 -3.497200000000000330e-05 3.744703199999999815e-02 6.661000000000000261e-06 1.788576999999999962e-03 -7.501930000000000187e-04 9.999981519999999735e-01
1.702688133491797447e+09 -9.814570000000000325e-04 -1.977100000000000095e-05 3.874507199999999846e-02 -1.347810000000000067e-03 2.176679999999999902e-04 -1.895428000000000000e-03 9.999972580000000555e-01
1.702688133824088335e+09 -9.841610000000001069e-04 -1.123099999999999970e-05 4.006632400000000038e-02 -2.174048999999999947e-03 1.554500000000000109e-05 -2.070784999999999900e-03 9.999955299999999658e-01
1.702688134154682398e+09 -9.852660000000000497e-04 -3.220999999999999824e-05 4.130848499999999895e-02 -2.134398999999999932e-03 2.766675000000000124e-03 -3.105248000000000123e-03 9.999890919999999683e-01
1.702688134492103577e+09 -9.662619999999999586e-04 -4.203000000000000247e-06 4.263257200000000052e-02 -1.312398999999999901e-03 2.835539000000000202e-03 -1.576263999999999964e-03 9.999938609999999839e-01
1.702688134869007349e+09 -9.788410000000000426e-04 1.919199999999999853e-05 4.407296000000000130e-02 -2.614196999999999962e-03 1.674324999999999945e-03 -1.988356000000000151e-03 9.999932049999999961e-01
1.702688135282037497e+09 -9.414109999999999622e-04 -1.500199999999999968e-05 4.569564799999999843e-02 -1.454758999999999913e-03 4.501213999999999910e-03 -1.698676000000000092e-03 9.999873639999999897e-01
1.702688135619563341e+09 -9.006819999999999800e-04 -1.712499999999999952e-05 4.693843400000000110e-02 -1.096379999999999962e-04 8.343439999999999928e-04 -7.935060000000000290e-04 9.999993440000000122e-01
1.702688135989392757e+09 -9.638239999999999525e-04 -1.389399999999999945e-05 4.837829600000000119e-02 -1.955313000000000190e-03 1.871382999999999901e-03 -1.336327000000000001e-03 9.999954699999999974e-01
1.702688136196136475e+09 -9.181869999999999962e-04 -1.600000000000000033e-07 4.923055300000000328e-02 -2.500655000000000065e-03 5.940598000000000059e-03 -2.327169999999999933e-03 9.999765160000000375e-01
1.702688136403514624e+09 -9.226389999999999461e-04 -2.035800000000000058e-05 4.994872999999999674e-02 -1.659562000000000060e-03 5.254362000000000268e-03 -2.347141000000000071e-03 9.999820590000000342e-01
1.702688136656612158e+09 -9.310769999999999897e-04 8.063000000000000559e-06 5.086216300000000190e-02 -1.024816999999999916e-03 3.388757000000000054e-03 -1.617881999999999957e-03 9.999924300000000432e-01
1.702688136862253666e+09 -8.880869999999999693e-04 -3.335999999999999908e-06 5.163977299999999993e-02 -5.751410000000000420e-04 3.760323999999999785e-03 -1.856260999999999892e-03 9.999910589999999599e-01
1.702688137112512827e+09 -8.655870000000000187e-04 -4.498999999999999615e-06 5.255583999999999950e-02 -1.014900000000000058e-04 3.218167999999999983e-03 -1.817145999999999952e-03 9.999931450000000277e-01
1.702688137365318060e+09 -9.390499999999999759e-04 -3.632800000000000184e-05 5.351383600000000212e-02 -1.171357999999999948e-03 -7.444100000000000369e-04 -5.875820000000000131e-04 9.999988680000000407e-01
1.702688137614457846e+09 -8.806410000000000409e-04 -2.293100000000000119e-05 5.444806099999999899e-02 -1.680038999999999925e-03 -1.507759000000000009e-03 -1.990120000000000116e-04 9.999974369999999890e-01
1.702688137860946894e+09 -8.044830000000000427e-04 -3.395400000000000051e-05 5.531132999999999883e-02 -2.334534000000000088e-03 -1.592881999999999892e-03 -1.361920000000000134e-04 9.999960060000000484e-01
1.702688138115034580e+09 -8.452590000000000060e-04 -4.151199999999999828e-05 5.624737600000000171e-02 -1.691938999999999943e-03 -1.597780999999999941e-03 -5.381499999999999890e-05 9.999973180000000239e-01
1.702688138362362862e+09 -8.400340000000000281e-04 -4.430499999999999678e-05 5.718127600000000310e-02 -2.830048999999999846e-03 -3.398172999999999992e-03 5.702030000000000293e-04 9.999900459999999658e-01
1.702688138611531258e+09 -8.655509999999999940e-04 -4.717399999999999930e-05 5.805472700000000041e-02 -2.837048000000000000e-03 -7.888216999999999451e-03 7.461980000000000002e-04 9.999645950000000116e-01
1.702688138860558510e+09 -9.053880000000000261e-04 1.039999999999999995e-06 5.905298900000000017e-02 -5.156639999999999878e-04 6.369900000000000117e-05 2.021623000000000170e-03 9.999978539999999638e-01
1.702688139033727646e+09 -8.042799999999999906e-04 -2.354300000000000143e-05 5.957068900000000305e-02 -1.839110000000000083e-04 7.982271000000000852e-03 1.072962999999999912e-03 9.999675749999999974e-01
1.702688139238245964e+09 -7.695179999999999599e-04 1.403200000000000050e-05 6.036165000000000280e-02 9.983719999999999747e-04 1.941404899999999920e-02 9.933850000000000579e-04 9.998105760000000064e-01
1.702688139443001509e+09 -7.020410000000000365e-04 -7.709000000000000222e-06 6.109919400000000250e-02 1.363375999999999911e-03 3.061256600000000078e-02 2.354459999999999951e-04 9.995303749999999710e-01
1.702688139651263475e+09 -6.472859999999999552e-04 -3.451400000000000193e-05 6.187464300000000000e-02 1.337817999999999950e-03 4.064595000000000014e-02 -7.596509999999999678e-04 9.991724490000000181e-01
1.702688139859516144e+09 -6.262299999999999724e-04 -5.091200000000000315e-05 6.260202099999999381e-02 8.116469999999999761e-04 4.974294499999999675e-02 -8.344600000000000032e-05 9.987617140000000227e-01
1.702688140192284584e+09 -5.676960000000000209e-04 -8.457900000000000455e-05 6.370798499999999476e-02 2.232851000000000107e-03 6.536962799999999907e-02 -1.478088999999999922e-03 9.978575710000000543e-01
1.702688140357342482e+09 -4.925389999999999543e-04 -4.575499999999999815e-05 6.428853399999999441e-02 3.059595000000000023e-03 7.321526100000000370e-02 2.050500000000000104e-05 9.973114730000000039e-01
1.702688140525100470e+09 -4.204890000000000190e-04 -1.901799999999999986e-05 6.483712799999999388e-02 2.304473000000000025e-03 7.955878199999999456e-02 -1.633799999999999977e-04 9.968274830000000142e-01
1.702688140691154718e+09 -2.797459999999999877e-04 4.021000000000000126e-06 6.550259899999999469e-02 1.734793000000000099e-03 8.657933800000000568e-02 1.350988999999999923e-03 9.962425230000000465e-01
1.702688141115162611e+09 7.383799999999999337e-05 -1.297999999999999897e-06 6.699425700000000150e-02 3.578240000000000218e-04 1.003768000000000021e-01 4.353539000000000020e-03 9.949399230000000038e-01
1.702688141316156149e+09 2.491659999999999925e-04 -2.968899999999999984e-05 6.747159399999999585e-02 7.502550000000000191e-04 1.007204200000000049e-01 4.920731999999999710e-03 9.949023129999999826e-01
1.702688141859485149e+09 5.810760000000000317e-04 -3.072099999999999945e-05 6.936684299999999748e-02 1.033344000000000059e-03 9.811336499999999405e-02 4.221586999999999736e-03 9.951657649999999800e-01
1.702688142025367975e+09 5.611589999999999851e-04 -4.759399999999999867e-05 6.996877499999999694e-02 1.250542000000000103e-03 9.547066699999999517e-02 3.345063000000000116e-03 9.954258799999999852e-01
1.702688142194231987e+09 6.242729999999999503e-04 -3.717800000000000217e-05 7.056775699999999485e-02 1.293946000000000028e-03 9.263661500000000548e-02 2.869904999999999852e-03 9.956950549999999955e-01
1.702688142649562120e+09 9.688579999999999588e-04 -8.763200000000000395e-05 7.206712699999999472e-02 2.811834000000000035e-03 9.226421299999999770e-02 2.835901000000000047e-03 9.957265849999999974e-01
1.702688143856527567e+09 1.551073999999999942e-03 -6.617800000000000234e-05 7.621353899999999681e-02 1.616945000000000058e-03 8.563484300000000216e-02 2.968995999999999788e-03 9.963208439999999833e-01
1.702688144066212893e+09 1.797166999999999905e-03 -8.170599999999999326e-05 7.690821600000000147e-02 1.095550000000000039e-03 8.520933199999999874e-02 3.383833000000000153e-03 9.963567260000000259e-01
1.702688144314835310e+09 1.965815000000000097e-03 -1.437029999999999894e-04 7.770878800000000086e-02 3.044943999999999949e-03 8.483760099999999860e-02 2.904680000000000196e-03 9.963859320000000297e-01
1.702688144564672470e+09 2.160312000000000170e-03 -8.009800000000000459e-05 7.853666700000000445e-02 2.314118999999999898e-03 8.458808800000000572e-02 2.339173999999999854e-03 9.964106080000000309e-01
1.702688144775765181e+09 2.276830999999999994e-03 -6.363100000000000115e-05 7.927661399999999525e-02 3.343334999999999797e-03 8.550674499999999512e-02 2.867610000000000037e-03 9.963278770000000284e-01
1.702688144980602741e+09 2.469263000000000187e-03 -1.281499999999999979e-04 7.999729399999999657e-02 2.161058999999999897e-03 9.196492300000000397e-02 3.500933999999999817e-03 9.957537650000000129e-01
1.702688145229413748e+09 2.616595000000000205e-03 -7.915100000000000163e-05 8.084020000000000095e-02 1.883810999999999992e-03 9.421850700000000689e-02 2.968686999999999802e-03 9.955453869999999483e-01
1.702688145438950539e+09 2.706665000000000026e-03 -1.170830000000000037e-04 8.152972899999999523e-02 1.366542000000000104e-03 9.448250399999999494e-02 3.022337999999999848e-03 9.955210089999999568e-01
1.702688145648256063e+09 2.844770999999999845e-03 -9.527399999999999617e-05 8.225965500000000097e-02 9.547200000000000478e-04 9.312827099999999858e-02 2.645269999999999913e-03 9.956501720000000555e-01
1.702688145858375072e+09 3.026060000000000121e-03 -7.118000000000000629e-05 8.290793000000000468e-02 1.570060000000000075e-03 8.914075800000000049e-02 2.081929000000000158e-03 9.960156679999999652e-01
1.702688146354391813e+09 3.251182000000000030e-03 -8.873200000000000358e-05 8.467229499999999465e-02 3.845780000000000032e-03 6.531285500000000299e-02 2.645008999999999815e-03 9.978539349999999697e-01
1.702688146563861132e+09 3.322129000000000054e-03 -8.429199999999999865e-05 8.543474199999999408e-02 2.472572000000000138e-03 5.721397699999999920e-02 2.499752000000000050e-03 9.983558059999999568e-01
1.702688146810797453e+09 3.404994000000000163e-03 -4.181400000000000318e-05 8.630650500000000558e-02 9.587320000000000087e-04 4.358791199999999949e-02 2.587613999999999800e-03 9.990457889999999619e-01
1.702688147019739866e+09 3.489023999999999858e-03 -3.841100000000000205e-05 8.700719499999999551e-02 6.073159999999999973e-04 3.644174699999999656e-02 1.735081999999999987e-03 9.993340969999999768e-01
1.702688147354245901e+09 3.524194999999999932e-03 -8.198400000000000652e-05 8.810059000000000640e-02 1.552603000000000056e-03 5.611879799999999752e-02 2.880919000000000015e-03 9.984187479999999670e-01
1.702688147854380608e+09 3.834749000000000144e-03 -1.004399999999999938e-04 8.988435599999999859e-02 9.757459999999999918e-04 6.193494799999999662e-02 2.383737999999999829e-03 9.980769160000000362e-01
1.702688148105138779e+09 3.996986999999999589e-03 -8.140100000000000211e-05 9.077573599999999576e-02 -2.323960000000000023e-04 6.055377399999999771e-02 9.585169999999999845e-04 9.981644750000000510e-01
1.702688148935205936e+09 4.304198000000000399e-03 -7.962800000000000401e-05 9.365029599999999399e-02 2.906638000000000017e-03 6.253752899999999448e-02 1.545203999999999892e-03 9.980371590000000070e-01
1.702688149183938980e+09 4.417916000000000031e-03 -1.296079999999999964e-04 9.450972100000000486e-02 2.856211999999999900e-03 6.454306099999999879e-02 1.983014999999999865e-03 9.979088900000000484e-01
1.702688149558710337e+09 4.510883999999999727e-03 -9.375000000000000195e-05 9.579117600000000565e-02 3.197176999999999832e-03 6.324981899999999879e-02 1.162426999999999948e-03 9.979919200000000323e-01
1.702688149892779350e+09 4.675717999999999715e-03 -1.211610000000000009e-04 9.697888000000000341e-02 3.413297999999999940e-03 6.442350900000000380e-02 2.263723999999999945e-03 9.979142549999999723e-01
1.702688150226515293e+09 4.853945999999999608e-03 -1.338780000000000081e-04 9.813016700000000425e-02 4.306825999999999710e-03 6.749025699999999794e-02 2.924303999999999966e-03 9.977063539999999620e-01
1.702688150520905733e+09 5.057398999999999749e-03 -1.939750000000000122e-04 9.913036999999999543e-02 3.133963999999999934e-03 7.020624699999999940e-02 3.063951999999999995e-03 9.975228910000000226e-01
1.702688150931722641e+09 5.248983999999999941e-03 -1.547390000000000104e-04 1.006124840000000020e-01 3.960390999999999738e-03 7.303052399999999944e-02 2.833562999999999880e-03 9.973177909999999535e-01
1.702688151266825676e+09 5.451079000000000167e-03 -1.468870000000000050e-04 1.017984749999999994e-01 2.218616000000000078e-03 7.594668100000000199e-02 1.287993000000000081e-03 9.971086380000000471e-01
1.702688151600415707e+09 5.635755000000000105e-03 -1.214890000000000018e-04 1.030068549999999944e-01 1.122242999999999982e-03 7.837471399999999810e-02 3.388409999999999903e-04 9.969232679999999736e-01
1.702688151933344364e+09 5.829151000000000298e-03 -1.435189999999999925e-04 1.041912140000000042e-01 1.665894000000000012e-03 7.940948800000000030e-02 5.280989999999999730e-04 9.968405959999999677e-01
1.702688152227737665e+09 6.107655000000000028e-03 -1.620509999999999973e-04 1.052091639999999939e-01 2.603921999999999834e-03 7.908264499999999309e-02 -8.819410000000000183e-04 9.968642589999999748e-01
1.702688152556785822e+09 6.155770999999999986e-03 -1.126349999999999948e-04 1.063572240000000002e-01 1.895608000000000015e-03 8.408588899999999700e-02 -9.994480000000000031e-04 9.964562059999999555e-01
1.702688152894231319e+09 6.476454999999999886e-03 -1.036580000000000026e-04 1.075406670000000064e-01 1.224569000000000005e-03 9.634628100000000583e-02 -1.536323000000000029e-03 9.953459500000000348e-01
1.702688153267913103e+09 6.764186999999999630e-03 -9.797100000000000101e-05 1.088030789999999970e-01 2.254280999999999906e-03 1.084911749999999953e-01 -1.782916000000000058e-03 9.940932989999999858e-01
1.702688153649232626e+09 7.100147000000000229e-03 -1.537789999999999925e-04 1.100756150000000017e-01 2.712295999999999891e-03 1.126060779999999983e-01 -1.529928000000000060e-03 9.936348200000000297e-01
1.702688154056604624e+09 7.389709999999999855e-03 -1.230079999999999986e-04 1.115281659999999980e-01 2.947102000000000055e-03 1.122586879999999954e-01 -2.672879999999999874e-03 9.936710600000000504e-01
1.702688154430094004e+09 7.645408000000000238e-03 -1.549479999999999944e-04 1.127762789999999932e-01 4.122785000000000338e-03 1.068695340000000021e-01 -2.994656999999999961e-03 9.942600129999999981e-01
1.702688154803679943e+09 7.860172999999999813e-03 -1.466820000000000027e-04 1.140798259999999953e-01 4.502850000000000082e-03 9.546162199999999598e-02 -2.900083999999999822e-03 9.954187270000000032e-01
1.702688155225627184e+09 8.073800000000000768e-03 -1.499449999999999882e-04 1.155276519999999946e-01 4.086936000000000214e-03 8.457273999999999348e-02 -2.777071999999999787e-03 9.964050650000000342e-01
1.702688155598209143e+09 8.261585999999999583e-03 -1.271769999999999921e-04 1.168209020000000042e-01 1.974790000000000139e-03 7.296118099999999995e-02 -3.878121999999999906e-03 9.973253010000000529e-01
1.702688156013141870e+09 8.413567999999999741e-03 -1.086849999999999936e-04 1.182546089999999966e-01 1.567328999999999901e-03 5.433109800000000128e-02 -3.086791000000000187e-03 9.985169769999999723e-01
1.702688156427106619e+09 8.411583000000000254e-03 -1.174650000000000011e-04 1.196430180000000038e-01 7.913949999999999674e-04 3.744850699999999893e-02 -3.756426000000000209e-03 9.992912409999999968e-01
1.702688156846200943e+09 8.429482000000000294e-03 -7.048500000000000024e-05 1.211135980000000029e-01 3.286129999999999954e-03 1.501117499999999987e-02 -4.752206999999999612e-03 9.998706579999999677e-01
1.702688157262421131e+09 8.320342999999999142e-03 -1.211920000000000011e-04 1.224896609999999997e-01 4.821080000000000265e-04 -2.504138999999999844e-03 -3.244266999999999897e-03 9.999915360000000142e-01
1.702688157597278118e+09 8.278117999999999241e-03 -1.066019999999999934e-04 1.236792500000000045e-01 -2.074400000000000061e-04 -2.049928300000000009e-02 -4.672626000000000036e-03 9.997789259999999567e-01
1.702688157926846266e+09 8.147945000000000187e-03 -1.160479999999999975e-04 1.248364079999999959e-01 -5.193209999999999970e-04 -2.625577700000000098e-02 -5.378853999999999753e-03 9.996406439999999671e-01
1.702688158301247835e+09 8.137821999999999417e-03 -1.310120000000000121e-04 1.261823920000000043e-01 -5.992399999999999750e-05 -2.774479399999999971e-02 -5.546765999999999849e-03 9.995996360000000136e-01
1.702688159013438702e+09 8.069490000000000343e-03 -1.211639999999999939e-04 1.286815109999999984e-01 -5.382660000000000266e-04 -1.749332199999999865e-02 -5.237712000000000270e-03 9.998331670000000226e-01
1.702688159468450546e+09 7.959152000000000587e-03 -1.001069999999999955e-04 1.302770669999999964e-01 1.228471000000000077e-03 -2.745265300000000047e-02 -5.016160000000000410e-03 9.996097680000000096e-01
1.702688159842390060e+09 7.908517999999999798e-03 -7.618600000000000545e-05 1.316141929999999904e-01 -4.633370000000000262e-04 -3.693413699999999883e-02 -3.139051999999999815e-03 9.993126989999999710e-01
1.702688160174074888e+09 7.800243000000000107e-03 -1.215510000000000023e-04 1.327681239999999874e-01 -1.246141999999999996e-03 -3.578792100000000032e-02 -4.560057000000000173e-03 9.993482230000000355e-01
1.702688160552303314e+09 7.782383000000000356e-03 -7.075800000000000253e-05 1.341106740000000130e-01 -1.591100000000000131e-04 -2.429097300000000043e-02 -5.522497000000000343e-03 9.996896979999999600e-01
1.702688161637373686e+09 7.700325000000000052e-03 -1.135739999999999938e-04 1.376338450000000047e-01 1.833461999999999896e-03 -4.103911000000000017e-03 -4.231694000000000254e-03 9.999809269999999639e-01
1.702688162130791426e+09 7.791631000000000251e-03 -1.331509999999999996e-04 1.394003179999999953e-01 1.022658000000000074e-03 8.901239999999999500e-04 -3.735664000000000085e-03 9.999921320000000335e-01
1.702688162547846556e+09 7.787908999999999977e-03 -1.310369999999999992e-04 1.408685739999999964e-01 7.297690000000000123e-04 3.731630000000000103e-03 -3.971864999999999771e-03 9.999848599999999754e-01
1.702688162921742439e+09 7.880394000000000634e-03 -1.354919999999999963e-04 1.421218959999999976e-01 1.121423000000000081e-03 8.911975000000000799e-03 -2.968630999999999787e-03 9.999552369999999968e-01
1.702688163340106010e+09 7.873903999999999279e-03 -1.408579999999999988e-04 1.435147820000000074e-01 3.557310000000000268e-04 1.785728899999999841e-02 -4.177445999999999590e-03 9.998317960000000504e-01
1.702688163716160059e+09 7.898007000000000291e-03 -1.397500000000000088e-04 1.447927950000000019e-01 4.377170000000000106e-04 2.382879099999999847e-02 -5.067857000000000264e-03 9.997031690000000026e-01
1.702688164172136545e+09 7.969748000000000457e-03 -1.386170000000000045e-04 1.463274810000000092e-01 2.139109000000000149e-03 3.277468299999999890e-02 -4.811354000000000325e-03 9.994488950000000038e-01
1.702688164462573051e+09 8.100591000000000735e-03 -9.663700000000000328e-05 1.473479719999999937e-01 2.776071000000000181e-03 3.570013100000000300e-02 -5.254611000000000177e-03 9.993448849999999606e-01
1.702688164921076059e+09 8.078514999999999655e-03 -1.020099999999999940e-04 1.488866510000000087e-01 4.264679999999999968e-04 3.235126700000000299e-02 -5.604523999999999617e-03 9.994607570000000329e-01
1.702688165465056419e+09 8.200687999999999381e-03 -1.206680000000000041e-04 1.507087649999999945e-01 1.256004999999999925e-03 3.341418100000000113e-02 -5.593461000000000093e-03 9.994251730000000000e-01
1.702688165922463894e+09 8.185424000000000172e-03 -8.690699999999999988e-05 1.523208470000000092e-01 2.097695000000000115e-03 3.091222600000000098e-02 -7.284511999999999932e-03 9.994933609999999691e-01
1.702688166214084864e+09 8.215306999999999818e-03 -9.407100000000000108e-05 1.533183899999999988e-01 1.380134999999999999e-03 4.150506899999999860e-02 -7.670853000000000046e-03 9.991078970000000226e-01
1.702688166502873898e+09 8.184102000000000390e-03 -5.270199999999999787e-05 1.541646720000000026e-01 2.348708000000000132e-03 4.035669199999999956e-02 -7.777609999999999905e-03 9.991523620000000161e-01
1.702688167086365700e+09 8.262755999999999573e-03 -7.418300000000000447e-05 1.560351849999999929e-01 -5.123750000000000266e-04 4.577729099999999773e-02 -8.076494000000000034e-03 9.989188909999999755e-01
1.702688167377027988e+09 8.453359000000000567e-03 -1.744390000000000014e-04 1.569306400000000101e-01 -1.044346999999999940e-03 5.822030499999999997e-02 -6.575117999999999588e-03 9.982815379999999683e-01
1.702688167712405682e+09 8.340393999999999239e-03 -1.048960000000000067e-04 1.581015739999999947e-01 1.319155999999999931e-03 6.202002999999999683e-02 -7.650360999999999620e-03 9.980447289999999638e-01
1.702688168000709057e+09 8.328359999999999930e-03 -1.188430000000000004e-04 1.590247599999999872e-01 6.613230000000000107e-04 6.981252899999999817e-02 -5.446839000000000194e-03 9.975450630000000096e-01
1.702688168294542551e+09 8.386713000000000501e-03 -1.102460000000000012e-04 1.597181410000000079e-01 1.076902999999999931e-03 7.532902800000000620e-02 -4.785730999999999666e-03 9.971466660000000148e-01
1.702688168545539379e+09 8.406154000000000751e-03 -1.193969999999999954e-04 1.603800509999999957e-01 7.159109999999999563e-04 8.029372999999999372e-02 -5.053990999999999865e-03 9.967582230000000543e-01
1.702688169131126642e+09 8.494069999999999399e-03 -8.228899999999999767e-05 1.623030299999999870e-01 2.138213999999999827e-03 9.802748299999999859e-02 -6.534538000000000325e-03 9.951599840000000530e-01
1.702688169513985634e+09 8.446366000000000290e-03 -1.191579999999999999e-04 1.635347010000000045e-01 1.066452999999999976e-03 1.117994409999999994e-01 -5.580479000000000168e-03 9.937145710000000465e-01
1.702688169875668049e+09 8.537961999999999635e-03 -8.688300000000000146e-05 1.650741249999999882e-01 1.732252000000000097e-03 1.269668190000000085e-01 -5.685172999999999963e-03 9.918891789999999542e-01
1.702688170249803305e+09 8.910952999999999236e-03 -5.372449999999999969e-04 1.662867809999999946e-01 9.189600000000000242e-05 1.389026790000000011e-01 -2.953987999999999840e-03 9.903016089999999716e-01
1.702688170543037176e+09 9.027040999999999538e-03 -1.039523000000000096e-03 1.675301339999999972e-01 -5.744324999999999778e-03 1.537011410000000133e-01 -2.844169000000000124e-03 9.880965950000000220e-01
1.702688170874715567e+09 8.958749999999999700e-03 -1.017288000000000090e-03 1.676084999999999936e-01 -7.085125999999999750e-03 1.677228809999999903e-01 -3.086643999999999933e-03 9.858039020000000097e-01
1.702688171124127626e+09 8.872510999999999592e-03 -1.067996000000000093e-03 1.676093489999999908e-01 -8.665328999999999393e-03 1.785109039999999980e-01 -1.709715000000000106e-03 9.838982819999999574e-01
1.702688171372530699e+09 8.771262999999999629e-03 -1.065558000000000087e-03 1.685716060000000127e-01 -9.502527999999999669e-03 1.896247269999999929e-01 -2.751695000000000182e-03 9.818068149999999994e-01
1.702688171625847816e+09 8.777415999999999691e-03 -1.098327000000000071e-03 1.684651520000000069e-01 -1.132102800000000034e-02 1.903442740000000077e-01 -3.004988000000000103e-03 9.816475510000000071e-01
1.702688171874043941e+09 8.771648999999999419e-03 -1.066019000000000081e-03 1.685950310000000063e-01 -1.037973699999999999e-02 1.902769800000000122e-01 -3.290772999999999875e-03 9.816700820000000549e-01
1.702688172080442905e+09 8.760300999999999852e-03 -1.061553999999999926e-03 1.686106320000000103e-01 -1.033325000000000042e-02 1.903599049999999959e-01 -3.651854999999999858e-03 9.816532140000000517e-01
1.702688172290831327e+09 8.752436000000000590e-03 -1.065584999999999970e-03 1.686132999999999937e-01 -1.169297700000000023e-02 1.896532029999999924e-01 -4.152623000000000252e-03 9.817727800000000116e-01
1.702688172502281427e+09 8.742892999999999845e-03 -1.065271999999999920e-03 1.686140889999999948e-01 -1.235223700000000029e-02 1.892024429999999979e-01 -4.302712999999999677e-03 9.818510409999999800e-01
1.702688172913134575e+09 8.663159999999999611e-03 -1.097333000000000032e-03 1.685247569999999973e-01 -1.696274999999999866e-02 1.820474860000000084e-01 -7.875850999999999685e-03 9.831119179999999735e-01
1.702688173121058702e+09 8.696149000000000240e-03 -1.087592999999999980e-03 1.685572120000000118e-01 -1.699299400000000085e-02 1.569424570000000074e-01 -7.361915999999999599e-03 9.874340889999999593e-01
1.702688173288269281e+09 8.599693999999999741e-03 -1.064609999999999905e-03 1.687563960000000030e-01 -1.628304499999999946e-02 1.521283089999999893e-01 -1.282032999999999957e-02 9.881434439999999819e-01
1.702688174294407606e+09 8.668686999999999573e-03 -1.071281000000000099e-03 1.691201180000000137e-01 -1.832293200000000011e-02 5.221654800000000152e-02 -1.047517599999999924e-02 9.984127280000000271e-01
1.702688174456540346e+09 8.666580999999999591e-03 -1.072606999999999944e-03 1.691808399999999990e-01 -1.922010299999999880e-02 3.689292400000000055e-02 -9.113691000000000153e-03 9.990928169999999664e-01
1.702688174871984243e+09 8.683141999999999597e-03 -1.066511999999999929e-03 1.692928079999999891e-01 -1.867115899999999967e-02 -2.425720000000000079e-04 -8.427517000000000688e-03 9.997901319999999981e-01
1.702688175042083740e+09 8.686225000000000543e-03 -1.065020999999999980e-03 1.693395380000000117e-01 -1.819320799999999891e-02 -1.525373499999999917e-02 -5.117435000000000039e-03 9.997050170000000291e-01
1.702688175285869837e+09 8.697088000000000388e-03 -1.067669999999999947e-03 1.694070850000000128e-01 -1.992589200000000060e-02 -3.819835600000000275e-02 -7.011612999999999873e-03 9.990469220000000039e-01
1.702688175500180483e+09 8.706748999999999739e-03 -1.060551999999999979e-03 1.694627109999999881e-01 -1.967904900000000054e-02 -5.654621499999999690e-02 -6.051527000000000121e-03 9.981876610000000039e-01
1.702688175705793858e+09 8.705429000000000639e-03 -1.061768999999999951e-03 1.694651100000000021e-01 -2.112758199999999892e-02 -5.758961299999999783e-02 -6.564366000000000298e-03 9.980951550000000116e-01
1.702688175910892725e+09 8.709239000000000563e-03 -1.064222000000000085e-03 1.694999929999999877e-01 -2.352738600000000083e-02 -6.743001199999999751e-02 -7.649724000000000107e-03 9.974172119999999975e-01
1.702688176089623451e+09 8.714925000000000102e-03 -1.064005999999999936e-03 1.695312860000000033e-01 -2.423782500000000104e-02 -7.830041599999999768e-02 -8.738001999999999922e-03 9.965968729999999942e-01
1.702688176244094372e+09 8.717063000000000589e-03 -1.064110999999999963e-03 1.695538910000000121e-01 -2.621928600000000137e-02 -8.526506999999999836e-02 -8.110235000000000360e-03 9.959802629999999768e-01
1.702688176578627110e+09 8.721249000000000362e-03 -1.060837999999999929e-03 1.696030649999999973e-01 -2.663531499999999969e-02 -1.015251870000000028e-01 -1.210986099999999954e-02 9.944025869999999490e-01
1.702688176704164028e+09 8.718721999999999930e-03 -1.060048000000000067e-03 1.696144790000000124e-01 -2.569046999999999997e-02 -1.051732229999999962e-01 -1.303243800000000036e-02 9.940366149999999568e-01
1.702688176872291803e+09 8.726400999999999950e-03 -1.057795000000000046e-03 1.696435659999999956e-01 -2.677376600000000093e-02 -1.161457669999999970e-01 -1.332957499999999976e-02 9.927818179999999826e-01
1.702688177247349262e+09 8.723006000000000162e-03 -1.056651999999999939e-03 1.696615519999999933e-01 -2.684771600000000064e-02 -1.205673290000000009e-01 -1.252833100000000019e-02 9.922629590000000555e-01
1.702688177408884525e+09 8.723316000000000056e-03 -1.056410999999999939e-03 1.696653959999999961e-01 -2.651464400000000041e-02 -1.210006700000000046e-01 -1.270789200000000015e-02 9.922168850000000484e-01
1.702688177619721651e+09 8.718682000000000168e-03 -1.055797999999999936e-03 1.696715950000000084e-01 -2.672485800000000064e-02 -1.223224180000000022e-01 -1.240301400000000040e-02 9.920530319999999458e-01
1.702688177827694893e+09 8.713455000000000158e-03 -1.057585999999999899e-03 1.696770340000000044e-01 -2.969089199999999998e-02 -1.241419170000000044e-01 -1.157391800000000075e-02 9.917526840000000510e-01
1.702688178202335119e+09 8.705875000000000072e-03 -1.057701000000000084e-03 1.696910709999999989e-01 -3.149884599999999701e-02 -1.309721169999999990e-01 -1.148082999999999916e-02 9.908190369999999580e-01
1.702688178408817053e+09 8.702658999999999742e-03 -1.058474999999999911e-03 1.696990130000000097e-01 -3.519078700000000115e-02 -1.356646420000000020e-01 -1.382913600000000055e-02 9.900330899999999490e-01
1.702688178827101231e+09 8.696933999999999915e-03 -1.061787999999999925e-03 1.697079089999999901e-01 -3.926677299999999787e-02 -1.508759859999999897e-01 -1.500360499999999972e-02 9.876586200000000426e-01
1.702688179245624542e+09 8.690286000000000191e-03 -1.064878999999999912e-03 1.697154939999999945e-01 -4.563771199999999695e-02 -1.638327089999999930e-01 -1.643859799999999871e-02 9.852948190000000439e-01
1.702688179656943798e+09 8.684644000000000044e-03 -1.065774000000000018e-03 1.697277279999999944e-01 -5.042501499999999665e-02 -1.832308769999999865e-01 -1.493159399999999942e-02 9.816622729999999741e-01
1.702688180034022808e+09 8.678140000000000853e-03 -1.069772000000000084e-03 1.697332410000000069e-01 -5.696988499999999789e-02 -1.937369409999999958e-01 -1.870078600000000049e-02 9.792194370000000259e-01
1.702688180199259996e+09 8.673637999999999140e-03 -1.072681999999999932e-03 1.697339119999999868e-01 -6.145256400000000119e-02 -1.955801990000000101e-01 -2.002222799999999955e-02 9.785556199999999594e-01
1.702688180782026052e+09 8.663886000000000850e-03 -1.081242000000000054e-03 1.697457430000000045e-01 -7.824590100000000659e-02 -2.181192190000000031e-01 -2.360280000000000017e-02 9.724939470000000252e-01
1.702688181332195997e+09 8.650247999999999271e-03 -1.086240999999999943e-03 1.697532240000000081e-01 -8.792441300000000681e-02 -2.344711869999999976e-01 -2.505201799999999882e-02 9.678145649999999600e-01
1.702688181907257557e+09 8.634228000000000736e-03 -1.093687999999999995e-03 1.697635349999999932e-01 -1.076723339999999945e-01 -2.521507740000000219e-01 -2.677550899999999942e-02 9.613062740000000161e-01
1.702688182073513508e+09 8.630873000000000711e-03 -1.094432999999999908e-03 1.697674100000000075e-01 -1.106036749999999985e-01 -2.605604530000000252e-01 -2.726976399999999842e-02 9.587134720000000110e-01
1.702688182282747746e+09 8.626475999999999242e-03 -1.095154000000000093e-03 1.697728480000000040e-01 -1.172337380000000040e-01 -2.700574700000000217e-01 -2.643027300000000065e-02 9.553149340000000045e-01
1.702688182622808218e+09 8.620571000000000483e-03 -1.097108999999999975e-03 1.697835769999999911e-01 -1.276185659999999888e-01 -2.925590570000000112e-01 -2.431548399999999832e-02 9.473813770000000245e-01
1.702688182823229790e+09 8.615143999999999927e-03 -1.097398999999999987e-03 1.697888519999999901e-01 -1.331056509999999915e-01 -3.032097819999999833e-01 -2.499659400000000045e-02 9.432507159999999891e-01
1.702688183030571222e+09 8.611324999999999535e-03 -1.096154000000000009e-03 1.697950360000000103e-01 -1.348173619999999961e-01 -3.180461230000000139e-01 -2.270200299999999838e-02 9.381660819999999568e-01
1.702688183239787102e+09 8.607042999999999985e-03 -1.095994999999999999e-03 1.698004449999999943e-01 -1.387068330000000016e-01 -3.308904169999999922e-01 -2.101604500000000056e-02 9.331828949999999567e-01
1.702688183656378269e+09 8.599008999999999472e-03 -1.092967000000000027e-03 1.698094310000000107e-01 -1.389315580000000105e-01 -3.655639589999999939e-01 -1.580687399999999854e-02 9.202234750000000130e-01
1.702688183905099154e+09 8.594308000000000156e-03 -1.091486000000000019e-03 1.698141250000000102e-01 -1.401513219999999948e-01 -3.845685119999999735e-01 -1.188752499999999948e-02 9.123176339999999884e-01
1.702688184110902548e+09 8.590646000000000393e-03 -1.089984999999999912e-03 1.698173880000000135e-01 -1.386780290000000082e-01 -3.989408609999999800e-01 -1.010194000000000022e-02 9.063733219999999813e-01
1.702688184328037739e+09 8.586164999999999770e-03 -1.088858000000000057e-03 1.698200260000000128e-01 -1.402657629999999878e-01 -4.150494929999999916e-01 -8.297384999999999136e-03 8.988829849999999677e-01
1.702688184529604912e+09 8.582380000000000564e-03 -1.087831000000000041e-03 1.698219930000000044e-01 -1.398491109999999982e-01 -4.307850599999999974e-01 -5.518211999999999770e-03 8.915357590000000387e-01
1.702688184737477064e+09 8.578584000000000209e-03 -1.086783000000000020e-03 1.698245850000000001e-01 -1.401279119999999934e-01 -4.496583040000000087e-01 -1.705820000000000036e-03 8.821387290000000103e-01
1.702688184988913059e+09 8.573890000000000677e-03 -1.085325999999999956e-03 1.698277149999999902e-01 -1.390244220000000086e-01 -4.699774680000000093e-01 2.366961999999999799e-03 8.716581460000000225e-01
1.702688185159322262e+09 8.570774999999999227e-03 -1.084595999999999954e-03 1.698292489999999877e-01 -1.389047210000000088e-01 -4.819525780000000204e-01 4.722879999999999613e-03 8.651039600000000052e-01
1.702688185363918543e+09 8.566581000000000196e-03 -1.083689000000000093e-03 1.698314549999999923e-01 -1.396570209999999923e-01 -5.004463200000000001e-01 7.478616999999999904e-03 8.543965820000000155e-01
1.702688185745023489e+09 8.559145000000000642e-03 -1.082856000000000096e-03 1.698331529999999867e-01 -1.411813500000000110e-01 -5.282532570000000316e-01 9.229424999999999435e-03 8.372163179999999594e-01
1.702688185905757666e+09 8.556351000000000234e-03 -1.081752000000000061e-03 1.698351060000000134e-01 -1.416198610000000135e-01 -5.424062010000000322e-01 1.289756400000000025e-02 8.279933329999999980e-01
1.702688187072584152e+09 8.540489000000000067e-03 -1.078280000000000037e-03 1.698384579999999977e-01 -1.397746950000000044e-01 -5.879295469999999968e-01 2.021753000000000092e-02 7.964881059999999735e-01
1.702688187282107353e+09 8.535637999999999906e-03 -1.077433999999999944e-03 1.698401870000000036e-01 -1.406799999999999995e-01 -5.831827520000000264e-01 1.828286399999999937e-02 7.998579740000000271e-01
1.702688187443505764e+09 8.532180999999999793e-03 -1.076448999999999939e-03 1.698414679999999954e-01 -1.398396339999999904e-01 -5.812714700000000123e-01 1.809901699999999850e-02 8.013993499999999548e-01
1.702688187656476021e+09 8.526877000000000414e-03 -1.075716999999999906e-03 1.698419599999999863e-01 -1.401463749999999897e-01 -5.862131710000000329e-01 1.799797499999999939e-02 7.977400420000000381e-01
1.702688188029271603e+09 8.518443000000000542e-03 -1.073841000000000075e-03 1.698445080000000051e-01 -1.396584810000000010e-01 -5.887288450000000006e-01 1.905650299999999894e-02 7.959464189999999606e-01
1.702688188573563576e+09 8.506298000000000678e-03 -1.071094000000000082e-03 1.698486359999999973e-01 -1.395684480000000116e-01 -5.833078619999999548e-01 1.841471000000000080e-02 7.999585270000000303e-01
1.702688188815922499e+09 8.500881000000000062e-03 -1.069716999999999977e-03 1.698508410000000024e-01 -1.395373490000000050e-01 -5.804305079999999561e-01 1.736599800000000055e-02 8.020774130000000168e-01
1.702688189024328232e+09 8.495934000000000125e-03 -1.068726000000000094e-03 1.698510049999999993e-01 -1.388888510000000076e-01 -5.818432569999999471e-01 1.929240700000000100e-02 8.011217710000000380e-01
1.702688189233677864e+09 8.491300000000000237e-03 -1.067667999999999916e-03 1.698528230000000139e-01 -1.383619899999999903e-01 -5.964165329999999710e-01 2.111273600000000000e-02 7.903780940000000310e-01
1.702688189400793076e+09 8.487484999999999474e-03 -1.067079999999999982e-03 1.698531209999999958e-01 -1.381433609999999923e-01 -6.019769310000000484e-01 2.209864599999999957e-02 7.861627340000000297e-01
1.702688189567132950e+09 8.483469000000000426e-03 -1.066338000000000008e-03 1.698539560000000004e-01 -1.385511160000000019e-01 -6.070957780000000303e-01 2.237649300000000077e-02 7.821365590000000090e-01
1.702688190607600927e+09 8.458986999999999409e-03 -1.061366999999999909e-03 1.698587089999999966e-01 -1.365437660000000109e-01 -6.195583940000000123e-01 2.402902599999999847e-02 7.726097699999999735e-01
1.702688190857692957e+09 8.453145999999999924e-03 -1.060292000000000005e-03 1.698605119999999913e-01 -1.371671260000000003e-01 -6.117165089999999639e-01 2.362285199999999974e-02 7.787361739999999477e-01
1.702688191106841803e+09 8.447348999999999830e-03 -1.058852000000000100e-03 1.698618530000000071e-01 -1.367089149999999864e-01 -6.181913610000000503e-01 2.365473800000000154e-02 7.736863489999999954e-01
1.702688191358403444e+09 8.441894999999999608e-03 -1.058216999999999968e-03 1.698625679999999916e-01 -1.362131689999999951e-01 -6.258263590000000542e-01 2.567277800000000026e-02 7.675468920000000361e-01
1.702688191564374447e+09 8.437171999999999727e-03 -1.057840999999999903e-03 1.698633430000000000e-01 -1.373830739999999939e-01 -6.170042749999999909e-01 2.462851599999999960e-02 7.744837399999999761e-01
1.702688191774575710e+09 8.432402999999999774e-03 -1.056415999999999909e-03 1.698652360000000028e-01 -1.358241440000000078e-01 -6.085326079999999749e-01 2.445111599999999843e-02 7.814358470000000167e-01
1.702688191980682611e+09 8.427828999999999529e-03 -1.055802999999999906e-03 1.698658020000000102e-01 -1.357594729999999916e-01 -6.073731780000000136e-01 2.564070200000000133e-02 7.823105449999999683e-01
1.702688192438267469e+09 8.417538999999999924e-03 -1.053310999999999917e-03 1.698692139999999906e-01 -1.367176469999999977e-01 -5.909144880000000155e-01 2.084228200000000017e-02 7.947917580000000148e-01
1.702688192901882648e+09 8.406982000000000343e-03 -1.050916999999999954e-03 1.698733869999999868e-01 -1.385111360000000069e-01 -5.748895410000000039e-01 1.684613299999999925e-02 8.062461610000000167e-01
1.702688193151263475e+09 8.400842999999999852e-03 -1.049475999999999925e-03 1.698750260000000123e-01 -1.392098370000000029e-01 -5.851454729999999715e-01 1.775890000000000107e-02 7.986927630000000278e-01
1.702688193355458021e+09 8.396551000000000362e-03 -1.048841000000000009e-03 1.698759350000000057e-01 -1.380789129999999976e-01 -5.917165880000000433e-01 2.005685899999999980e-02 7.939794660000000226e-01
1.702688193607238770e+09 8.390948000000000503e-03 -1.047331999999999994e-03 1.698783339999999920e-01 -1.385098839999999998e-01 -5.795463920000000213e-01 1.700895499999999921e-02 8.029020430000000097e-01
1.702688193855952501e+09 8.385553999999999925e-03 -1.046183000000000009e-03 1.698801369999999866e-01 -1.366955189999999876e-01 -5.714509490000000413e-01 1.655571499999999863e-02 8.090019229999999562e-01
1.702688194147161484e+09 8.378856000000000498e-03 -1.044503999999999919e-03 1.698828639999999945e-01 -1.368624720000000128e-01 -5.646845700000000523e-01 1.476014500000000056e-02 8.137457369999999690e-01
1.702688194644421816e+09 8.368014999999999481e-03 -1.042273000000000028e-03 1.698864999999999958e-01 -1.373621080000000105e-01 -5.586289760000000548e-01 1.407489399999999925e-02 8.178430199999999761e-01
1.702688195104681492e+09 8.357956999999999192e-03 -1.039851000000000057e-03 1.698903290000000066e-01 -1.367603990000000047e-01 -5.605321530000000330e-01 1.454226100000000077e-02 8.166326280000000271e-01
1.702688195310521841e+09 8.353523999999999325e-03 -1.039089999999999892e-03 1.698928180000000010e-01 -1.369108709999999896e-01 -5.582612750000000013e-01 1.457835000000000034e-02 8.181608919999999729e-01
1.702688195769635916e+09 8.344017000000000447e-03 -1.037467000000000033e-03 1.698967809999999967e-01 -1.371399309999999927e-01 -5.494768620000000103e-01 1.049192200000000075e-02 8.241102700000000336e-01
1.702688195982507944e+09 8.339233999999999189e-03 -1.036328999999999896e-03 1.698984060000000018e-01 -1.369346230000000053e-01 -5.461273190000000000e-01 9.377262000000000791e-03 8.263812069999999510e-01
1.702688196184642553e+09 8.334889999999999313e-03 -1.034963999999999979e-03 1.699005959999999871e-01 -1.373842359999999929e-01 -5.418448449999999639e-01 9.041105000000000669e-03 8.291248079999999909e-01
1.702688196482151270e+09 8.328564000000000106e-03 -1.033344999999999967e-03 1.699032339999999863e-01 -1.363514070000000078e-01 -5.314342380000000032e-01 8.566943000000000474e-03 8.360099789999999587e-01
1.702688196728017092e+09 8.323416000000000148e-03 -1.032120999999999993e-03 1.699057820000000052e-01 -1.359226550000000033e-01 -5.233632329999999833e-01 7.289661000000000231e-03 8.411675690000000039e-01
1.702688197020501137e+09 8.317194999999999450e-03 -1.030478999999999944e-03 1.699091640000000014e-01 -1.372764559999999912e-01 -5.107150670000000225e-01 3.926276000000000245e-03 8.487107750000000284e-01
1.702688197231165886e+09 8.313097000000000195e-03 -1.029317999999999986e-03 1.699113989999999907e-01 -1.389058079999999917e-01 -5.048474069999999703e-01 2.871335999999999940e-03 8.519542220000000388e-01
1.702688197475346804e+09 8.307963999999999280e-03 -1.027998000000000019e-03 1.699139480000000091e-01 -1.381342409999999910e-01 -4.937378470000000075e-01 1.783249999999999896e-03 8.585678340000000297e-01
1.702688197728724957e+09 8.303456000000000725e-03 -1.026722000000000095e-03 1.699174790000000101e-01 -1.389507349999999919e-01 -4.839596150000000097e-01 1.192149999999999894e-03 8.639875049999999890e-01
1.702688197977220058e+09 8.298822000000000837e-03 -1.025089999999999986e-03 1.699207130000000010e-01 -1.381584260000000008e-01 -4.727197890000000013e-01 -2.645360000000000029e-04 8.703149559999999729e-01
1.702688198486484528e+09 8.289813999999999516e-03 -1.022364999999999906e-03 1.699272990000000039e-01 -1.400390709999999872e-01 -4.503545170000000097e-01 -5.165025000000000172e-03 8.817840810000000529e-01
1.702688198682045460e+09 8.285966000000000511e-03 -1.021144999999999995e-03 1.699302639999999975e-01 -1.379805510000000068e-01 -4.401308600000000126e-01 -6.672085999999999816e-03 8.872438670000000194e-01
1.702688198852189302e+09 8.283350999999999562e-03 -1.020091000000000097e-03 1.699329910000000055e-01 -1.377362159999999947e-01 -4.352550510000000039e-01 -6.316541000000000169e-03 8.896864060000000407e-01
1.702688199059116602e+09 8.280057000000000389e-03 -1.019095999999999934e-03 1.699357479999999976e-01 -1.373849960000000092e-01 -4.322893919999999945e-01 -6.657149000000000226e-03 8.911828990000000283e-01
1.702688199726180553e+09 8.268743999999999747e-03 -1.014836000000000080e-03 1.699460000000000137e-01 -1.361542050000000004e-01 -4.191617069999999945e-01 -8.667924000000000462e-03 8.976026179999999632e-01
1.702688199889508724e+09 8.265774999999999512e-03 -1.014193999999999946e-03 1.699479670000000053e-01 -1.352668109999999868e-01 -4.170318250000000226e-01 -9.321304000000000742e-03 8.987216350000000187e-01
1.702688200227043152e+09 8.259914999999999619e-03 -1.012620000000000100e-03 1.699526460000000128e-01 -1.368287800000000110e-01 -4.203604160000000145e-01 -8.937149000000000135e-03 8.969365360000000065e-01
1.702688200390556574e+09 8.257195000000000160e-03 -1.011397999999999941e-03 1.699545530000000082e-01 -1.359987850000000109e-01 -4.209975899999999771e-01 -8.352081000000000782e-03 8.967695239999999846e-01
1.702688200598961830e+09 8.253187000000000370e-03 -1.010196000000000097e-03 1.699574590000000052e-01 -1.372842489999999971e-01 -4.229330119999999971e-01 -8.085134000000000765e-03 8.956648109999999496e-01
1.702688200765596151e+09 8.250221999999999764e-03 -1.009050999999999958e-03 1.699598880000000034e-01 -1.367531270000000021e-01 -4.271118039999999838e-01 -6.208649999999999586e-03 8.937760590000000116e-01
1.702688200931848049e+09 8.247722000000000733e-03 -1.008582999999999962e-03 1.699616909999999981e-01 -1.376958789999999933e-01 -4.258929490000000206e-01 -7.158868999999999996e-03 8.942056889999999703e-01
1.702688201139844418e+09 8.243777000000000743e-03 -1.006909000000000059e-03 1.699652969999999874e-01 -1.377072629999999964e-01 -4.415718319999999975e-01 -4.386468000000000138e-03 8.865843420000000252e-01
1.702688201305832624e+09 8.240848999999999744e-03 -1.005987000000000070e-03 1.699678900000000104e-01 -1.383685319999999885e-01 -4.483007489999999984e-01 -3.506497999999999820e-03 8.831015229999999994e-01
1.702688201471807480e+09 8.237365999999999439e-03 -1.005903000000000049e-03 1.699686649999999910e-01 -1.399459239999999993e-01 -4.482928509999999922e-01 -4.729475999999999819e-03 8.828512429999999522e-01
1.702688201679911375e+09 8.233860000000000831e-03 -1.003966000000000016e-03 1.699716450000000045e-01 -1.388852889999999951e-01 -4.480467140000000126e-01 -4.283437999999999655e-03 8.831459280000000245e-01
1.702688201888041019e+09 8.229873999999999870e-03 -1.002389999999999922e-03 1.699745059999999974e-01 -1.383942370000000033e-01 -4.481971860000000252e-01 -5.089525000000000125e-03 8.831423520000000194e-01
1.702688202514005423e+09 8.217804000000000428e-03 -9.995810000000000372e-04 1.699814950000000102e-01 -1.397555619999999998e-01 -4.562389550000000016e-01 -3.907459000000000279e-03 8.788055780000000317e-01
1.702688202761994600e+09 8.213787999999999645e-03 -9.974779999999999931e-04 1.699855329999999942e-01 -1.396166980000000113e-01 -4.556191560000000251e-01 -4.047417999999999676e-03 8.791484240000000394e-01
1.702688203012300730e+09 8.208784999999999693e-03 -9.962149999999999478e-04 1.699884530000000116e-01 -1.391827170000000113e-01 -4.484617109999999851e-01 -6.192536000000000221e-03 8.828771109999999922e-01
1.702688203181320906e+09 8.205514000000000557e-03 -9.956229999999999507e-04 1.699905399999999955e-01 -1.396533100000000027e-01 -4.460064169999999883e-01 -6.966711000000000431e-03 8.840399979999999935e-01
1.702688203554644823e+09 8.199174000000000045e-03 -9.928249999999999142e-04 1.699956950000000022e-01 -1.379462029999999895e-01 -4.289482829999999858e-01 -7.646599999999999925e-03 8.927013870000000129e-01
1.702688203805482388e+09 8.196003999999999790e-03 -9.917899999999999893e-04 1.699997779999999903e-01 -1.362199490000000068e-01 -4.110828340000000081e-01 -1.043724799999999966e-02 9.013024570000000013e-01
1.702688204010977030e+09 8.192572999999999869e-03 -9.904519999999999557e-04 1.700030710000000056e-01 -1.359939870000000106e-01 -4.026015700000000197e-01 -1.058052800000000050e-02 9.051550630000000375e-01
1.702688204221482992e+09 8.189023000000000135e-03 -9.891500000000000552e-04 1.700059770000000026e-01 -1.352166680000000121e-01 -3.916509449999999726e-01 -1.216679099999999972e-02 9.100428219999999735e-01
1.702688205057054520e+09 8.176239000000000076e-03 -9.843960000000000123e-04 1.700196710000000111e-01 -1.352882089999999926e-01 -3.447343709999999839e-01 -2.063092399999999840e-02 9.286709429999999710e-01
1.702688205230297089e+09 8.174268999999999633e-03 -9.831779999999999166e-04 1.700227559999999971e-01 -1.345071200000000078e-01 -3.355734650000000152e-01 -2.095380100000000106e-02 9.321262240000000032e-01
1.702688205428338766e+09 8.171934999999999963e-03 -9.823979999999999952e-04 1.700259299999999918e-01 -1.347410529999999995e-01 -3.227863309999999819e-01 -2.300821800000000042e-02 9.365492460000000019e-01
1.702688205678390741e+09 8.169097999999999637e-03 -9.804639999999999016e-04 1.700306980000000079e-01 -1.349520979999999926e-01 -3.085402549999999855e-01 -2.442592199999999922e-02 9.412726759999999748e-01
1.702688206635316849e+09 8.160506999999999136e-03 -9.750790000000000065e-04 1.700493540000000137e-01 -1.313677729999999932e-01 -2.183444200000000113e-01 -3.773901600000000023e-02 9.662525650000000077e-01
1.702688206806217194e+09 8.159744999999999499e-03 -9.742419999999999466e-04 1.700528410000000101e-01 -1.313281799999999888e-01 -2.029910980000000087e-01 -3.998167799999999966e-02 9.695096610000000226e-01
1.702688207341269493e+09 8.156098000000000514e-03 -9.711039999999999776e-04 1.700642109999999929e-01 -1.289462000000000108e-01 -1.512255520000000131e-01 -4.939581099999999780e-02 9.788073299999999755e-01
1.702688208133293867e+09 8.154022999999999827e-03 -9.667569999999999462e-04 1.700811389999999923e-01 -1.267434209999999950e-01 -9.347293499999999311e-02 -5.642859599999999753e-02 9.859080909999999864e-01
1.702688208344605207e+09 8.153399000000000410e-03 -9.651119999999999578e-04 1.700855789999999867e-01 -1.240647960000000050e-01 -8.276387999999999801e-02 -5.748380000000000156e-02 9.871442320000000104e-01
1.702688208634181261e+09 8.152525000000000743e-03 -9.633309999999999963e-04 1.700917630000000069e-01 -1.241720240000000058e-01 -7.569067899999999682e-02 -5.830351999999999757e-02 9.876502160000000252e-01
1.702688208966197252e+09 8.152160999999999783e-03 -9.615410000000000016e-04 1.700988410000000006e-01 -1.258380560000000037e-01 -7.339025300000000251e-02 -5.616064400000000262e-02 9.877371190000000523e-01
1.702688209134292126e+09 8.151804000000000341e-03 -9.603940000000000480e-04 1.701028199999999879e-01 -1.273071319999999895e-01 -7.921229999999999938e-02 -5.389728399999999670e-02 9.872251149999999864e-01
1.702688209301643372e+09 8.151052000000000644e-03 -9.593919999999999922e-04 1.701068729999999918e-01 -1.306965350000000026e-01 -8.280962000000000045e-02 -5.139812500000000284e-02 9.866200689999999884e-01
1.702688209884615183e+09 8.148129000000000483e-03 -9.555670000000000483e-04 1.701189130000000105e-01 -1.312045450000000057e-01 -9.091443600000000125e-02 -5.819185799999999908e-02 9.854611749999999670e-01
1.702688210091393948e+09 8.146339000000000705e-03 -9.539900000000000463e-04 1.701232789999999884e-01 -1.282790900000000123e-01 -1.008904949999999967e-01 -6.338050200000000522e-02 9.845550060000000103e-01
1.702688210515516043e+09 8.144027999999999337e-03 -9.519990000000000310e-04 1.701311470000000103e-01 -1.241779330000000042e-01 -1.344000099999999864e-01 -5.777247299999999780e-02 9.814167620000000536e-01
1.702688211213455200e+09 8.141506999999999217e-03 -9.491019999999999535e-04 1.701448560000000110e-01 -1.172556730000000047e-01 -1.190579380000000020e-01 -5.590007799999999888e-02 9.843533639999999529e-01
1.702688211423400164e+09 8.140368000000000256e-03 -9.478579999999999905e-04 1.701488049999999863e-01 -1.166590150000000048e-01 -1.079014759999999962e-01 -5.701855599999999802e-02 9.856454129999999703e-01
1.702688211630906820e+09 8.139023999999999912e-03 -9.463930000000000172e-04 1.701548099999999897e-01 -1.219293770000000054e-01 -9.181915999999999689e-02 -6.062686099999999717e-02 9.864212270000000116e-01
1.702688212424245834e+09 8.138373000000000829e-03 -9.424569999999999519e-04 1.701708879999999924e-01 -1.155749410000000005e-01 -5.440554799999999802e-02 -6.284710799999999875e-02 9.898144599999999516e-01
1.702688213050624371e+09 8.138196999999999792e-03 -9.390009999999999633e-04 1.701846270000000050e-01 -1.192787659999999944e-01 -2.120328299999999985e-02 -6.734901699999999714e-02 9.903469679999999942e-01
1.702688213296007633e+09 8.138022999999999438e-03 -9.375450000000000233e-04 1.701901409999999892e-01 -1.201709880000000064e-01 -6.946451000000000188e-03 -7.041759799999999792e-02 9.902282949999999806e-01
1.702688213508032560e+09 8.138592999999999522e-03 -9.369120000000000312e-04 1.701948050000000046e-01 -1.196928919999999952e-01 2.932978000000000147e-03 -7.228446800000000450e-02 9.901716710000000310e-01
1.702688214295942068e+09 8.140433000000000738e-03 -9.330789999999999614e-04 1.702116429999999958e-01 -1.173968610000000051e-01 4.688346399999999969e-02 -7.712739000000000400e-02 9.889748689999999787e-01
1.702688215417400599e+09 8.144777000000000614e-03 -9.280949999999999834e-04 1.702348890000000003e-01 -1.120737640000000063e-01 8.647667600000000232e-02 -8.190900099999999517e-02 9.865354299999999910e-01
1.702688216001829863e+09 8.146795999999999552e-03 -9.251860000000000422e-04 1.702470180000000000e-01 -1.123624289999999998e-01 6.641971300000000522e-02 -7.990323000000000564e-02 9.882199170000000032e-01
1.702688216211667061e+09 8.147054000000000795e-03 -9.239930000000000148e-04 1.702516669999999954e-01 -1.135206819999999978e-01 5.796008899999999936e-02 -7.862409900000000285e-02 9.887223840000000097e-01
1.702688216834064484e+09 8.147658999999999804e-03 -9.211609999999999850e-04 1.702650189999999897e-01 -1.141624150000000032e-01 3.393594500000000208e-02 -7.636533700000000535e-02 9.899412389999999728e-01
1.702688217083516359e+09 8.148336000000000814e-03 -9.197559999999999807e-04 1.702702640000000045e-01 -1.156550650000000013e-01 2.982397599999999857e-02 -7.487560099999999996e-02 9.900141949999999857e-01
1.702688217290939808e+09 8.148529999999999315e-03 -9.185190000000000195e-04 1.702746300000000101e-01 -1.158847509999999942e-01 3.091945100000000057e-02 -7.500134399999999757e-02 9.899442200000000414e-01
1.702688217501604080e+09 8.148809999999999387e-03 -9.175849999999999502e-04 1.702792640000000135e-01 -1.170854640000000002e-01 3.336438500000000335e-02 -7.569234099999999632e-02 9.896709320000000032e-01
1.702688217708326101e+09 8.149791999999999453e-03 -9.166000000000000536e-04 1.702838989999999886e-01 -1.163400559999999972e-01 4.103246299999999819e-02 -7.658187299999999476e-02 9.894021750000000504e-01
1.702688217915682554e+09 8.150673000000000640e-03 -9.158029999999999730e-04 1.702882950000000062e-01 -1.153280809999999990e-01 4.524637000000000103e-02 -7.729402900000000021e-02 9.892814760000000485e-01
1.702688218125150204e+09 8.150851000000000623e-03 -9.149419999999999688e-04 1.702923919999999869e-01 -1.143445299999999998e-01 4.567663000000000278e-02 -7.721289200000000519e-02 9.893822070000000135e-01
1.702688218581624746e+09 8.151602000000000847e-03 -9.123399999999999826e-04 1.703021680000000038e-01 -1.151002940000000058e-01 4.690265999999999880e-02 -7.766344399999999815e-02 9.892019029999999935e-01
1.702688219582042217e+09 8.154725999999999295e-03 -9.071450000000000433e-04 1.703232379999999879e-01 -1.136567740000000021e-01 5.546193199999999851e-02 -7.862617800000000490e-02 9.888498780000000155e-01
1.702688220045918465e+09 8.156527000000000222e-03 -9.049019999999999633e-04 1.703331620000000102e-01 -1.130624489999999954e-01 6.889894600000000258e-02 -7.995518299999999912e-02 9.879660609999999510e-01
1.702688220250758171e+09 8.157017000000000781e-03 -9.037649999999999503e-04 1.703373340000000069e-01 -1.123059909999999939e-01 6.773958400000000546e-02 -8.003635000000000610e-02 9.881259799999999593e-01
1.702688220541430473e+09 8.158247000000000415e-03 -9.025689999999999841e-04 1.703437419999999924e-01 -1.119331120000000013e-01 7.634089900000000373e-02 -8.052481699999999853e-02 9.875013230000000419e-01
1.702688221539165497e+09 8.163477000000000580e-03 -8.982289999999999545e-04 1.703646480000000074e-01 -1.080333519999999992e-01 1.128823830000000028e-01 -8.407257499999999661e-02 9.841331840000000497e-01
1.702688221786880016e+09 8.164545999999999956e-03 -8.974859999999999652e-04 1.703697289999999975e-01 -1.076131089999999985e-01 1.194025870000000045e-01 -8.478210099999999860e-02 9.833486080000000129e-01
1.702688222040700674e+09 8.166226000000000387e-03 -8.963779999999999751e-04 1.703748109999999871e-01 -1.068576430000000022e-01 1.298129560000000071e-01 -8.724559799999999365e-02 9.818952680000000433e-01
1.702688222537742138e+09 8.169562000000000004e-03 -8.944369999999999881e-04 1.703848089999999982e-01 -1.051628289999999993e-01 1.381256879999999965e-01 -8.747784799999999694e-02 9.809228779999999981e-01
1.702688222871414900e+09 8.171754999999999297e-03 -8.931940000000000409e-04 1.703915599999999975e-01 -1.049987450000000044e-01 1.364056770000000030e-01 -8.728197999999999512e-02 9.811985490000000310e-01
1.702688223202704668e+09 8.173780000000000281e-03 -8.918710000000000266e-04 1.703983840000000138e-01 -1.061230449999999992e-01 1.316194980000000014e-01 -8.697766099999999778e-02 9.817581770000000096e-01
1.702688223499274969e+09 8.174888999999999420e-03 -8.906759999999999677e-04 1.704043749999999968e-01 -1.072833239999999994e-01 1.243916000000000049e-01 -8.573284700000000091e-02 9.826835390000000503e-01
1.702688223830166578e+09 8.176746000000000361e-03 -8.891139999999999851e-04 1.704115569999999913e-01 -1.072765370000000051e-01 1.145032639999999935e-01 -8.457632399999999440e-02 9.839855429999999625e-01
1.702688224161460876e+09 8.177833000000000671e-03 -8.882939999999999760e-04 1.704172790000000048e-01 -1.078670020000000035e-01 1.039792219999999962e-01 -8.223230400000000606e-02 9.852871890000000077e-01
1.702688224499804020e+09 8.178909999999999306e-03 -8.867770000000000513e-04 1.704228520000000136e-01 -1.091166209999999970e-01 9.486298999999999426e-02 -8.132907000000000330e-02 9.861441250000000380e-01
1.702688224785209179e+09 8.180224999999999302e-03 -8.859939999999999743e-04 1.704274120000000003e-01 -1.080250070000000062e-01 1.011594910000000042e-01 -8.181973500000000454e-02 9.855977299999999497e-01
1.702688225830490589e+09 8.186792000000000027e-03 -8.817570000000000486e-04 1.704488839999999950e-01 -1.071114910000000031e-01 1.376317740000000123e-01 -8.616023500000000168e-02 9.808980819999999490e-01
1.702688226491573334e+09 8.191422999999999760e-03 -8.790500000000000353e-04 1.704616549999999897e-01 -1.056252349999999979e-01 1.537567820000000085e-01 -9.045741000000000198e-02 9.782738090000000497e-01
1.702688226783055544e+09 8.193896000000000859e-03 -8.780129999999999706e-04 1.704672869999999951e-01 -1.045027750000000061e-01 1.651950929999999873e-01 -8.999346900000000649e-02 9.765710229999999825e-01
1.702688227076787710e+09 8.195940999999999990e-03 -8.772059999999999493e-04 1.704732330000000018e-01 -1.049892459999999944e-01 1.667031350000000023e-01 -8.984610399999999608e-02 9.762760999999999800e-01
1.702688227373786926e+09 8.198419999999999666e-03 -8.759399999999999652e-04 1.704788660000000067e-01 -1.045604499999999992e-01 1.723293810000000037e-01 -8.995792299999999519e-02 9.753344659999999555e-01
1.702688228032671452e+09 8.203395000000000478e-03 -8.733449999999999807e-04 1.704920229999999925e-01 -1.037524640000000026e-01 1.661736669999999971e-01 -8.959098199999999956e-02 9.765219689999999897e-01
1.702688228704123020e+09 8.209700000000000331e-03 -8.718480000000000457e-04 1.705047490000000110e-01 -1.012284090000000053e-01 1.992887560000000113e-01 -9.430506099999999559e-02 9.701254369999999794e-01
1.702688228952790022e+09 8.211767000000000025e-03 -8.709129999999999606e-04 1.705094580000000026e-01 -9.852832599999999941e-02 2.085691689999999987e-01 -9.529236000000000650e-02 9.683545230000000226e-01
1.702688229280386209e+09 8.214842999999999451e-03 -8.700879999999999812e-04 1.705159539999999974e-01 -9.733505500000000366e-02 2.205342499999999872e-01 -9.726277699999999471e-02 9.656244520000000220e-01
1.702688229531050682e+09 8.217306000000000610e-03 -8.692549999999999843e-04 1.705207079999999931e-01 -9.604380299999999704e-02 2.296999690000000038e-01 -9.744247000000000325e-02 9.635966419999999477e-01
1.702688229825685024e+09 8.220641000000000753e-03 -8.684479999999999630e-04 1.705262959999999939e-01 -9.530809499999999546e-02 2.386252279999999948e-01 -9.768160400000000521e-02 9.614742400000000355e-01
1.702688230113241911e+09 8.223664000000000321e-03 -8.678950000000000380e-04 1.705313320000000077e-01 -9.382135399999999570e-02 2.432984410000000042e-01 -9.822939299999999818e-02 9.603928330000000013e-01
1.702688230365536690e+09 8.226433999999999483e-03 -8.672730000000000022e-04 1.705361750000000121e-01 -9.309810400000000097e-02 2.510383729999999813e-01 -9.897158999999999818e-02 9.583929780000000065e-01
1.702688230613232136e+09 8.228749000000000480e-03 -8.665660000000000376e-04 1.705409880000000045e-01 -9.518196399999999391e-02 2.527677709999999744e-01 -9.948120300000000416e-02 9.576807019999999948e-01
1.702688230866126299e+09 8.231438000000000643e-03 -8.655740000000000309e-04 1.705456230000000073e-01 -9.646987899999999450e-02 2.461135829999999969e-01 -9.870721400000000145e-02 9.593636389999999903e-01
1.702688232030223608e+09 8.241193000000000823e-03 -8.616480000000000146e-04 1.705685999999999869e-01 -1.041546609999999956e-01 1.847458329999999982e-01 -9.147091200000000144e-02 9.729613660000000497e-01
1.702688232327083588e+09 8.243222999999999176e-03 -8.604770000000000084e-04 1.705745009999999895e-01 -1.058350500000000000e-01 1.683094199999999874e-01 -9.020257700000000600e-02 9.758762119999999651e-01
1.702688232574000120e+09 8.244474999999999373e-03 -8.592759999999999634e-04 1.705799400000000132e-01 -1.065882670000000004e-01 1.563770029999999867e-01 -8.829451400000000449e-02 9.779515859999999838e-01
1.702688233154267788e+09 8.248013000000000219e-03 -8.566640000000000366e-04 1.705918909999999955e-01 -1.089303269999999935e-01 1.295615139999999887e-01 -8.401051900000000572e-02 9.819828269999999470e-01
1.702688233487832308e+09 8.249835999999999975e-03 -8.556679999999999668e-04 1.705985959999999912e-01 -1.101327609999999957e-01 1.145427150000000033e-01 -8.296169300000000302e-02 9.838029149999999445e-01
1.702688234073702097e+09 8.250936000000000381e-03 -8.527159999999999991e-04 1.706111429999999929e-01 -1.119087490000000018e-01 9.102456999999999909e-02 -8.024971200000000082e-02 9.862813950000000052e-01
1.702688234776224375e+09 8.254073000000000659e-03 -8.495389999999999582e-04 1.706258360000000029e-01 -1.142822800000000000e-01 7.297412300000000185e-02 -7.816440600000000571e-02 9.876764420000000433e-01
1.702688235070703506e+09 8.254917999999999978e-03 -8.486439999999999609e-04 1.706314240000000038e-01 -1.146465910000000060e-01 7.162487500000000451e-02 -7.840648999999999536e-02 9.877137540000000548e-01
1.702688235734902382e+09 8.256502000000000632e-03 -8.456139999999999577e-04 1.706452519999999973e-01 -1.177222510000000000e-01 5.232489099999999838e-02 -7.702828200000000347e-02 9.886709449999999677e-01
1.702688236108075380e+09 8.257670999999999414e-03 -8.442389999999999920e-04 1.706530450000000032e-01 -1.175486300000000012e-01 4.563859099999999919e-02 -7.607355000000000367e-02 9.890967010000000226e-01
1.702688236734096289e+09 8.258951999999999960e-03 -8.411859999999999520e-04 1.706660389999999916e-01 -1.174119639999999937e-01 5.691655699999999957e-02 -7.743297500000000111e-02 9.884225129999999471e-01
1.702688237028928995e+09 8.260552000000000866e-03 -8.400859999999999795e-04 1.706719849999999983e-01 -1.175959329999999997e-01 6.314402099999999463e-02 -7.931783100000000530e-02 9.878728390000000026e-01
1.702688237358865261e+09 8.260830999999999730e-03 -8.384679999999999824e-04 1.706794949999999866e-01 -1.182271240000000029e-01 7.323402900000000604e-02 -8.071758599999999395e-02 9.869872330000000193e-01
1.702688237783702374e+09 8.262399999999999606e-03 -8.363679999999999856e-04 1.706878689999999921e-01 -1.161353660000000038e-01 9.357933000000000223e-02 -8.191138500000000322e-02 9.854166509999999768e-01
1.702688238108538628e+09 8.264703999999999454e-03 -8.349520000000000249e-04 1.706945300000000110e-01 -1.146225480000000047e-01 1.074132990000000037e-01 -8.402503299999999897e-02 9.840040209999999510e-01
1.702688238441134930e+09 8.266670999999999742e-03 -8.336770000000000074e-04 1.707015189999999960e-01 -1.140581670000000020e-01 1.129992749999999962e-01 -8.518629499999999521e-02 9.833438989999999658e-01
1.702688238775736809e+09 8.267900999999999376e-03 -8.320769999999999686e-04 1.707086120000000096e-01 -1.137690920000000022e-01 1.084361900000000017e-01 -8.331137199999999465e-02 9.840515850000000064e-01
1.702688239148632288e+09 8.270229999999999942e-03 -8.305520000000000264e-04 1.707159729999999931e-01 -1.137305130000000053e-01 1.098767070000000040e-01 -8.434594400000000602e-02 9.838080409999999665e-01
1.702688239480493546e+09 8.273050000000000542e-03 -8.292290000000000121e-04 1.707224400000000031e-01 -1.140008789999999994e-01 1.113674040000000032e-01 -8.413194899999999754e-02 9.836274390000000478e-01
1.702688239815783501e+09 8.274501000000000078e-03 -8.276810000000000330e-04 1.707294139999999960e-01 -1.133633849999999971e-01 1.122091110000000003e-01 -8.417779200000000128e-02 9.836015110000000394e-01
1.702688240189439535e+09 8.275160999999999628e-03 -8.258910000000000383e-04 1.707375790000000004e-01 -1.142873169999999994e-01 1.116761859999999967e-01 -8.458325299999999713e-02 9.835205080000000155e-01
1.702688240604494095e+09 8.278311999999999476e-03 -8.245630000000000537e-04 1.707455069999999908e-01 -1.140777169999999952e-01 1.134351940000000031e-01 -8.448107500000000269e-02 9.833522439999999865e-01
1.702688240983106852e+09 8.280084000000000055e-03 -8.229430000000000252e-04 1.707532999999999967e-01 -1.127140070000000049e-01 1.135447700000000032e-01 -8.361821599999999521e-02 9.835705759999999742e-01
1.702688241313986778e+09 8.280341000000000090e-03 -8.218280000000000333e-04 1.707603340000000136e-01 -1.130945680000000064e-01 1.127520800000000045e-01 -8.396858699999999731e-02 9.835882780000000380e-01
1.702688242771751881e+09 8.289629999999999221e-03 -8.149340000000000143e-04 1.707903149999999981e-01 -1.154319119999999976e-01 1.215299590000000068e-01 -8.609254700000000537e-02 9.820865389999999806e-01
1.702688243103864908e+09 8.292818999999999885e-03 -8.138940000000000107e-04 1.707960219999999918e-01 -1.144644390000000012e-01 1.201465060000000001e-01 -8.558502799999999355e-02 9.824143650000000116e-01
1.702688243476631880e+09 8.293823999999999988e-03 -8.120420000000000155e-04 1.708046350000000102e-01 -1.153952480000000058e-01 1.182404910000000031e-01 -8.492507800000000107e-02 9.825939540000000472e-01
1.702688243851826429e+09 8.293020999999999379e-03 -8.101599999999999817e-04 1.708125769999999932e-01 -1.170270290000000046e-01 1.176281269999999990e-01 -8.444832300000000569e-02 9.825155740000000026e-01
1.702688244186417341e+09 8.292317000000000438e-03 -8.080309999999999620e-04 1.708202209999999943e-01 -1.168493399999999960e-01 1.158512829999999993e-01 -8.499191000000000384e-02 9.827009439999999652e-01
1.702688244518911123e+09 8.296183999999999850e-03 -8.066310000000000363e-04 1.708261819999999931e-01 -1.141889690000000013e-01 9.773535999999999335e-02 -8.198944499999999413e-02 9.852342010000000316e-01
1.702688245227238417e+09 8.298005000000000658e-03 -8.039269999999999619e-04 1.708409039999999879e-01 -1.139767539999999996e-01 9.745819099999999957e-02 -8.093354899999999352e-02 9.853734969999999871e-01
1.702688245851113796e+09 8.299915999999999197e-03 -8.007879999999999773e-04 1.708508880000000063e-01 -1.121576579999999934e-01 9.650189400000000473e-02 -8.014985199999999366e-02 9.857403639999999800e-01
1.702688246142234325e+09 8.300523000000000623e-03 -8.007519999999999525e-04 1.708516029999999908e-01 -1.127678750000000035e-01 9.675414899999999763e-02 -8.029962300000000053e-02 9.856337899999999541e-01
1.702688246433336020e+09 8.300844999999999405e-03 -8.008670000000000285e-04 1.708514389999999938e-01 -1.125967060000000047e-01 9.652578100000000494e-02 -8.008679700000000123e-02 9.856930969999999625e-01
1.702688246683864355e+09 8.301028999999999700e-03 -8.008320000000000195e-04 1.708513799999999971e-01 -1.123694400000000010e-01 9.591869299999999932e-02 -8.003473299999999679e-02 9.857825639999999723e-01
