1.703784360022506237e+09 0.000000000000000000e+00 0.000000000000000000e+00 0.000000000000000000e+00 -0.000000000000000000e+00 -0.000000000000000000e+00 -0.000000000000000000e+00 1.000000000000000000e+00
1.703784360186384916e+09 -2.539799999999999976e-05 1.939300000000000084e-04 2.044971699999999920e-02 4.777560000000000248e-04 -7.054200000000000325e-05 -4.408589999999999883e-04 9.999998209999999554e-01
1.703784360270563841e+09 -4.467860000000000147e-04 -5.102699999999999781e-05 2.963557799999999923e-02 1.216719999999999911e-03 -1.048265999999999955e-03 -4.877060000000000227e-04 9.999986290000000277e-01
1.703784360351946354e+09 -5.906079999999999533e-04 -8.532799999999999348e-05 3.911918400000000129e-02 1.369306999999999946e-03 -1.310919000000000017e-03 -7.460049999999999971e-04 9.999979140000000433e-01
1.703784360561715364e+09 -1.094878999999999991e-03 -3.203230000000000161e-04 6.353095200000000164e-02 8.041539999999999582e-04 -1.614844999999999952e-03 -1.485592999999999896e-03 9.999972580000000555e-01
1.703784360728130102e+09 -1.269570999999999937e-03 9.696099999999999543e-05 8.293335899999999816e-02 1.562255000000000024e-03 -2.123728999999999981e-03 -1.822908999999999944e-03 9.999948739999999781e-01
1.703784361018845081e+09 -1.501147999999999892e-03 -9.686000000000000436e-05 1.165351200000000059e-01 2.047387999999999812e-03 -2.246417000000000119e-03 -1.354911000000000093e-03 9.999944570000000033e-01
1.703784361310513973e+09 -1.875238999999999899e-03 -4.485620000000000059e-04 1.503370699999999893e-01 1.307835999999999938e-03 -2.356603999999999990e-03 -7.287170000000000366e-04 9.999961259999999852e-01
1.703784361642393589e+09 -2.449147000000000043e-03 -7.691669999999999627e-04 1.894020140000000074e-01 2.586545999999999897e-03 -5.805834000000000168e-03 -6.409379999999999678e-04 9.999796149999999884e-01
1.703784361893409252e+09 -3.276859999999999929e-03 -8.579189999999999559e-04 2.172986120000000021e-01 3.843945999999999995e-03 -7.738733999999999717e-03 -9.480999999999999519e-06 9.999626870000000167e-01
1.703784362146276236e+09 -3.321918000000000093e-03 -5.440700000000000137e-04 2.470360400000000123e-01 3.055636999999999937e-03 -7.438806000000000064e-03 5.174900000000000208e-05 9.999676939999999625e-01
1.703784362438644886e+09 -4.858984999999999693e-03 -7.947380000000000199e-04 2.811328470000000190e-01 3.104936999999999888e-03 -7.951974000000000542e-03 -1.053420000000000007e-03 9.999630449999999948e-01
1.703784363016303778e+09 -5.452740999999999665e-03 -1.216321999999999933e-03 3.495236340000000275e-01 1.980429000000000130e-03 -8.566693999999999698e-03 6.735000000000000535e-04 9.999611379999999716e-01
1.703784363355322599e+09 -7.610053999999999777e-03 -1.574859999999999975e-03 3.890962600000000271e-01 1.746518000000000072e-03 -8.038231999999999322e-03 -2.707699999999999842e-05 9.999662040000000252e-01
1.703784363640621424e+09 -7.196011000000000421e-03 -1.446018000000000086e-03 4.238703549999999765e-01 8.073829999999999505e-04 -7.862749000000000474e-03 1.232879999999999892e-04 9.999687670000000361e-01
1.703784363973494768e+09 -8.734976000000000199e-03 -1.053822000000000049e-03 4.613381919999999803e-01 2.884373999999999879e-03 -8.260939000000000129e-03 -3.359510000000000230e-04 9.999616740000000226e-01
1.703784364314604521e+09 -9.430845999999999674e-03 -1.858552999999999985e-03 4.993456299999999848e-01 3.395514999999999992e-03 -9.071970999999999855e-03 -6.336859999999999498e-04 9.999529120000000271e-01
1.703784364683399200e+09 -1.052784099999999959e-02 -2.517355000000000200e-03 5.432927610000000129e-01 2.507865000000000181e-03 -9.760585000000000441e-03 -2.441359999999999949e-04 9.999492169999999458e-01
1.703784365059247255e+09 -1.171907999999999977e-02 -2.189927999999999840e-03 5.884216429999999942e-01 2.718565999999999951e-03 -1.396774500000000016e-02 3.076239999999999942e-04 9.998987320000000123e-01
1.703784365433826447e+09 -1.291480499999999969e-02 -2.497074000000000168e-03 6.313886640000000439e-01 3.004236999999999880e-03 -1.377432599999999993e-02 1.886499999999999980e-05 9.999006390000000355e-01
1.703784365809497356e+09 -1.386798900000000070e-02 -2.116105000000000069e-03 6.759240029999999955e-01 1.934664999999999909e-03 -1.615062399999999884e-02 2.577410000000000248e-04 9.998676779999999820e-01
1.703784366224166870e+09 -1.574957700000000071e-02 -1.884082000000000031e-03 7.259769440000000129e-01 3.142700000000000116e-04 -1.826660299999999931e-02 -1.308020000000000124e-04 9.998331070000000542e-01
1.703784366638557434e+09 -1.830249700000000090e-02 -1.854453999999999955e-03 7.750287059999999562e-01 1.263240000000000055e-04 -1.937199200000000107e-02 -8.840630000000000363e-04 9.998119469999999787e-01
1.703784367059148312e+09 -2.039208299999999835e-02 -2.639134000000000011e-03 8.244619370000000336e-01 -5.389109999999999907e-04 -2.015625100000000003e-02 -6.751469999999999650e-04 9.997964499999999477e-01
1.703784367434090137e+09 -2.385482800000000153e-02 -2.885439000000000059e-03 8.678297400000000161e-01 1.586539999999999890e-04 -2.213907199999999922e-02 -1.232145999999999936e-03 9.997541309999999903e-01
1.703784367888320446e+09 -2.673791199999999910e-02 -2.805643000000000026e-03 9.206225869999999922e-01 1.536805999999999936e-03 -2.163637100000000146e-02 -5.657519999999999867e-04 9.997645619999999678e-01
1.703784368309511185e+09 -2.885518000000000111e-02 -2.032336000000000038e-03 9.703066949999999968e-01 -5.224739999999999853e-04 -2.127777000000000140e-02 -1.668304999999999918e-03 9.997720719999999561e-01
1.703784368719784498e+09 -3.201797199999999871e-02 -2.140693999999999843e-03 1.018653988999999926e+00 5.470000000000000144e-07 -2.499515000000000070e-02 7.347319999999999849e-04 9.996873139999999935e-01
1.703784369219409704e+09 -3.336621099999999979e-02 -1.787949000000000049e-03 1.076619624999999969e+00 4.953289999999999733e-04 -1.814809300000000056e-02 1.555376000000000024e-03 9.998340009999999722e-01
1.703784369678910255e+09 -3.563399999999999901e-02 -2.038510999999999795e-03 1.130966305999999921e+00 -7.144049999999999880e-04 -1.667616300000000079e-02 1.742197999999999924e-03 9.998592139999999961e-01
1.703784370220431089e+09 -3.754396000000000122e-02 -3.655620000000000050e-03 1.191707611000000000e+00 2.248196000000000049e-03 -1.998729299999999973e-02 2.122459000000000151e-03 9.997954959999999502e-01
1.703784370683678865e+09 -4.078967099999999957e-02 -4.002338000000000250e-03 1.244499921999999925e+00 3.683722999999999859e-03 -2.612901999999999933e-02 2.237170000000000131e-03 9.996492860000000258e-01
1.703784371260725021e+09 -4.248480500000000049e-02 -4.423988999999999699e-03 1.311963081000000031e+00 3.051761000000000057e-03 -1.354605400000000008e-02 7.773069999999999763e-04 9.999033210000000116e-01
1.703784371844620228e+09 -4.602985500000000146e-02 -5.786933000000000181e-03 1.370839356999999925e+00 4.946935000000000394e-03 -2.725480699999999895e-02 4.159899999999999931e-05 9.996162650000000038e-01
1.703784372510026693e+09 -5.587710099999999847e-02 -6.359191000000000149e-03 1.448570608999999898e+00 5.791097000000000258e-03 -5.273946699999999821e-02 2.345100000000000027e-04 9.985914830000000020e-01
1.703784373091891527e+09 -6.286043700000000511e-02 -5.904628000000000307e-03 1.516489387000000022e+00 3.805398000000000201e-03 -5.852914199999999928e-02 1.995160000000000163e-03 9.982764720000000258e-01
1.703784373634910345e+09 -7.234964500000000409e-02 -5.261735000000000023e-03 1.580258130999999899e+00 1.147818000000000102e-03 -6.151479900000000195e-02 1.577906999999999921e-03 9.981042740000000135e-01
1.703784374218782902e+09 -7.738983600000000351e-02 -4.558292000000000246e-03 1.648479462000000062e+00 -1.108529999999999932e-03 -4.637836299999999884e-02 1.746752000000000070e-03 9.989218119999999645e-01
1.703784374884304523e+09 -8.380468900000000165e-02 -5.591052000000000001e-03 1.724462031999999923e+00 3.290340000000000213e-04 -3.454270200000000152e-02 9.701819999999999888e-04 9.994027020000000316e-01
1.703784375465635300e+09 -8.537279100000000343e-02 -5.064139999999999961e-03 1.792670846000000040e+00 1.627395999999999921e-03 -2.054130499999999929e-02 8.029400000000000339e-04 9.997873900000000535e-01
1.703784376090571880e+09 -8.953086999999999851e-02 -5.334494000000000388e-03 1.865654826000000099e+00 -2.912300000000000153e-04 -2.507785300000000064e-02 -8.762000000000000135e-06 9.996854659999999670e-01
1.703784376715131044e+09 -9.187040500000000220e-02 -4.742139000000000250e-03 1.936849355999999966e+00 -8.357959999999999782e-04 -1.453852599999999953e-02 -9.597229999999999997e-04 9.998935460000000219e-01
1.703784377419931173e+09 -9.410066899999999790e-02 -5.049279000000000267e-03 2.018133879000000075e+00 -1.873719999999999943e-03 -1.290911500000000052e-02 -2.659102999999999901e-03 9.999113680000000226e-01
1.703784378129214048e+09 -9.635788900000000212e-02 -4.878472000000000017e-03 2.099780797999999837e+00 -2.331767000000000215e-03 -1.726267999999999900e-02 -5.418849999999999795e-04 9.998481270000000309e-01
1.703784378752966881e+09 -9.951815799999999546e-02 -4.551727000000000203e-03 2.171758651999999845e+00 -8.581170000000000377e-04 -1.905350600000000130e-02 -1.053331000000000016e-03 9.998175500000000548e-01
1.703784379378294945e+09 -1.028252840000000029e-01 -4.247876000000000256e-03 2.244080544000000010e+00 -2.822906000000000026e-03 -2.063154199999999924e-02 -1.021114000000000049e-03 9.997826810000000064e-01
1.703784380047982454e+09 -1.059321980000000052e-01 -4.511069999999999837e-03 2.320339918000000168e+00 -1.183615999999999965e-03 -1.460863100000000039e-02 -7.565500000000000393e-04 9.998923539999999832e-01
1.703784380717088223e+09 -1.082070019999999966e-01 -4.089388999999999698e-03 2.397001981999999920e+00 -1.174071999999999963e-03 -2.450638999999999942e-02 5.174869999999999600e-04 9.996988770000000413e-01
1.703784381375265837e+09 -1.110859510000000022e-01 -3.932945000000000191e-03 2.470916271000000108e+00 -1.098020000000000034e-04 -2.528823200000000077e-02 7.563780000000000416e-04 9.996799229999999703e-01
1.703784382003596544e+09 -1.100390930000000045e-01 -3.352683999999999873e-03 2.544917821999999941e+00 -1.819656000000000008e-03 3.421397999999999974e-03 9.221410000000000197e-04 9.999920730000000368e-01
1.703784382713481665e+09 -1.039597909999999958e-01 -4.600403000000000305e-03 2.625099182000000031e+00 1.840646000000000036e-03 3.485350300000000096e-02 6.233709999999999512e-04 9.993906019999999613e-01
1.703784383417652130e+09 -9.170060600000000395e-02 -5.305197999999999685e-03 2.707249403000000054e+00 1.832501999999999959e-03 6.638728100000000631e-02 -5.441019999999999754e-04 9.977921250000000297e-01
1.703784384122308493e+09 -7.638533399999999918e-02 -5.475317999999999852e-03 2.788626670999999835e+00 6.996290000000000061e-04 7.814498200000000172e-02 -5.604700000000000057e-05 9.969418049999999587e-01
1.703784384958669901e+09 -6.463139499999999427e-02 -4.090705000000000036e-03 2.885453939000000023e+00 4.510890000000000039e-04 7.039044099999999804e-02 4.919799999999999889e-05 9.975194330000000109e-01
1.703784385747381687e+09 -5.156624299999999772e-02 -5.159389999999999810e-03 2.975844383000000093e+00 2.611455999999999847e-03 6.392376099999999561e-02 6.100670000000000528e-04 9.979512099999999775e-01
1.703784386498089075e+09 -4.089417299999999894e-02 -5.776724999999999915e-03 3.063202380999999974e+00 -3.148119999999999803e-04 6.144634300000000049e-02 3.498600000000000012e-05 9.981103540000000329e-01
1.703784387414326668e+09 -3.024000900000000172e-02 -5.357241000000000433e-03 3.168563365999999881e+00 1.567879000000000104e-03 6.071181999999999968e-02 -2.427600000000000135e-04 9.981541040000000420e-01
1.703784388369225264e+09 -1.643438599999999875e-02 -5.790108999999999881e-03 3.278133153999999827e+00 2.064241999999999987e-03 6.183879800000000038e-02 2.895749999999999778e-04 9.980839489999999703e-01
1.703784389206003189e+09 -3.869332999999999974e-03 -5.813399999999999818e-03 3.373454332000000111e+00 1.188245000000000100e-03 5.428470999999999991e-02 4.394180000000000134e-04 9.985246660000000052e-01
1.703784390118775845e+09 2.750779999999999979e-04 -6.215896000000000268e-03 3.479958057000000160e+00 1.279793999999999897e-03 2.389462499999999920e-02 1.575844999999999980e-03 9.997124670000000490e-01
1.703784390868013859e+09 8.859040000000000317e-03 -6.389314000000000104e-03 3.566453457000000160e+00 1.528520000000000009e-03 4.699996499999999772e-02 2.649360000000000126e-04 9.988936779999999516e-01
1.703784391662169456e+09 1.909313699999999961e-02 -6.737131999999999843e-03 3.658598661000000085e+00 5.116390000000000391e-04 4.753791899999999793e-02 7.309260000000000149e-04 9.988690609999999470e-01
1.703784392490577459e+09 2.768851400000000088e-02 -6.231366999999999809e-03 3.755775927999999819e+00 1.118754000000000016e-03 5.103450999999999821e-02 4.801809999999999889e-04 9.986961479999999503e-01
1.703784393247157812e+09 3.574970400000000020e-02 -6.774810000000000033e-03 3.841150521999999956e+00 3.330153000000000193e-03 4.827237100000000142e-02 1.843117000000000019e-03 9.988269810000000026e-01
1.703784394033471346e+09 4.549398999999999804e-02 -7.848114999999999258e-03 3.931641340000000096e+00 3.068622000000000016e-03 4.970824299999999918e-02 1.799978999999999945e-03 9.987574820000000297e-01
1.703784394575064421e+09 5.217213600000000090e-02 -7.345820000000000301e-03 3.994956493000000108e+00 1.288955999999999956e-03 5.883573699999999906e-02 7.932259999999999572e-04 9.982665779999999600e-01
1.703784395116578341e+09 6.042553500000000244e-02 -7.423059000000000081e-03 4.058008194000000124e+00 -1.873999999999999972e-06 6.788816999999999768e-02 3.864730000000000248e-04 9.976928830000000303e-01
1.703784395698546410e+09 7.239580900000000541e-02 -7.516677000000000254e-03 4.124972342999999597e+00 1.828472000000000040e-03 7.948408999999999336e-02 2.127680000000000066e-04 9.968344569999999516e-01
1.703784396195850849e+09 8.383024499999999768e-02 -7.761251000000000261e-03 4.183018208000000016e+00 5.899219999999999941e-04 9.026037900000000169e-02 4.511110000000000250e-04 9.959179160000000142e-01
1.703784396736968279e+09 9.528698800000000302e-02 -7.875724000000000613e-03 4.245083332000000098e+00 6.677229999999999494e-04 9.778226199999999479e-02 -9.990299999999999268e-04 9.952071310000000226e-01
1.703784397279750347e+09 1.072610690000000006e-01 -8.189698999999999937e-03 4.306864737999999804e+00 9.864360000000000402e-04 9.253280599999999523e-02 -7.257750000000000095e-04 9.957088830000000446e-01
1.703784397737281322e+09 1.150165050000000050e-01 -9.055854999999999808e-03 4.358156204000000145e+00 3.671160000000000135e-03 8.159914599999999740e-02 -7.549349999999999811e-04 9.966582059999999910e-01
1.703784398361955643e+09 1.217821020000000032e-01 -9.023836999999999831e-03 4.431709765999999995e+00 2.313503000000000174e-03 5.502686600000000067e-02 -5.178340000000000026e-04 9.984820490000000381e-01
1.703784398821055889e+09 1.236286909999999989e-01 -9.051892000000000618e-03 4.486255646000000041e+00 7.073370000000000482e-04 3.392784699999999709e-02 -8.791229999999999921e-04 9.994236829999999516e-01
1.703784399278359413e+09 1.238595019999999963e-01 -8.529675999999999925e-03 4.540663719000000320e+00 1.281289999999999925e-04 1.320065200000000022e-02 1.199310000000000008e-04 9.999128579999999600e-01
1.703784399781708479e+09 1.215327610000000030e-01 -9.610624999999999377e-03 4.599044799999999711e+00 -4.926610000000000321e-04 -9.855364000000000138e-03 -9.177859999999999708e-04 9.999508860000000388e-01
1.703784400317476273e+09 1.169343139999999975e-01 -9.215215000000000559e-03 4.662687777999999561e+00 -1.886989999999999902e-04 -2.619717100000000173e-02 3.433269999999999877e-04 9.996567370000000174e-01
1.703784400778054476e+09 1.136251610000000023e-01 -9.182081999999999397e-03 4.716688633000000408e+00 -2.291702999999999969e-03 -2.921244699999999903e-02 7.195499999999999802e-05 9.995706079999999716e-01
1.703784401278390169e+09 1.090087289999999987e-01 -8.676774999999999419e-03 4.775081635000000269e+00 -3.205056999999999871e-03 -2.832655200000000137e-02 -1.462140999999999918e-03 9.995925430000000000e-01
1.703784401774397373e+09 1.059403490000000031e-01 -8.992026999999999659e-03 4.832412243000000274e+00 -1.388900999999999894e-03 -2.377666499999999891e-02 -9.199489999999999838e-04 9.997159239999999780e-01
1.703784402315630913e+09 1.012595589999999990e-01 -8.715820000000000858e-03 4.895408154000000067e+00 -1.122630000000000058e-04 -3.518708400000000042e-02 -4.925650000000000384e-04 9.993806480000000381e-01
1.703784402815262794e+09 9.720972899999999473e-02 -8.402338999999999988e-03 4.955119609999999675e+00 -1.792156999999999951e-03 -3.140864100000000103e-02 -1.089600000000000030e-03 9.995044469999999626e-01
1.703784403401023149e+09 9.450760499999999453e-02 -7.621690000000000409e-03 5.022914410000000274e+00 -1.680676000000000088e-03 -2.633978199999999908e-02 -3.435879999999999772e-04 9.996516109999999955e-01
1.703784403984541655e+09 9.014799399999999518e-02 -7.587439999999999983e-03 5.091183661999999721e+00 -2.178555999999999895e-03 -2.979828799999999916e-02 -4.663840000000000260e-04 9.995535020000000381e-01
1.703784404563790560e+09 8.550577600000000555e-02 -7.345054999999999640e-03 5.157904624999999577e+00 -1.493434000000000081e-03 -2.384354199999999882e-02 -5.454039999999999843e-04 9.997144940000000091e-01
1.703784405150966644e+09 8.356195700000000615e-02 -7.846281999999999562e-03 5.226272583000000083e+00 5.819210000000000008e-04 -2.102131800000000064e-02 5.882770000000000056e-04 9.997786880000000265e-01
1.703784405771255970e+09 8.353457599999999927e-02 -8.214809999999999474e-03 5.299880981000000268e+00 -5.801060000000000461e-04 -6.074126000000000004e-03 -1.859739999999999917e-04 9.999814030000000464e-01
1.703784406312803268e+09 8.353100700000000434e-02 -7.745603999999999684e-03 5.362054348000000026e+00 3.415100000000000015e-04 -1.335292000000000076e-03 2.246510000000000011e-04 9.999990460000000025e-01
1.703784406936085224e+09 8.466953000000000673e-02 -8.186759000000000050e-03 5.435039520000000124e+00 5.755500000000000037e-05 6.046133000000000410e-03 6.391209999999999817e-04 9.999815229999999833e-01
1.703784407479896545e+09 8.735003299999999360e-02 -8.146023999999999973e-03 5.496894836000000062e+00 8.292889999999999810e-04 1.521512199999999933e-02 1.669900000000000055e-05 9.998838899999999974e-01
1.703784408104103088e+09 9.093063299999999682e-02 -8.365074000000000121e-03 5.569939612999999845e+00 -4.943729999999999913e-04 2.149331200000000053e-02 -3.078819999999999907e-04 9.997688529999999574e-01
1.703784408771105289e+09 9.312478500000000159e-02 -6.819706000000000032e-03 5.648427486000000108e+00 -1.529289000000000082e-03 1.994362499999999955e-02 -9.533379999999999719e-04 9.997994900000000129e-01
1.703784409393807173e+09 9.336099000000000481e-02 -6.371106999999999985e-03 5.720797061999999933e+00 -4.405689999999999758e-04 2.720573999999999909e-03 -9.682329999999999843e-04 9.999957680000000071e-01
1.703784410018461227e+09 9.512525800000000420e-02 -6.232656999999999954e-03 5.792846680000000248e+00 -4.615959999999999898e-04 1.862023599999999834e-02 -1.052131999999999894e-03 9.998259539999999612e-01
1.703784410770206928e+09 9.240654900000000449e-02 -5.771346000000000115e-03 5.842935562000000083e+00 -1.057278999999999945e-03 -1.082253600000000066e-02 -1.094052000000000089e-03 9.999402760000000168e-01
1.703784411390934706e+09 9.826010500000000036e-02 -7.170736999999999944e-03 5.909315108999999566e+00 -2.471810000000000175e-04 2.154009800000000058e-02 -1.307969999999999879e-04 9.997679590000000394e-01
1.703784412061799049e+09 1.047746539999999948e-01 -4.976870999999999899e-03 5.988244533999999675e+00 -1.313813000000000047e-03 3.542641199999999740e-02 1.411200000000000041e-04 9.993714089999999883e-01
1.703784412682974815e+09 1.131435479999999966e-01 -4.231933999999999696e-03 6.059190272999999571e+00 -3.593720000000000009e-04 6.214566900000000060e-02 5.136090000000000490e-04 9.980669020000000335e-01
1.703784413308513165e+09 1.286541519999999938e-01 -5.807345999999999689e-03 6.130238055999999602e+00 -1.636564000000000074e-03 9.389551699999999779e-02 8.712239999999999785e-04 9.955803159999999652e-01
1.703784413889076710e+09 1.463686670000000078e-01 -5.496082999999999698e-03 6.195868969000000170e+00 -5.048010000000000344e-04 1.161331460000000065e-01 1.839239000000000108e-03 9.932318329999999529e-01
1.703784414513478518e+09 1.664161680000000032e-01 -6.457644000000000231e-03 6.263374329000000351e+00 1.308560999999999969e-03 1.429795319999999925e-01 -6.444670000000000216e-04 9.897245759999999670e-01
1.703784415141332150e+09 1.892517210000000116e-01 -6.199496999999999994e-03 6.333348750999999943e+00 -2.638945000000000179e-03 1.587250829999999890e-01 -3.189660000000000086e-04 9.873192309999999638e-01
1.703784415720310926e+09 2.103348969999999929e-01 -5.588842000000000115e-03 6.397354603000000139e+00 -1.317603999999999997e-03 1.590948100000000032e-01 1.126257999999999990e-03 9.872618319999999503e-01
1.703784416346784115e+09 2.296964969999999995e-01 -5.963345999999999578e-03 6.465700149999999979e+00 -1.138370000000000094e-03 1.460291740000000116e-01 -7.912190000000000152e-04 9.892793300000000123e-01
1.703784416927566767e+09 2.422094200000000086e-01 -5.593075999999999777e-03 6.524855137000000305e+00 -3.567713000000000134e-03 1.137421500000000002e-01 -4.941420000000000404e-04 9.935038090000000155e-01
1.703784417469023943e+09 2.430802290000000088e-01 -7.847727000000000522e-03 6.566160201999999835e+00 -6.835429999999999978e-04 6.165526799999999918e-02 1.037490999999999977e-03 9.980967640000000252e-01
1.703784418053346395e+09 2.404457479999999869e-01 -8.550247999999999876e-03 6.618192673000000248e+00 -1.751174000000000090e-03 4.262961000000000007e-03 1.465998000000000041e-03 9.999883170000000154e-01
1.703784418808811665e+09 2.257707120000000123e-01 -5.393928000000000091e-03 6.690690993999999669e+00 -2.778019999999999969e-03 -6.453310700000000621e-02 1.052765999999999902e-03 9.979111550000000497e-01
1.703784419389025211e+09 2.093734740000000039e-01 -4.550404000000000081e-03 6.752812861999999861e+00 -2.650006999999999797e-03 -1.008545980000000036e-01 1.260945000000000078e-03 9.948968889999999510e-01
1.703784419893578291e+09 1.933204679999999953e-01 -3.405234000000000039e-03 6.810488224000000201e+00 -4.681384000000000239e-03 -1.251262280000000060e-01 3.058693999999999823e-03 9.921250940000000407e-01
1.703784420467717409e+09 1.699870079999999950e-01 -2.284557999999999901e-03 6.877407551000000119e+00 -5.693090999999999950e-03 -1.507068719999999917e-01 2.043997999999999995e-03 9.885600209999999555e-01
1.703784421050427198e+09 1.443989870000000064e-01 -1.924231999999999896e-03 6.939358234000000181e+00 -3.859912000000000065e-03 -1.762259300000000029e-01 1.369952999999999926e-03 9.843412639999999936e-01
1.703784421641264677e+09 1.167406889999999947e-01 -1.908228000000000094e-03 6.999501227999999742e+00 -4.116543999999999759e-03 -2.021619829999999896e-01 1.959943999999999922e-03 9.793415070000000000e-01
1.703784422182992458e+09 8.811831500000000261e-02 -3.305938000000000019e-03 7.055859089000000139e+00 -4.877768999999999681e-03 -2.271075700000000086e-01 3.688380000000000217e-04 9.738574030000000104e-01
1.703784422797868729e+09 5.267265399999999931e-02 -2.591973000000000020e-03 7.119451046000000005e+00 -6.766265999999999947e-03 -2.550878229999999913e-01 1.041063999999999965e-03 9.668936729999999535e-01
1.703784423384680033e+09 1.388841900000000081e-02 -2.071251000000000082e-03 7.176011085999999928e+00 -5.081083999999999601e-03 -2.810287180000000107e-01 1.105504999999999899e-03 9.596852660000000368e-01
1.703784423881389380e+09 -2.041810800000000078e-02 -2.212468999999999894e-03 7.220812321000000367e+00 -5.803390000000000284e-03 -3.042846619999999835e-01 1.462133000000000009e-03 9.525623920000000355e-01
1.703784424379314423e+09 -5.729764700000000016e-02 -2.388387000000000062e-03 7.266119480000000408e+00 -5.845605999999999719e-03 -3.282516899999999849e-01 2.594857999999999800e-03 9.445686939999999865e-01
1.703784424839939356e+09 -9.288942799999999611e-02 -2.884573999999999992e-03 7.305475711999999788e+00 -4.043711000000000180e-03 -3.501207829999999910e-01 4.000090000000000416e-03 9.366872910000000330e-01
1.703784425421473026e+09 -1.417781110000000122e-01 -3.386099000000000053e-03 7.353458880999999892e+00 -6.180754000000000109e-03 -3.793760840000000023e-01 3.143092000000000108e-03 9.252165559999999678e-01
1.703784425881662607e+09 -1.824305059999999923e-01 -3.154745999999999939e-03 7.386479377999999762e+00 -4.801472000000000205e-03 -4.020892979999999839e-01 1.975216000000000124e-03 9.155857560000000284e-01
1.703784426461259604e+09 -2.361006740000000104e-01 -1.278241999999999963e-03 7.427414416999999602e+00 -6.931360000000000125e-03 -4.323755499999999974e-01 2.948737999999999793e-03 9.016621710000000123e-01
1.703784426961175442e+09 -2.835333349999999975e-01 -6.608309999999999618e-04 7.456871986000000341e+00 -6.460534999999999889e-03 -4.595881700000000181e-01 1.445770000000000085e-03 8.881074789999999775e-01
1.703784427460908175e+09 -3.322014810000000207e-01 1.050029999999999974e-04 7.482633114000000418e+00 -5.586134999999999885e-03 -4.945177729999999938e-01 3.326718000000000210e-03 8.691431880000000110e-01
1.703784427917942047e+09 -3.792774680000000065e-01 4.282849999999999830e-04 7.502327918999999845e+00 -6.621399000000000035e-03 -5.287436840000000471e-01 3.508776999999999816e-03 8.487484459999999897e-01
1.703784428417596817e+09 -4.283766749999999845e-01 1.568829999999999953e-04 7.520174026000000289e+00 -6.155210000000000369e-03 -5.619832280000000013e-01 3.899090999999999928e-03 8.271165489999999787e-01
1.703784428880939960e+09 -4.745740889999999768e-01 -8.738799999999999747e-05 7.529665470000000305e+00 -6.596204999999999950e-03 -5.963695049999999664e-01 3.847778000000000049e-03 8.026736970000000193e-01
1.703784429376772642e+09 -5.225915909999999664e-01 -1.165899999999999933e-04 7.536034584000000258e+00 -6.383691000000000365e-03 -6.320291160000000019e-01 3.614383000000000092e-03 7.749099139999999775e-01
1.703784429857616663e+09 -5.562210079999999612e-01 1.122279999999999968e-04 7.536705493999999561e+00 -6.057525999999999709e-03 -6.637083289999999858e-01 4.558852000000000390e-03 7.479530570000000322e-01
1.703784430376053095e+09 -5.897798539999999923e-01 2.126689999999999928e-04 7.536634922000000181e+00 -5.357726000000000155e-03 -6.823123100000000330e-01 6.452542999999999820e-03 7.310127020000000142e-01
1.703784430873763084e+09 -6.471114159999999949e-01 5.347880000000000168e-04 7.538338183999999664e+00 -8.005527000000000129e-03 -6.921436789999999561e-01 3.678645999999999826e-03 7.217059729999999451e-01
1.703784431420162916e+09 -7.072286610000000362e-01 5.281529999999999558e-04 7.543630600000000186e+00 -6.807235000000000022e-03 -6.788070800000000071e-01 4.026947999999999812e-03 7.342740890000000187e-01
1.703784431875267982e+09 -7.592988010000000232e-01 1.437712000000000061e-03 7.545530319000000041e+00 -6.224391999999999599e-03 -6.883500219999999503e-01 4.177417999999999583e-03 7.253400089999999523e-01
1.703784432374034405e+09 -8.159279820000000516e-01 1.777906000000000104e-03 7.543790816999999649e+00 -6.444527000000000241e-03 -7.063719630000000471e-01 4.096322999999999805e-03 7.077996730000000181e-01
1.703784432957159281e+09 -8.829321860000000077e-01 1.819964000000000087e-03 7.542304039000000238e+00 -5.991380000000000143e-03 -7.109154460000000064e-01 3.704059999999999905e-03 7.032422419999999619e-01
1.703784433455259323e+09 -9.416413310000000259e-01 3.006093000000000046e-03 7.541083813000000191e+00 -7.491173999999999750e-03 -7.154374719999999632e-01 3.400928000000000111e-03 6.986283060000000322e-01
1.703784433915722609e+09 -9.932236669999999767e-01 3.194544000000000116e-03 7.538933754000000320e+00 -5.980471000000000224e-03 -7.176614999999999522e-01 4.180325999999999834e-03 6.963539720000000433e-01
1.703784434328889608e+09 -1.039906978999999954e+00 2.645165000000000103e-03 7.537082194999999984e+00 -6.126717999999999748e-03 -7.123941179999999651e-01 3.102711000000000184e-03 7.017461059999999806e-01
1.703784434789263010e+09 -1.092194080000000067e+00 3.044788000000000095e-03 7.540671825000000439e+00 -5.803619999999999786e-03 -6.978521939999999812e-01 4.128477999999999662e-03 7.162063720000000355e-01
1.703784435373628378e+09 -1.158870697000000005e+00 2.272006000000000026e-03 7.546884537000000392e+00 -5.304119000000000368e-03 -6.756756900000000510e-01 3.752823000000000183e-03 7.371703979999999490e-01
1.703784435827760935e+09 -1.210799216999999928e+00 2.173234000000000016e-03 7.555207252999999845e+00 -5.240499000000000025e-03 -6.578890090000000246e-01 3.829568000000000208e-03 7.530869249999999626e-01
1.703784436335516214e+09 -1.267463683999999979e+00 3.348592999999999969e-03 7.562535286000000134e+00 -5.867157999999999922e-03 -6.588895320000000000e-01 3.697613000000000202e-03 7.522077560000000052e-01
1.703784436919003963e+09 -1.333809376000000047e+00 3.843158000000000164e-03 7.567626476000000046e+00 -7.113111000000000086e-03 -6.770402189999999987e-01 2.809068000000000068e-03 7.359063030000000394e-01
1.703784437534943819e+09 -1.403490066999999897e+00 4.392746999999999798e-03 7.572800636000000196e+00 -5.866768999999999977e-03 -6.746647949999999838e-01 4.627473000000000003e-03 7.380864019999999748e-01
1.703784438158672571e+09 -1.473974228000000108e+00 4.510402999999999635e-03 7.582608699999999757e+00 -5.713244000000000135e-03 -6.620858910000000375e-01 4.161495000000000298e-03 7.493946550000000206e-01
1.703784438744505644e+09 -1.539120196999999912e+00 4.697189000000000052e-03 7.585408210999999845e+00 -5.640313999999999571e-03 -6.752555970000000407e-01 4.460282000000000309e-03 7.375487689999999930e-01
1.703784439325562000e+09 -1.603666306000000041e+00 4.369749000000000029e-03 7.595789908999999618e+00 -5.342966000000000208e-03 -6.558667419999999471e-01 4.655443999999999902e-03 7.548434139999999903e-01
1.703784439997138500e+09 -1.678842544999999964e+00 4.979434999999999938e-03 7.610551357000000294e+00 -5.750889999999999821e-03 -6.319060330000000336e-01 2.546568999999999829e-03 7.750194670000000174e-01
1.703784440535902500e+09 -1.737516880000000041e+00 5.345718999999999645e-03 7.626885414000000196e+00 -6.112667999999999921e-03 -6.162710190000000310e-01 3.990548000000000012e-03 7.875003219999999748e-01
1.703784441158905745e+09 -1.804606437999999979e+00 6.331434000000000367e-03 7.648696898999999938e+00 -5.471964000000000168e-03 -5.964660640000000180e-01 3.776095000000000146e-03 8.026107550000000090e-01
1.703784441698424339e+09 -1.863465785999999902e+00 7.327708999999999959e-03 7.669470786999999845e+00 -7.319352999999999797e-03 -5.775316360000000149e-01 2.426474999999999986e-03 8.163318630000000464e-01
1.703784442369630575e+09 -1.931048392999999974e+00 7.938215999999999675e-03 7.698758125000000341e+00 -5.203967999999999788e-03 -5.534248950000000278e-01 3.681871000000000189e-03 8.328747149999999877e-01
1.703784442990433455e+09 -1.995095491000000054e+00 8.476733000000000184e-03 7.728440284999999577e+00 -5.150774999999999798e-03 -5.409927369999999458e-01 4.194261999999999817e-03 8.410010930000000329e-01
1.703784443617331028e+09 -2.058153152000000041e+00 7.942266999999999383e-03 7.757796764000000067e+00 -3.608554999999999836e-03 -5.328760150000000362e-01 5.670722999999999910e-03 8.461666110000000129e-01
1.703784444155051947e+09 -2.114382266999999871e+00 8.977396999999999808e-03 7.784514903999999902e+00 -4.628733000000000326e-03 -5.382772679999999754e-01 4.069292000000000395e-03 8.427453639999999968e-01
1.703784444654822111e+09 -2.166837692000000093e+00 1.013724000000000049e-02 7.806520461999999938e+00 -5.686591000000000388e-03 -5.443332789999999477e-01 4.415304000000000104e-03 8.388381599999999993e-01
1.703784445319461823e+09 -2.231948853000000010e+00 1.003028899999999952e-02 7.842218399000000062e+00 -6.271768999999999955e-03 -5.174861549999999477e-01 4.181477000000000284e-03 8.556584120000000349e-01
1.703784445946888447e+09 -2.293903827999999923e+00 1.155067599999999930e-02 7.877397537000000227e+00 -6.648847000000000264e-03 -5.101232530000000542e-01 3.704600000000000167e-03 8.600676059999999845e-01
1.703784446487306356e+09 -2.348343848999999928e+00 1.261379399999999935e-02 7.904488564000000217e+00 -6.018871000000000290e-03 -5.208941700000000452e-01 4.458204999999999807e-03 8.535883429999999716e-01
1.703784446903414726e+09 -2.389442444000000165e+00 1.315086700000000011e-02 7.926910877000000077e+00 -5.649051999999999893e-03 -5.116434690000000174e-01 4.492219999999999894e-03 8.591675760000000439e-01
1.703784447281284571e+09 -2.425834179000000201e+00 1.408750899999999980e-02 7.948881626000000367e+00 -4.410454999999999758e-03 -5.007200240000000413e-01 5.383904000000000120e-03 8.655813930000000322e-01
1.703784447691877365e+09 -2.464541196999999961e+00 1.398604699999999972e-02 7.974997519999999618e+00 -4.793577000000000254e-03 -4.864282910000000126e-01 4.945048999999999972e-03 8.736933470000000090e-01
1.703784448067498684e+09 -2.496535539999999997e+00 1.396324699999999981e-02 8.001050948999999690e+00 -4.297038999999999893e-03 -4.663910270000000136e-01 7.306461000000000205e-03 8.845381140000000419e-01
1.703784448484217644e+09 -2.534217357999999809e+00 1.485407000000000047e-02 8.029271125999999370e+00 -3.804076999999999893e-03 -4.526867569999999952e-01 7.446892999999999568e-03 8.916304710000000355e-01
1.703784448859947443e+09 -2.566620826999999938e+00 1.467077100000000085e-02 8.057159423999999959e+00 -4.935934000000000328e-03 -4.339337650000000268e-01 6.781007000000000354e-03 9.009057280000000167e-01
1.703784449316970587e+09 -2.603976727000000047e+00 1.424416700000000029e-02 8.092811583999999669e+00 -4.525414000000000173e-03 -4.079209859999999854e-01 7.805033999999999757e-03 9.129726889999999484e-01
1.703784449774978876e+09 -2.638826609000000101e+00 1.464257199999999953e-02 8.131631850999999855e+00 -5.134874000000000209e-03 -3.739337030000000062e-01 6.882281999999999983e-03 9.274156690000000536e-01
1.703784450191892624e+09 -2.665935993000000170e+00 1.655976799999999902e-02 8.170087814000000392e+00 -5.119031999999999923e-03 -3.367252050000000274e-01 6.799790000000000001e-03 9.415645000000000264e-01
1.703784450565627098e+09 -2.687357903000000103e+00 1.635722100000000165e-02 8.206074714999999742e+00 -4.622455999999999614e-03 -3.023925419999999864e-01 6.368396999999999600e-03 9.531509879999999768e-01
1.703784450940934896e+09 -2.708333491999999953e+00 1.661505900000000147e-02 8.242994308000000103e+00 -4.976519000000000428e-03 -2.708860639999999820e-01 5.310002000000000298e-03 9.625838989999999651e-01
1.703784451277209044e+09 -2.725964784999999946e+00 1.761260599999999940e-02 8.276427268999999143e+00 -5.878213999999999662e-03 -2.543409759999999964e-01 4.965655999999999716e-03 9.670839909999999762e-01
1.703784451647371531e+09 -2.745422125000000158e+00 1.721072800000000153e-02 8.313143730000000176e+00 -3.025173999999999832e-03 -2.445222290000000076e-01 6.133681000000000202e-03 9.696195720000000406e-01
1.703784452024028301e+09 -2.764527558999999801e+00 1.776284499999999933e-02 8.351760863999999174e+00 -5.196990999999999764e-03 -2.346986530000000071e-01 6.178150000000000308e-03 9.720346330000000368e-01
1.703784452356375217e+09 -2.780032634999999974e+00 1.850808799999999893e-02 8.387989043999999339e+00 -8.883969000000000241e-03 -2.276958530000000036e-01 7.781516999999999948e-03 9.736607069999999586e-01
1.703784452731083632e+09 -2.797592163000000021e+00 2.030691100000000041e-02 8.427888870000000310e+00 -1.300215899999999924e-02 -2.269707169999999885e-01 1.188502299999999977e-02 9.737423060000000019e-01
1.703784453107026100e+09 -2.816634892999999806e+00 2.194117900000000163e-02 8.465118408000000372e+00 -1.259466899999999931e-02 -2.234161050000000037e-01 7.990123000000000017e-03 9.746090769999999903e-01
1.703784453482470512e+09 -2.838647604000000157e+00 2.107407000000000030e-02 8.500911713000000702e+00 -9.041732999999999715e-03 -2.225829510000000011e-01 -3.060712000000000155e-03 9.748670459999999593e-01
1.703784453897364855e+09 -2.860385656000000054e+00 2.073243400000000097e-02 8.537427901999999236e+00 -3.039190000000000207e-03 -2.396378670000000044e-01 -2.684607999999999786e-03 9.708539250000000065e-01
1.703784454282273769e+09 -2.877679586000000178e+00 1.908151099999999892e-02 8.568498611000000764e+00 6.183395000000000384e-03 -2.515107690000000229e-01 3.057263000000000168e-03 9.678299430000000259e-01
1.703784454731041908e+09 -2.897183656999999801e+00 1.907140400000000013e-02 8.612330437000000671e+00 5.662073999999999580e-03 -2.332522270000000064e-01 2.795821999999999891e-03 9.723957779999999884e-01
1.703784455062961340e+09 -2.911984681999999935e+00 1.995164199999999860e-02 8.647970199999999608e+00 3.570180000000000163e-04 -2.155996259999999887e-01 1.128759000000000012e-03 9.764811399999999697e-01
1.703784455482589483e+09 -2.927250624000000023e+00 1.891357499999999844e-02 8.688779830999999731e+00 2.624010999999999878e-03 -1.932134030000000058e-01 1.720577000000000044e-03 9.811517600000000394e-01
1.703784455853172064e+09 -2.940591812000000083e+00 1.957112600000000119e-02 8.729422569000000465e+00 1.416472999999999908e-03 -1.736417710000000003e-01 1.732601000000000063e-03 9.848063590000000200e-01
1.703784456227119207e+09 -2.952335358000000021e+00 1.949821200000000088e-02 8.770658493000000888e+00 -1.775555999999999966e-03 -1.539220960000000082e-01 1.968795000000000180e-03 9.880794290000000091e-01
1.703784456644861698e+09 -2.961673259999999974e+00 2.065921800000000003e-02 8.816420555000000547e+00 -4.274049000000000251e-03 -1.328658460000000097e-01 2.219267999999999935e-03 9.911223649999999497e-01
1.703784457060328722e+09 -2.971805810999999853e+00 2.131194200000000039e-02 8.863002777000000165e+00 -6.359738999999999670e-03 -1.083585400000000032e-01 4.337270000000000166e-04 9.940914509999999593e-01
1.703784457481960535e+09 -2.978175402000000194e+00 2.119238299999999867e-02 8.907684326000000041e+00 -5.486659999999999975e-03 -9.276973500000000594e-02 7.777080000000000017e-04 9.956722260000000491e-01
1.703784457892656326e+09 -2.984659671999999819e+00 2.190781400000000115e-02 8.953927994000000723e+00 -5.612673000000000315e-03 -6.945925199999999911e-02 4.066799999999999755e-04 9.975689650000000297e-01
1.703784458311636925e+09 -2.987605332999999863e+00 2.277198799999999995e-02 9.000549316000000744e+00 -6.674997999999999695e-03 -4.921456099999999695e-02 1.449819999999999885e-04 9.987658860000000471e-01
1.703784458767321110e+09 -2.990790129000000075e+00 2.336537500000000073e-02 9.050847054000000114e+00 -4.992350999999999907e-03 -3.501802700000000018e-02 -2.860699999999999902e-05 9.993742110000000123e-01
1.703784459224099636e+09 -2.997283696999999858e+00 2.313665300000000008e-02 9.100642203999999680e+00 -4.409653999999999831e-03 -4.763066800000000101e-02 -4.170210000000000041e-04 9.988552330000000090e-01
1.703784459683737278e+09 -3.004513025000000059e+00 2.338833200000000126e-02 9.150967597999999370e+00 -4.137036000000000185e-03 -6.103490699999999936e-02 8.773519999999999713e-04 9.981266859999999852e-01
1.703784460183645248e+09 -3.012280226000000116e+00 2.288617800000000008e-02 9.205387115000000620e+00 -3.371933000000000135e-03 -7.512640199999999491e-02 -2.315920000000000012e-04 9.971683030000000336e-01
1.703784460682848692e+09 -3.023132801000000036e+00 2.426369999999999916e-02 9.261224746999999979e+00 -4.214439999999999853e-03 -7.827612000000000458e-02 9.964489999999999459e-04 9.969223139999999761e-01
1.703784461140825510e+09 -3.029439211000000132e+00 2.513112899999999858e-02 9.311244010999999432e+00 -4.206709999999999790e-03 -7.146127500000000465e-02 1.217208000000000005e-03 9.974337819999999910e-01
1.703784461683090687e+09 -3.039490938000000142e+00 2.571034100000000114e-02 9.370306015000000599e+00 -4.966433000000000132e-03 -7.266109399999999552e-02 3.823979999999999936e-04 9.973442550000000129e-01
1.703784462221159458e+09 -3.046803713000000080e+00 2.743426300000000040e-02 9.430165290999999783e+00 -5.095093999999999665e-03 -6.214805699999999961e-02 -2.215709999999999967e-04 9.980539080000000451e-01
1.703784462766255617e+09 -3.052060366000000080e+00 2.757051599999999977e-02 9.489678382999999329e+00 -5.377673000000000349e-03 -5.038142200000000209e-02 4.582580000000000160e-04 9.987154599999999993e-01
1.703784463387662411e+09 -3.055490970999999778e+00 2.807628900000000080e-02 9.557684897999999762e+00 -4.573894000000000223e-03 -3.579319599999999935e-02 7.005479999999999477e-04 9.993485210000000452e-01
1.703784463928675890e+09 -3.059369326000000111e+00 2.855376700000000073e-02 9.617590904000000052e+00 -4.072486999999999635e-03 -2.481585199999999936e-02 9.144370000000000406e-04 9.996833210000000136e-01
1.703784464470199347e+09 -3.060904980000000108e+00 2.864136700000000091e-02 9.677696228000000289e+00 -5.852104000000000333e-03 -1.525020900000000068e-02 3.411770000000000167e-04 9.998665450000000510e-01
1.703784465056196213e+09 -3.058815717999999961e+00 2.883152699999999916e-02 9.740488051999999897e+00 -4.036655000000000104e-03 8.271558000000000035e-03 6.687089999999999701e-04 9.999574420000000297e-01
1.703784465680870771e+09 -3.055204153000000034e+00 2.986578299999999991e-02 9.810305595000000878e+00 -4.316216999999999797e-03 2.344678700000000018e-02 6.443570000000000244e-04 9.997155669999999716e-01
1.703784466217778444e+09 -3.051980495000000015e+00 3.016545799999999916e-02 9.869075775000000661e+00 -3.101279000000000188e-03 2.724793400000000143e-02 4.899589999999999891e-04 9.996238349999999606e-01
1.703784466803115845e+09 -3.049910307000000209e+00 3.141416999999999821e-02 9.933795929000000413e+00 -3.767438000000000124e-03 1.780147699999999958e-02 7.163920000000000487e-04 9.998341800000000168e-01
1.703784467388131380e+09 -3.049826860000000028e+00 3.158051900000000134e-02 9.997619629000000785e+00 -2.729206999999999987e-03 4.881263999999999742e-03 -4.607039999999999855e-04 9.999842639999999561e-01
1.703784467967262506e+09 -3.052206039000000093e+00 3.226357700000000162e-02 1.006102180499999932e+01 -5.062216999999999932e-03 -1.106955899999999965e-02 -4.745749999999999752e-04 9.999257919999999800e-01
1.703784468592284679e+09 -3.054731846000000139e+00 3.294778999999999763e-02 1.011819458000000083e+01 -5.057497999999999681e-03 -1.161635500000000008e-02 5.454399999999999819e-05 9.999197720000000400e-01
1.703784469220406055e+09 -3.052492856999999837e+00 3.375164800000000215e-02 1.018661499000000070e+01 -5.225460000000000348e-03 1.656113000000000030e-02 -5.151799999999999565e-04 9.998490810000000284e-01
1.703784469799829960e+09 -3.045434951999999917e+00 3.433669000000000304e-02 1.025065422099999957e+01 -4.499465000000000235e-03 4.173560800000000043e-02 -8.073180000000000113e-04 9.991182090000000349e-01
1.703784470425887823e+09 -3.035744905000000049e+00 3.540761399999999698e-02 1.032043647799999952e+01 -5.506279999999999682e-03 6.552524099999999796e-02 -7.807680000000000436e-04 9.978353979999999845e-01
1.703784471048166513e+09 -3.026301146000000220e+00 3.590613599999999822e-02 1.038826847099999995e+01 -4.594853000000000305e-03 5.862722199999999967e-02 4.567470000000000232e-04 9.982692600000000471e-01
1.703784471671898365e+09 -3.014966725999999930e+00 3.627321099999999965e-02 1.045656108899999914e+01 -4.770214000000000051e-03 7.057697300000000118e-02 4.152600000000000188e-05 9.974949360000000542e-01
1.703784472299328566e+09 -3.000887871000000207e+00 3.729849699999999990e-02 1.052287960099999964e+01 -1.913755999999999964e-03 1.009432749999999990e-01 2.466090000000000101e-04 9.948903319999999884e-01
1.703784473007290125e+09 -2.990453243000000150e+00 3.668954600000000343e-02 1.060035991700000046e+01 -2.007221999999999913e-03 6.875517200000000329e-02 7.249430000000000283e-04 9.976313110000000206e-01
1.703784473628784895e+09 -2.979092835999999966e+00 3.721134400000000036e-02 1.066801738700000080e+01 -2.041176999999999922e-03 8.810161099999999634e-02 -3.235040000000000116e-04 9.961093659999999961e-01
1.703784474259268045e+09 -2.963319540000000085e+00 3.742854999999999793e-02 1.073602199599999985e+01 -3.666523999999999998e-03 1.060812770000000016e-01 -8.365999999999999183e-06 9.943507310000000432e-01
1.703784474919929266e+09 -2.953920602999999812e+00 3.719197999999999948e-02 1.080822944600000035e+01 -4.840737000000000338e-03 7.826887800000000006e-02 5.846599999999999893e-05 9.969205859999999975e-01
1.703784475550315380e+09 -2.946706294999999809e+00 3.759194200000000319e-02 1.087719726599999959e+01 -5.036360999999999616e-03 4.859674299999999780e-02 9.815130000000000469e-04 9.988052849999999871e-01
1.703784476460100174e+09 -2.944470166999999972e+00 3.896173499999999734e-02 1.097777366599999915e+01 -6.074287999999999736e-03 1.170439300000000044e-02 1.024511999999999992e-03 9.999125599999999503e-01
1.703784477125076532e+09 -2.944896697999999979e+00 3.934325699999999953e-02 1.104922962200000036e+01 -5.909150000000000166e-03 -8.397711000000000411e-03 2.781521999999999814e-03 9.999434350000000471e-01
1.703784477917633772e+09 -2.947273016000000023e+00 4.042253999999999986e-02 1.113642025000000046e+01 -6.709623999999999970e-03 -5.237455000000000235e-03 1.918856000000000034e-03 9.999619720000000322e-01
1.703784478623809338e+09 -2.950393914999999811e+00 3.894060900000000103e-02 1.121206283599999942e+01 -6.906238000000000307e-03 -8.043832000000000759e-03 1.830250000000000063e-03 9.999421240000000433e-01
1.703784479544159889e+09 -2.952167510999999855e+00 3.998161499999999813e-02 1.131067085299999952e+01 -6.253050999999999922e-03 -9.608304999999999277e-03 9.796369999999999991e-04 9.999338389999999910e-01
1.703784480250138998e+09 -2.957055807000000147e+00 4.020137299999999858e-02 1.138778591200000001e+01 -7.479467000000000060e-03 -3.223722400000000182e-02 9.629109999999999970e-04 9.994518159999999929e-01
1.703784480997740984e+09 -2.959795713000000106e+00 4.111829799999999757e-02 1.146995353700000031e+01 -9.370138999999999552e-03 -8.909814999999999749e-03 6.506199999999999744e-04 9.999161960000000349e-01
1.703784481871390820e+09 -2.960784434999999881e+00 4.151491799999999788e-02 1.156328296699999925e+01 -6.574479999999999734e-03 -1.198817500000000022e-02 1.193739000000000085e-03 9.999058250000000259e-01
1.703784482497716188e+09 -2.962007046000000088e+00 4.315745099999999945e-02 1.163082218199999929e+01 -8.206355000000000247e-03 -1.170120099999999962e-02 -2.756780000000000124e-04 9.998978379999999833e-01
1.703784483205190182e+09 -2.962801695000000013e+00 4.432146299999999844e-02 1.170769214599999941e+01 -8.159031000000000616e-03 -9.972636000000000001e-03 1.206496000000000044e-03 9.999162550000000316e-01
1.703784483828071833e+09 -2.962645291999999930e+00 4.538981599999999950e-02 1.177596664400000037e+01 -8.339746000000000312e-03 -1.050834500000000053e-02 7.334699999999999553e-04 9.999097590000000091e-01
1.703784484457036972e+09 -2.963124513999999987e+00 4.639642299999999914e-02 1.184211635600000001e+01 -6.882751000000000320e-03 -9.231358000000000272e-03 1.535237000000000060e-03 9.999325279999999871e-01
1.703784485078512430e+09 -2.965755462999999814e+00 4.713064799999999721e-02 1.190842533100000011e+01 -5.561230999999999813e-03 -1.348031600000000087e-02 2.422927999999999974e-03 9.998907449999999697e-01
1.703784485661563635e+09 -2.964673757999999992e+00 4.757444599999999940e-02 1.197048759499999981e+01 -7.388450000000000399e-03 -1.081077899999999953e-02 1.325879999999999984e-03 9.999133940000000109e-01
1.703784486118454218e+09 -2.963216066000000204e+00 4.859478400000000198e-02 1.202124404899999988e+01 -1.078688899999999916e-02 -7.603890000000000302e-03 1.280342999999999976e-03 9.999120830000000071e-01
1.703784486659743547e+09 -2.965080500000000008e+00 4.895402100000000034e-02 1.207789707200000073e+01 -9.721517000000000699e-03 -6.638831000000000419e-03 1.864456999999999920e-03 9.999290109999999787e-01
1.703784487202091694e+09 -2.966601610000000111e+00 5.003503299999999959e-02 1.213607025099999959e+01 -9.676416000000000184e-03 -7.823421000000000541e-03 1.696599000000000024e-03 9.999211430000000123e-01
1.703784487826549768e+09 -2.965782165999999886e+00 5.075116100000000297e-02 1.220235347700000084e+01 -8.420007000000000186e-03 -9.108107000000000703e-03 2.679130999999999960e-03 9.999194740000000303e-01
1.703784488287983418e+09 -2.968286990999999819e+00 5.102658599999999878e-02 1.225128269200000020e+01 -9.008415000000000519e-03 -1.102785300000000066e-02 2.016617000000000062e-03 9.998965859999999761e-01
1.703784488784774542e+09 -2.970700502000000132e+00 5.085776699999999817e-02 1.230358409900000005e+01 -8.111155999999999575e-03 -1.977509800000000137e-02 2.214383999999999797e-03 9.997690919999999704e-01
1.703784489242074966e+09 -2.971952676999999987e+00 5.277924199999999705e-02 1.232844543500000078e+01 -8.530842000000000286e-03 -2.014562900000000170e-02 2.777298000000000093e-03 9.997568129999999664e-01
