1702688123750164736.000000 0.000000000 0.000000000 0.000000000 -0.000000000 -0.000000000 -0.000000000 1.000000000
1702688124081733120.000000 0.000026979 0.000086575 0.001890763 -0.000344920 0.000431362 0.000478326 0.999999762
1702688124373106176.000000 -0.000040668 0.000126026 0.003479828 0.000549091 0.000288791 -0.000090712 0.999999821
1702688124872781824.000000 -0.000214479 0.000075611 0.006311330 -0.000921305 -0.003342200 -0.000293155 0.999993980
1702688125043920640.000000 -0.000323180 0.000102938 0.007162290 -0.000930719 -0.003536550 -0.000384250 0.999993265
1702688125120471808.000000 -0.000359554 0.000062882 0.007628830 -0.001132381 -0.004159139 -0.000890024 0.999990344
1702688125622297344.000000 -0.000232017 0.000036528 0.010420539 -0.001421232 -0.002180176 0.000402586 0.999996543
1702688126119512064.000000 -0.000258016 0.000012694 0.013174017 -0.001780522 -0.004137688 0.000784751 0.999989569
1702688126204810496.000000 -0.000269315 -0.000002837 0.013679194 -0.001385965 -0.005065861 0.000266329 0.999986172
1702688126370384896.000000 -0.000283787 0.000001369 0.014568898 -0.001566379 -0.004461097 0.000689804 0.999988616
1702688126461143552.000000 -0.000275100 0.000017712 0.014999564 -0.001847061 -0.004248020 0.001054810 0.999988735
1702688126789506816.000000 -0.000076513 -0.000079608 0.016803486 -0.000650242 -0.003829605 0.001843259 0.999990761
1702688126913067264.000000 -0.000168568 -0.000102162 0.017492739 -0.000169146 -0.003799784 0.002160985 0.999990463
1702688127166734848.000000 -0.000191743 -0.000079142 0.018833270 0.000764668 -0.003306768 0.001471019 0.999993205
1702688127412698880.000000 -0.000400989 -0.000083610 0.020188134 0.000725232 -0.005857104 0.001235369 0.999981821
1702688127748889600.000000 -0.000576840 -0.000081430 0.022046914 0.000460330 -0.015921602 0.001866400 0.999871433
1702688127912306688.000000 -0.000703017 -0.000062571 0.022990683 0.000680268 -0.017919272 0.001502046 0.999838114
1702688128079717376.000000 -0.000780010 -0.000067209 0.023866083 0.001786130 -0.017901693 0.000538237 0.999838054
1702688128578850560.000000 -0.000794458 -0.000035316 0.026525473 0.003069753 -0.023919029 0.000421698 0.999709129
1702688128746195200.000000 -0.001059768 -0.000057826 0.027495217 0.001679859 -0.026367994 0.000363032 0.999650836
1702688128952136448.000000 -0.001098886 -0.000080900 0.028557282 0.002373534 -0.030912302 -0.000070312 0.999519289
1702688129331941632.000000 -0.001177120 -0.000054526 0.030585352 0.004083777 -0.024840118 0.000684816 0.999682844
1702688129535256320.000000 -0.001161342 -0.000139131 0.031754814 0.003916238 -0.023256578 0.001010606 0.999721408
1702688129744809728.000000 -0.001182262 -0.000090252 0.032927006 0.002932562 -0.027359150 0.002209952 0.999618948
1702688129952396544.000000 -0.001345557 -0.000121729 0.034012120 0.002261421 -0.027601188 0.002673776 0.999612868
1702688130158436864.000000 -0.001495748 -0.000005934 0.035200410 0.001800674 -0.030297095 0.003005468 0.999534786
1702688130366457344.000000 -0.001497239 -0.000022599 0.036343429 0.000301368 -0.027445784 0.001785614 0.999621689
1702688130576407552.000000 -0.001423516 0.000018019 0.037456568 -0.000306813 -0.024812076 0.002846179 0.999688029
1702688130783398656.000000 -0.001576051 0.000035936 0.038607579 -0.001300224 -0.022535900 0.002536587 0.999741971
1702688131036561920.000000 -0.001582069 0.000011341 0.039926041 -0.001924046 -0.019952977 0.001967153 0.999797165
1702688131282977024.000000 -0.001620259 -0.000016211 0.041306928 -0.001469788 -0.011594945 0.001212783 0.999930978
1702688131533563648.000000 -0.001566345 -0.000042754 0.042658433 -0.001186099 -0.008691785 0.001073254 0.999960959
1702688131785080832.000000 -0.001341733 0.000025441 0.044036616 -0.000929471 -0.005367362 0.001391063 0.999984205
1702688132074300160.000000 -0.001214550 0.000056188 0.045554150 -0.000276030 -0.000323804 0.001315497 0.999999046
1702688132376459008.000000 -0.001224117 0.000023936 0.047097731 0.000466377 -0.000396247 0.001116414 0.999999166
1702688132657383680.000000 -0.001270944 -0.000009663 0.048613671 -0.000800204 0.000398205 0.000591028 0.999999404
1702688132948720128.000000 -0.001222403 -0.000016231 0.050181892 -0.000342023 0.000192383 0.000455625 0.999999821
1702688133244497664.000000 -0.001315976 0.000052904 0.051805604 -0.000546136 0.001060244 -0.000503246 0.999999166
1702688133532340224.000000 -0.001501413 0.000143803 0.053309791 -0.001238593 0.000550205 -0.000838637 0.999998748
1702688133868902400.000000 -0.001432228 0.000124734 0.055082846 -0.002926466 -0.000002050 -0.001235952 0.999994993
1702688134196194560.000000 -0.001489745 0.000121256 0.056781054 -0.001853034 0.001962611 -0.000548686 0.999996185
1702688134530259200.000000 -0.001461640 0.000167966 0.058633171 -0.001489842 0.002443424 0.000040405 0.999995947
1702688134739814912.000000 -0.001480092 0.000139655 0.059657354 -0.002446887 0.002058787 -0.000617223 0.999994695
1702688135115931392.000000 -0.001455954 0.000103562 0.061676022 -0.002636978 0.003551876 0.000029935 0.999990225
1702688135332264448.000000 -0.001455268 0.000103740 0.062766761 -0.001860157 0.004783430 0.000187359 0.999986827
1702688135572385536.000000 -0.001437688 0.000171535 0.064029582 0.000023179 0.002003512 0.000648633 0.999997795
1702688135783713536.000000 -0.001555648 0.000126065 0.065118678 -0.001887229 0.002772847 -0.000196084 0.999994397
1702688136028673024.000000 -0.001468156 0.000174322 0.066375308 -0.001715795 0.002473381 0.000075753 0.999995470
1702688136239547392.000000 -0.001519614 0.000146613 0.067366421 -0.002550533 0.007414015 -0.000665865 0.999969065
1702688136446591744.000000 -0.001567153 0.000171740 0.068273626 -0.001249644 0.006430616 -0.000430434 0.999978483
1702688136656612096.000000 -0.001553944 0.000153433 0.069115177 -0.001039472 0.004931558 -0.000329513 0.999987245
1702688136862253568.000000 -0.001486946 0.000150911 0.070057042 -0.001015852 0.005205601 -0.000456403 0.999985814
1702688137112512768.000000 -0.001438454 0.000162360 0.071202107 -0.000013012 0.004631988 -0.000884981 0.999988914
1702688137319440896.000000 -0.001519496 0.000135190 0.072179824 -0.001659144 0.000101156 0.000662253 0.999998391
1702688137528168704.000000 -0.001428623 0.000128728 0.073078744 -0.001643825 -0.000121695 0.001054692 0.999998093
1702688137948315904.000000 -0.001412085 0.000155911 0.074857488 -0.001837225 -0.000207163 0.000409401 0.999998212
1702688138151272704.000000 -0.001346775 0.000148525 0.075744718 -0.001402806 -0.001462050 0.001302004 0.999997139
1702688138403427328.000000 -0.001377380 0.000153053 0.076853983 -0.002120537 -0.003073265 0.001731589 0.999991536
1702688138611531264.000000 -0.001459605 0.000194353 0.077718198 -0.001614578 -0.006866233 0.002797420 0.999971211
1702688138820494848.000000 -0.001446366 0.000197985 0.078693181 -0.000479441 -0.001462629 0.001811055 0.999997199
1702688139033727744.000000 -0.001352391 0.000158786 0.079559475 0.000099281 0.008785856 0.001989227 0.999959409
1702688139238245888.000000 -0.001288894 0.000181179 0.080514096 0.001074869 0.020820551 0.000806511 0.999782324
1702688139443001600.000000 -0.001211895 0.000157997 0.081432976 0.001330055 0.031853393 0.000575242 0.999491513
1702688139609967616.000000 -0.001170145 0.000174211 0.082172491 0.001762024 0.040095594 -0.000042468 0.999194324
1702688139820947968.000000 -0.001018406 0.000086135 0.082974866 0.001671575 0.047926039 -0.000358143 0.998849452
1702688140029549824.000000 -0.000905973 0.000083799 0.083849348 0.001654313 0.057635874 0.000199678 0.998336315
1702688140192284672.000000 -0.000835500 0.000144692 0.084562317 0.003133754 0.065078855 -0.000025477 0.997875214
1702688140357342464.000000 -0.000735902 0.000121847 0.085317209 0.003161800 0.073248819 0.000124787 0.997308671
1702688140525100544.000000 -0.000598532 0.000183981 0.086047262 0.002674386 0.080136999 -0.000770825 0.996779978
1702688141233257984.000000 -0.000002839 0.000222245 0.089165442 0.002089802 0.103690945 0.003538610 0.994601130
1702688141401331456.000000 0.000118772 0.000179305 0.089644030 0.001718777 0.103236169 0.003750955 0.994648337
1702688141569413888.000000 0.000426371 0.000179871 0.090469584 0.001241221 0.103223376 0.002572006 0.994654119
1702688141732711936.000000 0.000504678 0.000203079 0.091122679 0.002370689 0.100866809 0.002820010 0.994893134
1702688143027066624.000000 0.001525867 0.000153703 0.096759439 0.002353246 0.090213977 0.002483536 0.995916545
1702688143233215744.000000 0.001719589 0.000186270 0.097636901 0.001911399 0.088829167 0.001968201 0.996043086
1702688143730020352.000000 0.001882124 0.000133788 0.099781223 0.002085396 0.084993713 0.000932057 0.996378899
1702688144564672512.000000 0.002544748 0.000057399 0.103366442 0.002443230 0.086044632 0.001676193 0.996286929
1702688144775765248.000000 0.002752974 0.000090093 0.104270168 0.003464945 0.086129829 0.002018739 0.996275842
1702688145066237440.000000 0.002990804 0.000072809 0.105549283 0.002723632 0.095588244 0.001209758 0.995416522
1702688145271987200.000000 0.003269781 0.000085972 0.106515624 0.002000201 0.095210560 0.001573920 0.995453894
1702688145770009856.000000 0.003591270 0.000040429 0.108627468 0.000861871 0.092764631 0.001297398 0.995686829
1702688146314565376.000000 0.003962675 0.000038596 0.110938683 0.004273992 0.068938188 0.002071068 0.997609675
1702688146603670272.000000 0.004073604 0.000112036 0.112380803 0.002931407 0.056817014 0.001240735 0.998379529
1702688146854692096.000000 0.004128171 0.000136396 0.113531388 0.001233026 0.044745851 0.000793724 0.998997331
1702688147102916096.000000 0.004240863 0.000151573 0.114501536 0.001726579 0.045725152 0.000833955 0.998952210
1702688147354245888.000000 0.004382413 0.000133813 0.115608484 0.002402205 0.057367042 0.000962183 0.998349845
1702688148150260224.000000 0.004951394 0.000118380 0.119234584 0.000831773 0.062416796 -0.000647792 0.998049617
1702688148435798528.000000 0.005074698 0.000118499 0.120451629 0.001896850 0.063797176 -0.000869449 0.997960687
1702688148727201024.000000 0.005178336 0.000086103 0.121780455 0.002480974 0.063806765 -0.000268110 0.997959197
1702688149392708864.000000 0.005684232 0.000103609 0.124724366 0.003145027 0.064523913 -0.000310823 0.997911155
1702688149726840576.000000 0.005784445 0.000019806 0.126134872 0.003164833 0.064152010 -0.000438704 0.997935057
1702688149974812672.000000 0.005975229 0.000019772 0.127207994 0.002886312 0.065851040 0.000191407 0.997825325
1702688150350371584.000000 0.006169796 -0.000012551 0.128839850 0.003794075 0.069503874 0.000931757 0.997574031
1702688150681774080.000000 0.006494803 -0.000002810 0.130336225 0.005469530 0.073734730 0.000836374 0.997262537
1702688151021274880.000000 0.006677976 -0.000012805 0.131790459 0.004673738 0.075371042 0.000199359 0.997144580
1702688151391448064.000000 0.006965054 -0.000036967 0.133471280 0.002728969 0.077662565 -0.000145213 0.996976018
1702688151723624704.000000 0.007203053 0.000063506 0.135085255 0.002117691 0.079621576 -0.002187094 0.996820509
1702688152101733888.000000 0.007458689 0.000014014 0.136684433 0.002913033 0.081745893 -0.002156445 0.996646643
1702688152474533120.000000 0.007754889 -0.000062673 0.138356656 0.002442494 0.084049821 -0.000163792 0.996458590
1702688152894231296.000000 0.008173469 0.000010787 0.140167266 0.001342860 0.097653374 -0.002234770 0.995217085
1702688153224511744.000000 0.008512443 0.000058373 0.141584232 0.003289209 0.108176328 -0.003229348 0.994121075
1702688153513669376.000000 0.008829568 -0.000061557 0.142831981 0.002906907 0.113097787 -0.001862578 0.993577898
1702688153853723904.000000 0.009179348 -0.000010710 0.144275054 0.003264119 0.113703460 -0.003170457 0.993504345
1702688154225344512.000000 0.009569583 -0.000060003 0.145928785 0.003494335 0.110179722 -0.003307610 0.993900061
1702688154518537728.000000 0.009783391 -0.000069025 0.147143006 0.004799143 0.105634645 -0.003789248 0.994386196
1702688154888184064.000000 0.010042759 -0.000060274 0.148789570 0.005401446 0.093220674 -0.003772238 0.995623708
1702688155225627136.000000 0.010269628 -0.000081104 0.150242209 0.004001171 0.085318446 -0.003379289 0.996339977
1702688155598209024.000000 0.010442425 -0.000016785 0.151854441 0.002429926 0.074394502 -0.005067649 0.997213066
1702688155970658304.000000 0.010648252 -0.000049239 0.153477356 0.000730393 0.056394435 -0.002902126 0.998404086
1702688156301827328.000000 0.010702867 -0.000082455 0.154808968 -0.000149912 0.043947391 -0.002700120 0.999030173
1702688156678430208.000000 0.010793580 -0.000086118 0.156473458 0.002364703 0.023587748 -0.002979397 0.999714553
1702688157054953216.000000 0.010706411 -0.000059497 0.158086568 0.002531085 0.003491665 -0.002956688 0.999986351
1702688157384394752.000000 0.010653533 0.000009860 0.159736335 0.001425428 -0.006744646 -0.004670584 0.999965370
1702688157720948736.000000 0.010490800 -0.000018805 0.161214203 -0.000382230 -0.021807855 -0.005558236 0.999746680
1702688158052988416.000000 0.010407057 -0.000074132 0.162626803 -0.001240670 -0.026578961 -0.005432253 0.999631226
1702688158384329728.000000 0.010382474 -0.000021158 0.164176270 0.000049900 -0.025883868 -0.005431254 0.999650240
1702688158718852864.000000 0.010335347 -0.000022310 0.165629968 0.000462646 -0.014488363 -0.005619176 0.999879181
1702688159013438720.000000 0.010327893 -0.000006845 0.166972965 0.000537679 -0.016720744 -0.005357996 0.999845743
1702688160099601408.000000 0.010084208 -0.000007808 0.171827346 -0.000319213 -0.036872044 -0.004968981 0.999307632
1702688160426533376.000000 0.009872926 -0.000065635 0.173290625 -0.000522821 -0.027178094 -0.005606633 0.999614775
1702688160800745728.000000 0.009828660 -0.000022518 0.174947426 -0.000654319 -0.011778819 -0.005535673 0.999915123
1702688162260465152.000000 0.009937914 -0.000070415 0.181290478 0.002041918 0.002632761 -0.004304615 0.999985218
1702688162505295360.000000 0.009804259 -0.000060242 0.182322174 0.001640148 0.005299834 -0.004267160 0.999975502
1702688162879613696.000000 0.010004453 -0.000063126 0.184031591 0.002645782 0.009383812 -0.003560149 0.999946177
1702688163630827776.000000 0.010118007 -0.000029460 0.187358528 0.002265901 0.023391128 -0.005002320 0.999711335
1702688164049594624.000000 0.010235903 -0.000030555 0.189203262 0.003021909 0.029308919 -0.005431502 0.999551117
1702688164462573056.000000 0.010181724 -0.000030576 0.191005975 0.004235355 0.037696879 -0.005165488 0.999266922
1702688164797524992.000000 0.010204419 -0.000015375 0.192514867 0.002866351 0.033939380 -0.006239216 0.999400318
1702688165257032448.000000 0.010497115 0.000016287 0.194554523 0.003739069 0.033059869 -0.006330023 0.999426305
1702688165673175296.000000 0.010540700 -0.000022751 0.196436852 0.003222198 0.031068727 -0.006364360 0.999491811
1702688166003127808.000000 0.010559684 -0.000055050 0.197882429 0.003471775 0.033378053 -0.006698212 0.999414325
1702688166377053952.000000 0.010724290 -0.000060655 0.199494228 0.003258520 0.044579383 -0.007754588 0.998970449
1702688167168895488.000000 0.010877302 -0.000107741 0.203025699 0.001838706 0.050529685 -0.008107749 0.998687983
1702688167544245760.000000 0.010871626 -0.000093478 0.204702854 0.003069460 0.060599621 -0.008246861 0.998123407
1702688168213597952.000000 0.011347583 0.000026616 0.207544893 0.004373414 0.071831800 -0.005880625 0.997389853
1702688168545539328.000000 0.011455872 -0.000167991 0.208858117 0.003107384 0.076473244 -0.006251306 0.997047186
1702688169131126528.000000 0.011408295 -0.000110129 0.211394325 0.005084964 0.094335422 -0.007262848 0.995500982
1702688169627766784.000000 0.011365597 -0.000173430 0.213654742 0.003324954 0.115429364 -0.007761994 0.993279815
1702688169875667968.000000 0.011376275 -0.000083932 0.214735940 0.004464054 0.125463307 -0.007821766 0.992057383
1702688170249803264.000000 0.011495775 -0.000203365 0.216272563 0.006357112 0.140393049 -0.005825999 0.990058362
1702688170543037184.000000 0.011468938 -0.000202272 0.217851937 0.006067038 0.157114878 -0.006494633 0.987540364
1702688170791592192.000000 0.011501178 -0.000196434 0.218979165 0.006074341 0.168016732 -0.006788530 0.985742092
1702688171043517952.000000 0.011481975 -0.000219477 0.220047444 0.006524167 0.178346753 -0.004793018 0.983934402
1702688171292136192.000000 0.011340396 -0.000216557 0.221152186 0.006142146 0.189365879 -0.004559306 0.981876791
1702688171665716224.000000 0.011089940 -0.000145170 0.222479567 0.005362554 0.200417504 -0.004960252 0.979683399
1702688171956597760.000000 0.010898702 -0.000154636 0.222504362 0.002414276 0.199096933 -0.005773530 0.979959846
1702688172248948992.000000 0.010530227 -0.000331531 0.222723857 -0.000677256 0.200702593 -0.006602648 0.979629755
1702688172749514752.000000 0.009492578 -0.000965599 0.223925605 -0.008479073 0.208470345 -0.009682918 0.977944016
1702688173037659392.000000 0.009295250 -0.000965649 0.224474996 -0.009154587 0.182709783 -0.010253000 0.983070791
1702688173288269312.000000 0.009409891 -0.000850920 0.225184172 -0.009699132 0.160600275 -0.011137523 0.986909091
1702688173499102976.000000 0.009576705 -0.000724439 0.225870773 -0.008867979 0.139019147 -0.010928229 0.990189672
1702688173671686912.000000 0.009716071 -0.000736634 0.226210713 -0.010020681 0.125623345 -0.012010258 0.991954684
1702688175080378624.000000 0.009906969 -0.000750880 0.229326770 -0.009104288 -0.007554726 -0.008458806 0.999894261
1702688175454298368.000000 0.010355631 -0.000745719 0.230511069 -0.011741451 -0.044387359 -0.007312098 0.998918653
1702688175874465280.000000 0.010583294 -0.000925900 0.231145814 -0.017278884 -0.062450740 -0.009502126 0.997853220
1702688176038653952.000000 0.010741392 -0.000913003 0.231576785 -0.017592503 -0.075486317 -0.009479710 0.996946573
1702688176202908160.000000 0.010843279 -0.000978582 0.231958359 -0.020781206 -0.085927993 -0.010611595 0.996028066
1702688176371307008.000000 0.010912899 -0.001032599 0.232237205 -0.023196058 -0.093406834 -0.011282316 0.995293856
1702688176743055616.000000 0.011401860 -0.001305437 0.233077094 -0.029015081 -0.121049218 -0.016273780 0.992088914
1702688177037549056.000000 0.011396177 -0.001265570 0.233613193 -0.028669877 -0.135438889 -0.016207693 0.990238190
1702688177247349248.000000 0.011387728 -0.001293219 0.233619824 -0.031414039 -0.134530991 -0.016470825 0.990274370
1702688177534214656.000000 0.011255646 -0.001395216 0.233648553 -0.035168834 -0.132112920 -0.018699231 0.990434110
1702688178126352640.000000 0.011044911 -0.001426333 0.234146133 -0.038466558 -0.142916679 -0.020727361 0.988769710
1702688179032839680.000000 0.010667872 -0.001399819 0.234861627 -0.041797262 -0.174255162 -0.019771835 0.983614385
1702688179160036352.000000 0.010609982 -0.001380456 0.234969318 -0.041504961 -0.178808585 -0.019990508 0.982804775
1702688179331828736.000000 0.010519766 -0.001360664 0.235121682 -0.042169828 -0.184009463 -0.021014728 0.981794596
1702688179492749568.000000 0.010441891 -0.001347100 0.235268101 -0.041114610 -0.191574052 -0.021834502 0.980373502
1702688180034022912.000000 0.010177804 -0.001327856 0.235697955 -0.043578781 -0.213233873 -0.020948127 0.975803971
1702688181407512064.000000 0.009341436 -0.001163374 0.236866713 -0.040509570 -0.276455730 -0.016568955 0.960029542
1702688181532936704.000000 0.009261418 -0.001168382 0.236952424 -0.039806381 -0.281713635 -0.016817283 0.958524942
1702688181907257600.000000 0.008998517 -0.001094340 0.237312987 -0.041228741 -0.300718158 -0.015064559 0.952702403
1702688182073513472.000000 0.008902259 -0.001114540 0.237456754 -0.042067491 -0.310300946 -0.016537365 0.949563146
1702688182622808320.000000 0.008506544 -0.001049243 0.237919182 -0.044359282 -0.339776129 -0.015242071 0.939336002
1702688182951270912.000000 0.008247919 -0.001021905 0.238162950 -0.046170026 -0.357898504 -0.015330859 0.932492316
1702688183115879424.000000 0.008121520 -0.000999250 0.238290727 -0.045916170 -0.368533731 -0.014769045 0.928362250
1702688183279956224.000000 0.008002903 -0.000993612 0.238406911 -0.046300199 -0.377544463 -0.014491364 0.924719691
1702688183613313792.000000 0.007721059 -0.000984372 0.238614038 -0.047884393 -0.402585447 -0.012520774 0.914043427
1702688183988583424.000000 0.007392608 -0.000939955 0.238827199 -0.048615929 -0.427812666 -0.010831968 0.902494013
1702688184156305664.000000 0.007277414 -0.000914991 0.238960832 -0.046490602 -0.442253679 -0.010617256 0.895621359
1702688184328037632.000000 0.007102832 -0.000882873 0.239042416 -0.047167737 -0.454337478 -0.010342732 0.889519930
1702688184490565888.000000 0.006955527 -0.000893379 0.239120916 -0.048827264 -0.467736155 -0.009084178 0.882471681
1702688184653297152.000000 0.006824993 -0.000867903 0.239192456 -0.046750102 -0.481582373 -0.007556548 0.875120401
1702688184860982784.000000 0.006647244 -0.000846961 0.239296868 -0.047223680 -0.498268068 -0.006876062 0.865708709
1702688185073422592.000000 0.006476201 -0.000836213 0.239363298 -0.046830397 -0.514416337 -0.005184635 0.856245220
1702688185281377280.000000 0.006300695 -0.000864400 0.239452824 -0.048880961 -0.531387448 -0.003355867 0.845710814
1702688185610520320.000000 0.005954191 -0.000791111 0.239531532 -0.048399761 -0.555795789 -0.002675737 0.829904437
1702688185785310976.000000 0.005816534 -0.000771939 0.239644334 -0.048578180 -0.572258055 -0.001880088 0.818631411
1702688185945967104.000000 0.005673990 -0.000751991 0.239646524 -0.048369601 -0.582276583 -0.001689708 0.811548829
1702688186692717056.000000 0.005212694 -0.000721986 0.239679143 -0.047843050 -0.620633841 0.000421495 0.782639444
1702688187110407168.000000 0.004910588 -0.000713022 0.239744097 -0.048873331 -0.621774554 0.000441055 0.781669676
1702688187323382016.000000 0.004706591 -0.000679844 0.239853919 -0.049406193 -0.621064067 0.000705067 0.782200754
1702688188367589120.000000 0.003543943 -0.000600747 0.240037501 -0.049141578 -0.625909030 0.000032525 0.778346360
1702688188780747008.000000 0.003093734 -0.000571798 0.240162373 -0.048675623 -0.616565883 -0.000146704 0.785797238
1702688188985489152.000000 0.002863228 -0.000541774 0.240203157 -0.047849949 -0.616022170 0.000226891 0.786274135
1702688189190365952.000000 0.002628133 -0.000531350 0.240252346 -0.048862431 -0.631705880 0.001426852 0.773665369
1702688189357558016.000000 0.002449840 -0.000515165 0.240268975 -0.048576605 -0.635878503 0.001940273 0.770256519
1702688189567132928.000000 0.002211735 -0.000499401 0.240300104 -0.048907369 -0.643067598 0.001382945 0.764244914
1702688189857180928.000000 0.001879305 -0.000457034 0.240381449 -0.048366923 -0.638259590 -0.000322954 0.768300295
1702688190065590272.000000 0.001642630 -0.000454867 0.240403607 -0.050254062 -0.651000261 -0.000817331 0.757411718
1702688190236847360.000000 0.001459792 -0.000438585 0.240405321 -0.049336262 -0.656058073 0.001039508 0.753095388
1702688190439844096.000000 0.001233354 -0.000416218 0.240433842 -0.047489543 -0.662789702 0.001696252 0.747296274
1702688190607600896.000000 0.001043573 -0.000403313 0.240452245 -0.047764216 -0.655184567 0.000464619 0.753957272
1702688190821683712.000000 0.000819758 -0.000400783 0.240508184 -0.048532981 -0.649346471 0.001069453 0.758941770
1702688191025105152.000000 0.000575691 -0.000377986 0.240561113 -0.048850581 -0.650205135 0.001207596 0.758185565
1702688191236978432.000000 0.000345483 -0.000371780 0.240563914 -0.048944786 -0.659468234 0.001767583 0.750135303
1702688191438739200.000000 0.000119641 -0.000366833 0.240604922 -0.049070302 -0.659238219 0.002402343 0.750327468
1702688191605288960.000000 -0.000059456 -0.000344887 0.240648821 -0.047314264 -0.651673615 0.002087444 0.757019579
1702688191815576576.000000 -0.000291929 -0.000344118 0.240690351 -0.049054425 -0.642850280 0.002449574 0.764415622
1702688192062934016.000000 -0.000556275 -0.000313121 0.240746468 -0.048039678 -0.639991999 0.004285882 0.766866386
1702688192280138752.000000 -0.000791430 -0.000311173 0.240798116 -0.050263271 -0.631054342 0.003303877 0.774101496
1702688192523174400.000000 -0.001064703 -0.000269355 0.240871757 -0.048867509 -0.623112917 0.001503557 0.780602396
1702688192729799936.000000 -0.001299098 -0.000238720 0.240933672 -0.048773292 -0.612573147 -0.000878886 0.788907170
1702688192984206080.000000 -0.001575008 -0.000227207 0.241000682 -0.050087836 -0.615586340 -0.000810703 0.786475658
1702688193231017472.000000 -0.001856983 -0.000190689 0.241053179 -0.049613554 -0.622826695 -0.000758810 0.780784845
1702688193482086912.000000 -0.002117321 -0.000184236 0.241090894 -0.050060902 -0.622092545 -0.001093378 0.781340957
1702688193728716032.000000 -0.002377689 -0.000158672 0.241188854 -0.048698742 -0.611866713 -0.000269717 0.789460242
1702688194021547008.000000 -0.002697065 -0.000129650 0.241292328 -0.047822587 -0.601764202 -0.001265160 0.797239780
1702688194272052224.000000 -0.002970040 -0.000104323 0.241351679 -0.048379093 -0.602397859 -0.001777299 0.796726584
1702688194604224000.000000 -0.003312543 -0.000077850 0.241456985 -0.047543272 -0.594941616 -0.001834918 0.802359402
1702688194854336768.000000 -0.003594249 -0.000044938 0.241533071 -0.048405617 -0.597023964 -0.002085143 0.800758958
1702688195104681472.000000 -0.003855333 -0.000031700 0.241590023 -0.048330996 -0.595515072 -0.000283596 0.801888943
1702688195358011136.000000 -0.004110262 -0.000021457 0.241689175 -0.047978312 -0.591813803 0.000045435 0.804645598
1702688195606745344.000000 -0.004388988 0.000003838 0.241733342 -0.047155514 -0.581571281 -0.001862190 0.812125444
1702688195854430976.000000 -0.004636228 0.000026279 0.241823763 -0.047316823 -0.584161699 -0.000898548 0.810256422
1702688196144412416.000000 -0.004954174 0.000062712 0.241940454 -0.047506407 -0.577406406 -0.001992236 0.815071166
1702688196436167680.000000 -0.005246818 0.000071613 0.242052585 -0.047720481 -0.567259789 -0.002043266 0.822152615
1702688196728017152.000000 -0.005518764 0.000101411 0.242197201 -0.047094714 -0.558675230 -0.002179708 0.828045487
1702688196979374848.000000 -0.005821154 0.000131146 0.242314011 -0.047891393 -0.546924055 -0.003939028 0.835802078
1702688197270609408.000000 -0.006084986 0.000150191 0.242452472 -0.049561754 -0.538286030 -0.005498331 0.841285646
1702688197560470784.000000 -0.006378680 0.000199498 0.242600769 -0.047620941 -0.525803089 -0.004543779 0.849260092
1702688197808630528.000000 -0.006615788 0.000219483 0.242732733 -0.047920350 -0.515290976 -0.005750319 0.855655253
1702688198432888064.000000 -0.007211640 0.000284310 0.243137717 -0.048653610 -0.488594919 -0.007541723 0.871120512
1702688198726268416.000000 -0.007460758 0.000314245 0.243308514 -0.046823498 -0.476015717 -0.007330267 0.878158808
1702688198975623680.000000 -0.007663779 0.000336858 0.243467152 -0.045759574 -0.470371246 -0.007449231 0.881249964
1702688199308119808.000000 -0.007933520 0.000347434 0.243683606 -0.045715794 -0.462324679 -0.007355222 0.885500908
1702688199558371840.000000 -0.008151971 0.000385731 0.243796751 -0.046592601 -0.455938369 -0.007168356 0.888762057
1702688199768131328.000000 -0.008331068 0.000407381 0.243960559 -0.045134228 -0.453179330 -0.007513538 0.890244305
1702688200016098816.000000 -0.008551925 0.000429153 0.244074017 -0.044289913 -0.452144533 -0.008069913 0.890807867
1702688200308521984.000000 -0.008816972 0.000462739 0.244282499 -0.045344904 -0.455753297 -0.006966955 0.888923109
1702688200517587456.000000 -0.009000361 0.000489420 0.244419768 -0.045588456 -0.457809955 -0.006928737 0.887853444
1702688200680940032.000000 -0.009156078 0.000490149 0.244497895 -0.045296639 -0.459806800 -0.006909189 0.886836112
1702688200848833792.000000 -0.009296089 0.000503240 0.244578376 -0.045796532 -0.460912317 -0.006803568 0.886237144
1702688201057664256.000000 -0.009488061 0.000483053 0.244648159 -0.048471034 -0.466354072 -0.007788570 0.883234859
1702688201263351040.000000 -0.009685189 0.000561851 0.244826928 -0.045269761 -0.479992539 -0.005102758 0.876088917
1702688201471807488.000000 -0.009886034 0.000545166 0.244889230 -0.047554854 -0.480786115 -0.007071886 0.875518858
1702688201679911424.000000 -0.010063514 0.000564219 0.245007083 -0.047195360 -0.479805678 -0.008288399 0.876065314
1702688201888040960.000000 -0.010278501 0.000591239 0.245064408 -0.046842661 -0.477207005 -0.009603788 0.877489030
1702688202097540608.000000 -0.010480702 0.000594224 0.245178893 -0.048269596 -0.478392810 -0.010292141 0.876757920
1702688202388726784.000000 -0.010759354 0.000642767 0.245353103 -0.047115996 -0.485223323 -0.009037795 0.873073161
1702688202564944384.000000 -0.010840431 0.000603440 0.245435581 -0.048720591 -0.486768782 -0.010547973 0.872107327
1702688202761994496.000000 -0.011039563 0.000607683 0.245512903 -0.049163397 -0.482645273 -0.012043860 0.874352038
1702688203055158272.000000 -0.011304118 0.000654648 0.245652080 -0.048649810 -0.474620163 -0.012913199 0.878750324
1702688203223700736.000000 -0.011440396 0.000652757 0.245755643 -0.048741341 -0.472566038 -0.013324104 0.879845560
1702688203387044608.000000 -0.011573896 0.000629088 0.245855600 -0.049845506 -0.467277288 -0.013551980 0.882600546
1702688203554644736.000000 -0.011654660 0.000618936 0.245921910 -0.051092479 -0.457526624 -0.014711400 0.887604952
1702688203719189248.000000 -0.011738602 0.000598277 0.245966807 -0.049257454 -0.442200571 -0.016326286 0.895413756
1702688203894887168.000000 -0.011862494 0.000582004 0.246047392 -0.051669121 -0.434180915 -0.019259172 0.899136484
1702688204055269120.000000 -0.011948731 0.000611281 0.246135622 -0.049926516 -0.426262528 -0.018353961 0.903034210
1702688204305177344.000000 -0.012077261 0.000583041 0.246253744 -0.053018909 -0.414375961 -0.022317149 0.908286035
1702688204512883968.000000 -0.012151111 0.000584648 0.246389017 -0.053598367 -0.407715142 -0.022888698 0.911247313
1702688204761393664.000000 -0.012323476 0.000580373 0.246466070 -0.053568017 -0.390595168 -0.024564784 0.918674350
1702688204928294912.000000 -0.012384932 0.000586826 0.246519700 -0.053300165 -0.382207751 -0.024569483 0.922210753
1702688205137715200.000000 -0.012454975 0.000589411 0.246620685 -0.054407157 -0.368900090 -0.026364431 0.927500725
1702688205360034816.000000 -0.012545131 0.000585617 0.246711448 -0.054750901 -0.356701910 -0.027558077 0.932205260
1702688205556969472.000000 -0.012600984 0.000583157 0.246756569 -0.055767797 -0.344222277 -0.029004823 0.936781585
1702688205804789760.000000 -0.012654142 0.000601296 0.246874601 -0.055368457 -0.325394720 -0.029682586 0.943489075
1702688206013332224.000000 -0.012726088 0.000595185 0.246952146 -0.057017811 -0.304063082 -0.033940975 0.950338185
1702688206222782720.000000 -0.012771033 0.000617647 0.247055456 -0.053866282 -0.286539853 -0.033076592 0.955980778
1702688206426771456.000000 -0.012839978 0.000578356 0.247141629 -0.057375912 -0.264639676 -0.038764343 0.961858213
1702688206635316736.000000 -0.012868095 0.000586833 0.247243717 -0.056645799 -0.245286033 -0.041429140 0.966907263
1702688206845090048.000000 -0.012907519 0.000607402 0.247339055 -0.055743568 -0.225720614 -0.042629041 0.971661270
1702688207051601408.000000 -0.012940560 0.000615104 0.247429699 -0.055510879 -0.205528349 -0.045101140 0.976034105
1702688207259655168.000000 -0.012969034 0.000622425 0.247519493 -0.054181628 -0.185913220 -0.046912052 0.979948938
1702688207429315328.000000 -0.012991877 0.000632427 0.247595444 -0.053936470 -0.171714589 -0.047392130 0.982526839
1702688207636090368.000000 -0.013012206 0.000649238 0.247690558 -0.052362971 -0.154930755 -0.048068486 0.985364914
1702688207803040256.000000 -0.013035139 0.000651157 0.247760206 -0.052213255 -0.139749229 -0.049160387 0.987586558
1702688207967091456.000000 -0.013051239 0.000651407 0.247828916 -0.052828722 -0.129012242 -0.049210966 0.989011228
1702688208133293824.000000 -0.013066592 0.000661393 0.247903764 -0.051944073 -0.119061664 -0.049303647 0.990300655
1702688208509132544.000000 -0.013089980 0.000684089 0.248070136 -0.050173417 -0.103860758 -0.050663326 0.992032647
1702688208634181376.000000 -0.013099040 0.000686418 0.248119101 -0.050467677 -0.101846598 -0.050198894 0.992250144
1702688208756954112.000000 -0.013099447 0.000694733 0.248181000 -0.050881043 -0.101001285 -0.049493995 0.992350876
1702688209091774720.000000 -0.013123238 0.000709397 0.248328149 -0.053401712 -0.104143247 -0.046102308 0.992056966
1702688209264755200.000000 -0.013133538 0.000714338 0.248396024 -0.055385727 -0.109012149 -0.043606967 0.991537809
1702688209426118144.000000 -0.013141351 0.000724843 0.248463571 -0.057995353 -0.110063970 -0.042930480 0.991301954
1702688210135180800.000000 -0.013257589 0.000776306 0.248746097 -0.053765401 -0.130107537 -0.056893121 0.988405049
1702688210300882944.000000 -0.013277009 0.000768277 0.248814330 -0.055215798 -0.145941824 -0.057455793 0.986078620
1702688210515516160.000000 -0.013296743 0.000766604 0.248884752 -0.050810687 -0.161042809 -0.056216411 0.984034181
1702688210761063168.000000 -0.013334753 0.000783337 0.248975173 -0.043204669 -0.177928433 -0.050309587 0.981806397
1702688210965821440.000000 -0.013347829 0.000787574 0.249023870 -0.038068615 -0.164762095 -0.046538837 0.984499097
1702688211132476160.000000 -0.013356676 0.000787392 0.249088407 -0.042841338 -0.150927812 -0.049908869 0.986354172
1702688211307954944.000000 -0.013377580 0.000804765 0.249153882 -0.042537432 -0.141011491 -0.049751826 0.987841666
1702688211561096192.000000 -0.013403628 0.000807120 0.249258503 -0.047293194 -0.124708913 -0.054580647 0.989561498
1702688212052156416.000000 -0.013425522 0.000805070 0.249449342 -0.043770142 -0.099933855 -0.057004854 0.992395043
1702688212337443072.000000 -0.013442197 0.000828391 0.249570683 -0.043635730 -0.085205697 -0.055416983 0.993863583
1702688212588829184.000000 -0.013452503 0.000845219 0.249682844 -0.044057444 -0.071863428 -0.053852495 0.994984686
1702688212837169408.000000 -0.013466311 0.000857911 0.249795750 -0.045651719 -0.057672899 -0.056076150 0.995713413
1702688213129238784.000000 -0.013463061 0.000874746 0.249923810 -0.046987604 -0.043907028 -0.056189198 0.996346891
1702688213378916352.000000 -0.013467209 0.000880930 0.250034392 -0.047538064 -0.030260602 -0.057910334 0.996730089
1702688213593683968.000000 -0.013471354 0.000884291 0.250117898 -0.047626719 -0.019176843 -0.058917418 0.996941686
1702688214295942144.000000 -0.013464497 0.000913146 0.250431150 -0.045896787 0.020738682 -0.060465593 0.996898890
1702688214546439936.000000 -0.013457602 0.000921824 0.250527918 -0.044714585 0.031898618 -0.061401181 0.996600747
1702688214842158336.000000 -0.013441884 0.000930456 0.250656903 -0.043854069 0.048043936 -0.062097035 0.995948076
1702688215378481152.000000 -0.013404746 0.000944661 0.250881404 -0.041769892 0.061497595 -0.062130466 0.995295525
1702688216001829888.000000 -0.013386938 0.000968212 0.251144886 -0.041430961 0.040597197 -0.060942009 0.996454418
1702688216333974272.000000 -0.013390871 0.000984684 0.251292109 -0.042174891 0.026519682 -0.060270023 0.996938109
1702688216710136832.000000 -0.013386090 0.000995792 0.251447350 -0.042823546 0.010785608 -0.059960324 0.997223437
1702688217083516416.000000 -0.013383728 0.001009328 0.251605988 -0.044136539 0.003390027 -0.058601130 0.997299552
1702688217461167104.000000 -0.013377399 0.001025919 0.251765490 -0.045558911 0.005368448 -0.059037969 0.997201145
1702688217756749568.000000 -0.013375746 0.001034202 0.251895905 -0.044803467 0.016914835 -0.060333859 0.997028768
1702688218083411200.000000 -0.013370129 0.001049513 0.252037644 -0.043242738 0.019561043 -0.059073731 0.997124732
1702688218374699264.000000 -0.013363798 0.001059306 0.252157956 -0.043621603 0.019687403 -0.058678545 0.997129083
1702688218631150848.000000 -0.013364205 0.001069004 0.252268642 -0.044135399 0.021380503 -0.059794951 0.997005284
1702688219252343808.000000 -0.013354856 0.001089217 0.252510130 -0.044654727 0.026867369 -0.060838219 0.996786237
1702688219582042112.000000 -0.013340339 0.001103377 0.252649903 -0.043252509 0.029610228 -0.059668284 0.996841133
1702688219914763520.000000 -0.013322307 0.001114259 0.252794564 -0.041974548 0.041691978 -0.059851374 0.996452570
1702688220250758144.000000 -0.013317076 0.001132031 0.252938926 -0.042118430 0.042850602 -0.060321663 0.996369004
1702688220541430528.000000 -0.013296478 0.001138406 0.253063470 -0.041698005 0.050941069 -0.060128052 0.996017516
1702688221079750656.000000 -0.013264926 0.001152298 0.253290802 -0.040241521 0.069535553 -0.060983248 0.994900286
1702688221375895552.000000 -0.013241830 0.001164360 0.253413320 -0.038650502 0.082492433 -0.061516367 0.993940115
1702688221705978624.000000 -0.013212628 0.001169514 0.253551036 -0.038122274 0.091423213 -0.061601046 0.993173599
1702688222040700672.000000 -0.013176325 0.001178952 0.253690273 -0.037586343 0.104854584 -0.062660918 0.991799593
1702688222334378496.000000 -0.013142632 0.001185281 0.253809541 -0.037257396 0.110473372 -0.061774183 0.991257548
1702688222629684736.000000 -0.013120880 0.001194383 0.253927857 -0.035698958 0.113199078 -0.061871849 0.991001248
1702688222957628416.000000 -0.013091710 0.001200974 0.254065692 -0.036257841 0.111651175 -0.062884346 0.991092801
1702688223286115328.000000 -0.013057626 0.001209951 0.254206181 -0.036788035 0.105596162 -0.062150225 0.991782963
1702688223623394560.000000 -0.013035405 0.001217328 0.254345804 -0.037824973 0.095839895 -0.061548449 0.992771745
1702688224037439744.000000 -0.013007324 0.001229618 0.254509211 -0.037269268 0.084282622 -0.061088562 0.993869007
1702688224409829632.000000 -0.012993624 0.001236790 0.254639059 -0.039277222 0.072521590 -0.060140703 0.994776845
1702688224785209088.000000 -0.012976739 0.001245291 0.254745990 -0.038241684 0.076382376 -0.060072176 0.994532347
1702688225283527936.000000 -0.012933265 0.001261508 0.254962116 -0.039130617 0.089377344 -0.062664360 0.993254125
1702688225701874944.000000 -0.012887886 0.001272463 0.255133986 -0.038335864 0.108121932 -0.062871106 0.991406679
1702688226116941568.000000 -0.012846666 0.001284516 0.255304694 -0.038742781 0.111455590 -0.063126259 0.991005421
1702688226491573248.000000 -0.012798583 0.001292015 0.255450547 -0.037225951 0.129592150 -0.064540707 0.988764167
1702688226829157376.000000 -0.012755550 0.001296610 0.255577922 -0.036079161 0.140872508 -0.063446134 0.987333715
1702688227202615296.000000 -0.012709890 0.001303929 0.255727768 -0.036735758 0.142639592 -0.063641503 0.987043142
1702688227575424512.000000 -0.012656791 0.001311280 0.255878448 -0.034861874 0.152226761 -0.064089477 0.985649168
1702688227995059968.000000 -0.012606753 0.001324756 0.256051689 -0.035206497 0.145018876 -0.063977003 0.986730456
1702688228365226496.000000 -0.012554377 0.001329852 0.256196558 -0.034582127 0.160543948 -0.065019839 0.984277487
1702688228781436672.000000 -0.012487971 0.001336006 0.256352276 -0.031183677 0.179206952 -0.066097543 0.981093049
1702688229113829376.000000 -0.012427900 0.001335482 0.256478280 -0.030290423 0.194045261 -0.067402847 0.978205383
1702688229449940224.000000 -0.012376868 0.001335293 0.256614476 -0.030337747 0.204904318 -0.067527011 0.975978434
1702688229782695424.000000 -0.012310544 0.001339960 0.256740183 -0.029106390 0.212257519 -0.066322058 0.974526048
1702688230155956480.000000 -0.012242430 0.001341908 0.256878316 -0.027232051 0.223172143 -0.066146322 0.972150862
1702688230491420160.000000 -0.012180800 0.001345139 0.257004052 -0.028169096 0.230832800 -0.066805989 0.970288455
1702688230824258816.000000 -0.012122788 0.001347281 0.257131875 -0.029935654 0.223283306 -0.066426978 0.972026706
1702688231199276032.000000 -0.012063925 0.001354070 0.257285058 -0.031750754 0.204178005 -0.066101074 0.976183295
1702688231614550784.000000 -0.012003658 0.001366161 0.257451892 -0.032819290 0.181419447 -0.065219633 0.980691731
1702688231986952192.000000 -0.011948043 0.001369821 0.257602394 -0.035699047 0.161716536 -0.063898444 0.984119058
1702688232739291904.000000 -0.011877901 0.001388496 0.257917225 -0.038354531 0.121748604 -0.061991651 0.989880443
1702688233083667968.000000 -0.011855068 0.001402057 0.258056313 -0.038909327 0.107777230 -0.061043419 0.991536081
1702688233446967040.000000 -0.011825909 0.001414442 0.258211046 -0.039928358 0.090874769 -0.059905995 0.993256688
1702688233945336576.000000 -0.011807133 0.001430630 0.258419365 -0.040781759 0.068928808 -0.058776218 0.995053291
1702688234319454720.000000 -0.011791978 0.001439683 0.258577049 -0.042852066 0.059262104 -0.059508342 0.995545328
1702688234699040768.000000 -0.011782504 0.001451481 0.258731604 -0.045280214 0.048720703 -0.058734104 0.996055365
1702688235109162496.000000 -0.011765024 0.001462474 0.258897573 -0.043826248 0.044526331 -0.058491960 0.996330976
1702688235526840064.000000 -0.011751507 0.001480549 0.259071320 -0.044932805 0.036715746 -0.058304384 0.996611059
1702688235904521984.000000 -0.011745943 0.001488032 0.259222358 -0.046294164 0.017595356 -0.058433447 0.997062087
1702688236357428736.000000 -0.011733713 0.001500979 0.259405941 -0.044415075 0.024283113 -0.059261095 0.996958256
1702688236778249216.000000 -0.011712634 0.001515249 0.259580135 -0.045551706 0.030443911 -0.059236858 0.996739328
1702688237651001856.000000 -0.011677381 0.001542901 0.259950459 -0.046846803 0.060441472 -0.061127037 0.995196342
1702688238189066496.000000 -0.011604822 0.001564921 0.260168999 -0.043469682 0.080985956 -0.062382016 0.993810952
1702688238694409728.000000 -0.011591683 0.001571627 0.260372579 -0.043160923 0.081055634 -0.062330496 0.993821919
1702688239190417408.000000 -0.011539237 0.001590154 0.260578245 -0.043004483 0.081675000 -0.062160399 0.993788660
1702688239651885312.000000 -0.011496630 0.001609057 0.260764360 -0.042014189 0.084908105 -0.061933309 0.993574202
1702688240149369088.000000 -0.011482969 0.001626658 0.260976762 -0.041910186 0.082958549 -0.061854020 0.993748188
1702688240564853248.000000 -0.011447654 0.001631753 0.261146963 -0.042850476 0.086400390 -0.061778001 0.993419528
1702688240983106816.000000 -0.011417126 0.001640843 0.261312068 -0.041662727 0.086536735 -0.061155599 0.993496656
1702688241396998656.000000 -0.011399967 0.001652252 0.261488914 -0.041496351 0.084093802 -0.061324988 0.993702948
1702688241770673664.000000 -0.011352849 0.001659333 0.261635065 -0.041972671 0.088239871 -0.061066773 0.993339300
1702688242188058624.000000 -0.011324164 0.001671046 0.261807173 -0.040637068 0.088280074 -0.061519776 0.993363261
1702688242602972416.000000 -0.011272216 0.001685412 0.261979997 -0.042280156 0.088938773 -0.061174445 0.993257225
1702688242978560768.000000 -0.011235998 0.001701660 0.262136877 -0.044057850 0.090793133 -0.061309837 0.993003845
1702688243395886592.000000 -0.011207668 0.001713375 0.262306362 -0.043807067 0.093190528 -0.061981261 0.992751122
1702688243770609920.000000 -0.011216704 0.001720669 0.262466818 -0.045870088 0.088371016 -0.061485518 0.993129432
1702688244145340672.000000 -0.011175014 0.001729415 0.262614012 -0.046311624 0.074751504 -0.060259208 0.994301915
1702688244518911232.000000 -0.011160619 0.001744679 0.262759924 -0.045521699 0.062866211 -0.060272217 0.995159745
1702688244896261632.000000 -0.011174498 0.001762535 0.262916118 -0.044054743 0.065673977 -0.059617147 0.995083928
1702688245272855296.000000 -0.011164729 0.001778436 0.263070822 -0.041373253 0.064496703 -0.058652651 0.995333314
1702688245651625216.000000 -0.011140303 0.001786638 0.263211131 -0.043206468 0.060199320 -0.057925574 0.995567143
1702688246017522944.000000 -0.011117282 0.001789238 0.263266623 -0.044149857 0.061725859 -0.057757489 0.995441973
1702688246517553664.000000 -0.011111885 0.001785261 0.263260484 -0.044681206 0.061613869 -0.058058258 0.995407760
1702688246850657024.000000 -0.011111890 0.001786560 0.263260454 -0.044272400 0.061470188 -0.057976641 0.995439649
