1702688123750164736.000000 0.000000000 0.000000000 0.000000000 -0.000000000 -0.000000000 -0.000000000 1.000000000
1702688124081733120.000000 -0.000000204 0.000001075 0.000059603 -0.000476482 0.000878873 -0.000011176 0.999999523
1702688124330904064.000000 -0.000002480 0.000002222 0.000104315 0.000115671 0.000761603 -0.000719131 0.999999464
1702688125043920640.000000 -0.000015000 0.000002003 0.000226781 -0.001119489 -0.001784345 -0.000942727 0.999997377
1702688125207111168.000000 -0.000018522 0.000002001 0.000254640 -0.000854313 -0.002266593 0.000098953 0.999997079
1702688125288025856.000000 -0.000016823 0.000001005 0.000269640 -0.001240505 -0.002230805 0.000052419 0.999996781
1702688126038130432.000000 -0.000010600 0.000000842 0.000401528 -0.001412080 -0.001595277 0.000551649 0.999997556
1702688126370384896.000000 -0.000015537 0.000000203 0.000459247 -0.001180710 -0.001838191 0.000554493 0.999997437
1702688126461143552.000000 -0.000013409 0.000000520 0.000474108 -0.001321466 -0.002032331 0.000999150 0.999996603
1702688126539796736.000000 -0.000012115 0.000000023 0.000488588 -0.001449454 -0.002184984 0.000743557 0.999996305
1702688126620058368.000000 -0.000010055 -0.000001780 0.000503314 -0.001629387 -0.001065775 0.000892276 0.999997735
1702688126703040768.000000 -0.000008713 -0.000001386 0.000515341 0.000034350 -0.000433533 0.001555766 0.999998689
1702688126789506816.000000 -0.000009010 -0.000004002 0.000530284 -0.000581624 -0.001058275 0.001318583 0.999998391
1702688126913067264.000000 -0.000012110 -0.000004625 0.000551022 -0.000156058 -0.001266552 0.001806288 0.999997556
1702688127541034240.000000 -0.000022721 -0.000006456 0.000656738 0.000200051 -0.005922333 0.000273407 0.999982417
1702688127959379968.000000 -0.000028154 -0.000005897 0.000728837 0.000284395 -0.015220126 0.000206557 0.999884129
1702688128120300800.000000 -0.000027504 -0.000004855 0.000756835 0.001802921 -0.014620666 -0.000942081 0.999891102
1702688128244825856.000000 -0.000028831 -0.000004117 0.000780220 0.002861154 -0.014342835 -0.000779165 0.999892771
1702688128578850560.000000 -0.000035062 -0.000004714 0.000834169 0.002636470 -0.019153979 -0.000990320 0.999812603
1702688128746195200.000000 -0.000031924 -0.000003454 0.000865332 0.001151916 -0.025905881 -0.000329456 0.999663711
1702688128910663680.000000 -0.000035535 -0.000002264 0.000891129 0.002255137 -0.028741578 -0.000020514 0.999584377
1702688129075731712.000000 -0.000037301 -0.000003859 0.000920822 0.002216004 -0.028942123 -0.000521470 0.999578536
1702688129411471104.000000 -0.000035518 -0.000003775 0.000977360 0.002911145 -0.021917474 0.000456268 0.999755442
1702688129619128832.000000 -0.000037893 -0.000005516 0.001010024 0.004074612 -0.023562090 0.000510312 0.999713957
1702688129785769472.000000 -0.000040093 -0.000005051 0.001041087 0.003407444 -0.025561688 0.002146539 0.999665141
1702688129995001600.000000 -0.000039967 -0.000005429 0.001078576 0.001638290 -0.028317956 0.002196202 0.999595225
1702688130200977920.000000 -0.000045660 -0.000001608 0.001114215 0.000678008 -0.028332984 0.002153412 0.999596000
1702688130412891648.000000 -0.000046086 -0.000001578 0.001151381 -0.000145646 -0.025216395 0.001738787 0.999680519
1702688130619312640.000000 -0.000043812 -0.000000484 0.001184778 -0.000650683 -0.022305902 0.002084020 0.999748826
1702688130824449536.000000 -0.000047935 -0.000000328 0.001222577 -0.002643493 -0.020398589 0.001710329 0.999786973
1702688131074332416.000000 -0.000048032 -0.000000788 0.001263965 -0.002339776 -0.016756639 0.001382799 0.999855936
1702688131328139008.000000 -0.000044473 -0.000000935 0.001304697 -0.000901963 -0.010994783 0.001904668 0.999937356
1702688131576884992.000000 -0.000046932 -0.000002284 0.001350315 -0.001680607 -0.006505848 0.000096831 0.999977410
1702688131825572608.000000 -0.000046781 -0.000001063 0.001393219 -0.001554738 0.000401346 -0.000018764 0.999998689
1702688132282315776.000000 -0.000039301 0.000000333 0.001468235 -0.000535708 0.003899353 -0.000050618 0.999992251
1702688132531828992.000000 -0.000040723 -0.000001153 0.001511293 -0.000864964 0.003579771 0.000136128 0.999993205
1702688132783902208.000000 -0.000040183 -0.000001116 0.001553153 -0.001315278 0.003823620 -0.000568926 0.999991715
1702688133033561088.000000 -0.000039141 -0.000000997 0.001597212 -0.001314293 0.004234465 -0.000610177 0.999989986
1702688133244497664.000000 -0.000040654 -0.000001223 0.001630802 -0.001807507 0.004443330 -0.002030418 0.999986470
1702688133532340224.000000 -0.000044486 0.000002108 0.001680819 -0.002409471 0.002851528 -0.001858322 0.999991357
1702688133824088320.000000 -0.000043609 0.000002299 0.001731086 -0.003145263 0.002889244 -0.002360111 0.999988139
1702688134154682368.000000 -0.000041302 0.000001102 0.001786416 -0.002998665 0.004638673 -0.003116957 0.999979913
1702688134492103680.000000 -0.000040170 0.000001342 0.001842588 -0.002780616 0.004830368 -0.001984796 0.999982536
1702688134822543104.000000 -0.000042533 0.000001618 0.001897658 -0.004234007 0.004852007 -0.002589152 0.999975920
1702688135115931392.000000 -0.000038643 0.000002224 0.001946250 -0.003420584 0.005738918 -0.001990709 0.999975681
1702688135446045184.000000 -0.000039257 0.000001038 0.002003705 -0.002241301 0.005988176 -0.001740608 0.999978065
1702688135783713536.000000 -0.000042155 0.000001978 0.002060607 -0.003114592 0.004763634 -0.001858045 0.999982059
1702688136113586432.000000 -0.000039541 0.000004452 0.002117599 -0.003381630 0.006842487 -0.001659654 0.999969482
1702688136446591744.000000 -0.000038734 0.000003689 0.002172627 -0.002496362 0.007632314 -0.002353086 0.999965012
1702688136779149312.000000 -0.000038321 0.000003496 0.002228775 -0.002386516 0.006049834 -0.001828212 0.999977171
1702688137112512768.000000 -0.000037160 0.000005086 0.002284358 -0.000528031 0.006499900 -0.001911162 0.999976933
1702688137445411072.000000 -0.000039533 0.000003517 0.002340684 -0.002239674 0.002188758 -0.000917939 0.999994695
1702688137776322560.000000 -0.000039361 0.000004731 0.002398460 -0.002715915 0.002349081 -0.000983479 0.999993086
1702688138151272704.000000 -0.000035673 0.000004193 0.002461194 -0.001860240 0.000499446 0.000154723 0.999998152
1702688138403427328.000000 -0.000036839 0.000005213 0.002504308 -0.002322460 -0.000857235 0.000448196 0.999996841
1702688138696838400.000000 -0.000040042 0.000003666 0.002548930 -0.002429747 -0.005829166 -0.000030849 0.999980092
1702688139033727744.000000 -0.000038649 0.000005262 0.002606400 -0.000515760 0.011924724 0.000188117 0.999928772
1702688139238245888.000000 -0.000035631 0.000005601 0.002641765 0.000035561 0.023660868 -0.000917993 0.999719620
1702688139443001600.000000 -0.000034553 0.000005996 0.002676771 0.000853042 0.035361141 -0.001245402 0.999373496
1702688139693775616.000000 -0.000031962 0.000007023 0.002719108 0.001643499 0.047091920 -0.001912597 0.998887360
1702688140735255040.000000 -0.000000399 0.000005422 0.002887244 0.000529926 0.092070818 -0.002129721 0.995750070
1702688141486972672.000000 0.000033529 0.000006808 0.003009408 0.000534635 0.105475470 -0.000638599 0.994421542
1702688142775388672.000000 0.000065066 0.000004050 0.003216708 0.001554631 0.095576108 -0.001039423 0.995420396
1702688142981350400.000000 0.000072809 0.000003454 0.003251452 0.000771072 0.093898326 -0.000823850 0.995581150
1702688143192118784.000000 0.000078143 0.000005210 0.003287802 0.000886343 0.093144082 -0.001417732 0.995651245
1702688144022531072.000000 0.000099578 0.000001952 0.003420683 0.000028510 0.089424603 -0.001425836 0.995992601
1702688144688883968.000000 0.000120986 0.000000685 0.003528309 0.001779335 0.088516526 -0.002034900 0.996071041
1702688145313872640.000000 0.000149299 0.000001967 0.003632229 0.001074042 0.097969614 -0.002287382 0.995186210
1702688145522630400.000000 0.000148297 -0.000000272 0.003663799 0.000474650 0.098013252 -0.001996319 0.995182991
1702688145729303552.000000 0.000159269 0.000002021 0.003697252 0.000463963 0.095300943 -0.002477217 0.995445311
1702688146190619392.000000 0.000172891 0.000004215 0.003770535 0.003757419 0.073260441 -0.002206167 0.997303307
1702688146603670272.000000 0.000178451 0.000002006 0.003839940 0.001629384 0.059243206 -0.002399395 0.998239398
1702688146978892800.000000 0.000185487 0.000003115 0.003904267 -0.001096937 0.041442104 -0.002810889 0.999136329
1702688147147460096.000000 0.000187224 0.000003697 0.003931258 0.000246390 0.053400274 -0.002772263 0.998569310
1702688147727670784.000000 0.000203611 0.000002766 0.004028097 0.001335671 0.068067782 -0.004165004 0.997671127
1702688147978293504.000000 0.000206332 0.000004576 0.004068050 0.000584694 0.066390045 -0.004273046 0.997784436
1702688148227873280.000000 0.000213548 0.000004354 0.004108309 0.000112135 0.065795258 -0.004440719 0.997823298
1702688148476681728.000000 0.000219198 0.000003112 0.004149361 0.000612684 0.066432394 -0.005097910 0.997777760
1702688148727201024.000000 0.000225667 0.000003841 0.004191289 0.001479623 0.065622792 -0.005168245 0.997830033
1702688149892779264.000000 0.000252364 0.000002908 0.004383330 0.003297710 0.067684174 -0.004040227 0.997693181
1702688150103770368.000000 0.000260126 0.000001365 0.004416703 0.002900376 0.068730570 -0.003866104 0.997623563
1702688150350371584.000000 0.000265653 0.000002170 0.004457151 0.003399047 0.070983931 -0.004207158 0.997462809
1702688150644988160.000000 0.000274863 0.000002035 0.004505947 0.004180182 0.075573519 -0.004227432 0.997122526
1702688150893731840.000000 0.000280121 -0.000000413 0.004546729 0.003698475 0.075714119 -0.003303432 0.997117221
1702688151140532480.000000 0.000288461 0.000002043 0.004589673 0.003575281 0.077850848 -0.004534442 0.996948302
1702688151639652096.000000 0.000297629 0.000002651 0.004671770 0.001000666 0.081927449 -0.005412852 0.996623158
1702688151933344256.000000 0.000308561 0.000001242 0.004720369 0.001664637 0.082698241 -0.004939460 0.996561050
1702688152183281920.000000 0.000312993 0.000000720 0.004759391 0.002693238 0.084065929 -0.005424948 0.996441841
1702688152436960000.000000 0.000323287 0.000000805 0.004801800 0.002320856 0.084946893 -0.005672449 0.996366680
1702688152681483776.000000 0.000328091 0.000002949 0.004842963 0.001250355 0.092468478 -0.006719624 0.995692194
1702688152931229952.000000 0.000339329 0.000001294 0.004882843 0.000875639 0.100682870 -0.005373280 0.994903684
1702688153224511744.000000 0.000351806 0.000003955 0.004929564 0.002653634 0.110288955 -0.007459741 0.993868053
1702688153513669376.000000 0.000362341 0.000002083 0.004974805 0.003663962 0.115352884 -0.006662244 0.993295491
1702688153804666112.000000 0.000373598 0.000002096 0.005024586 0.003655163 0.116454706 -0.007326734 0.993162274
1702688154099971840.000000 0.000383351 0.000001561 0.005069669 0.002981067 0.115007609 -0.008051376 0.993327498
1702688154388037120.000000 0.000393488 0.000000734 0.005116201 0.004811655 0.111032836 -0.008036270 0.993772626
1702688154680392960.000000 0.000403797 0.000001098 0.005163215 0.005841059 0.102882914 -0.008337806 0.994641364
1702688154973164544.000000 0.000411358 0.000002895 0.005211026 0.006389420 0.092480972 -0.009637973 0.995647311
1702688155315102208.000000 0.000420691 0.000001270 0.005267558 0.003761048 0.085053049 -0.009750113 0.996321619
1702688155641277184.000000 0.000424322 0.000003374 0.005317620 0.003382240 0.075503640 -0.010634444 0.997083068
1702688155970658304.000000 0.000430334 0.000003749 0.005369942 0.001660862 0.058877941 -0.009241434 0.998221040
1702688156301827328.000000 0.000432370 0.000005604 0.005421995 0.001213003 0.046916757 -0.010879830 0.998838842
1702688156638221312.000000 0.000434662 0.000003325 0.005474257 0.003654508 0.029211363 -0.010405076 0.999512434
1702688156973223936.000000 0.000436815 0.000001076 0.005534280 0.001870603 0.008833661 -0.007923349 0.999927878
1702688157262421248.000000 0.000432508 0.000000882 0.005579193 0.000247163 0.000107423 -0.009314779 0.999956608
1702688157597278208.000000 0.000429270 0.000001912 0.005634805 -0.000227200 -0.017486235 -0.010279865 0.999794245
1702688157926846208.000000 0.000424211 0.000001372 0.005687483 -0.000949965 -0.023964850 -0.010291296 0.999659419
1702688158218498560.000000 0.000423943 0.000002876 0.005738303 0.000154508 -0.024748974 -0.011960966 0.999622166
1702688158883162368.000000 0.000416633 0.000004274 0.005848716 -0.000298734 -0.010182769 -0.010718201 0.999890685
1702688159220160768.000000 0.000414385 0.000003796 0.005902660 0.001673665 -0.018529205 -0.010390711 0.999772966
1702688159799795968.000000 0.000408293 0.000003482 0.005999060 -0.000336938 -0.032830372 -0.009833153 0.999412537
1702688160143533824.000000 0.000403806 0.000002306 0.006054336 -0.001135849 -0.032634627 -0.010290832 0.999413729
1702688160508201472.000000 0.000404730 0.000003200 0.006115963 -0.000457085 -0.022468621 -0.011004933 0.999686897
1702688160841707264.000000 0.000405844 0.000003464 0.006170965 -0.000531461 -0.008424871 -0.010986754 0.999904037
1702688162006306304.000000 0.000407855 0.000002681 0.006355420 0.001999553 0.004497377 -0.009062831 0.999946833
1702688162381815808.000000 0.000407499 0.000004327 0.006413696 0.002768259 0.005864778 -0.009171272 0.999936938
1702688163094022912.000000 0.000410253 0.000003234 0.006530154 0.003100779 0.017529985 -0.008871668 0.999802172
1702688163379859456.000000 0.000409989 0.000002263 0.006574714 0.002198314 0.022183614 -0.009324645 0.999708056
1702688163843146496.000000 0.000415172 0.000004760 0.006650852 0.002975863 0.027772255 -0.009637226 0.999563396
1702688164255248128.000000 0.000424291 0.000003444 0.006718703 0.004854332 0.036442753 -0.009770001 0.999276221
1702688164754449152.000000 0.000429456 0.000003743 0.006800032 0.003732222 0.033250365 -0.010286486 0.999387145
1702688165046766336.000000 0.000431064 0.000004420 0.006844892 0.002897847 0.033791795 -0.010378468 0.999370813
1702688165504096512.000000 0.000438047 0.000005035 0.006919219 0.003687643 0.034801900 -0.010559783 0.999331653
1702688165840541696.000000 0.000437209 0.000004249 0.006972004 0.003770303 0.031791706 -0.010578005 0.999431431
1702688166294901760.000000 0.000440839 0.000004444 0.007045660 0.003823678 0.046533715 -0.012379494 0.998832703
1702688166628041472.000000 0.000435793 0.000004328 0.007098665 0.004047433 0.038298033 -0.013046080 0.999173045
1702688167004059392.000000 0.000438361 0.000003695 0.007159147 0.002936130 0.040027585 -0.012715717 0.999113381
1702688167377028096.000000 0.000448364 0.000002286 0.007219139 0.003496811 0.060122073 -0.011929187 0.998113632
1702688167794887680.000000 0.000445524 0.000002199 0.007283588 0.004370113 0.066307671 -0.012087519 0.997716427
1702688169627766784.000000 0.000500120 -0.000001915 0.007561284 0.003949503 0.110680155 -0.009504853 0.993802786
1702688169922340608.000000 0.000498164 -0.000001662 0.007607768 0.004136525 0.122954145 -0.009650530 0.992356837
1702688170249803264.000000 0.000493296 -0.000000056 0.007658958 0.006663605 0.137526900 -0.008747066 0.990437031
1702688170669401600.000000 0.000497052 -0.000008736 0.007735152 0.005323905 0.160004199 -0.008595246 0.987064600
1702688171002532864.000000 0.000487998 -0.000014109 0.007788180 0.003950817 0.173978031 -0.006360413 0.984721065
1702688171335400704.000000 0.000484697 -0.000017735 0.007837887 0.003434467 0.187056586 -0.004951290 0.982330680
1702688171956597760.000000 0.000454423 -0.000023005 0.007883872 -0.001630030 0.198599845 -0.005802047 0.980062187
1702688172502281472.000000 0.000398844 -0.000048050 0.007940969 -0.008580375 0.207798779 -0.008629845 0.978095889
1702688172787898880.000000 0.000371688 -0.000059090 0.007967867 -0.012673180 0.211855382 -0.009856617 0.977169156
1702688173412312320.000000 0.000368967 -0.000049510 0.008036322 -0.011880253 0.152079970 -0.007270483 0.988270044
1702688173788103936.000000 0.000380476 -0.000043073 0.008090214 -0.010576672 0.116114795 -0.008061774 0.993146777
1702688175122865408.000000 0.000407866 -0.000071745 0.008242223 -0.016040383 -0.010455315 -0.005255980 0.999802887
1702688175331788032.000000 0.000378238 -0.000076299 0.008257355 -0.021261789 -0.022891592 -0.003749502 0.999504805
1702688175500180480.000000 0.000383737 -0.000070742 0.008287870 -0.019652264 -0.036279391 -0.002629015 0.999144971
1702688175660303616.000000 0.000389107 -0.000071089 0.008308398 -0.020489709 -0.040947836 -0.002684292 0.998947561
1702688176244094464.000000 0.000372331 -0.000055918 0.008400998 -0.021057041 -0.068051487 -0.002597542 0.997456193
1702688176371307008.000000 0.000373395 -0.000057127 0.008416958 -0.021864269 -0.073019013 -0.003265047 0.997085512
1702688176534467584.000000 0.000371602 -0.000055192 0.008448462 -0.020477192 -0.083357796 -0.003321640 0.996303737
1702688176662036992.000000 0.000372809 -0.000058658 0.008470722 -0.020968519 -0.090608723 -0.004415522 0.995656013
1702688177455182592.000000 0.000371059 -0.000068804 0.008535459 -0.027014643 -0.108030766 -0.007186296 0.993754506
1702688177619721728.000000 0.000369067 -0.000068029 0.008551598 -0.026998378 -0.111641407 -0.007026317 0.993356943
1702688177783465472.000000 0.000364117 -0.000069129 0.008567444 -0.027056837 -0.114784971 -0.008535511 0.992985129
1702688178871766272.000000 0.000307789 -0.000057794 0.008718827 -0.026767332 -0.153965265 -0.004327888 0.987704158
1702688179032839680.000000 0.000302249 -0.000059090 0.008741969 -0.027484294 -0.162144303 -0.004741883 0.986372828
1702688179202244864.000000 0.000293476 -0.000058178 0.008760517 -0.027962079 -0.168472022 -0.004139993 0.985301077
1702688179536723968.000000 0.000270043 -0.000048482 0.008801868 -0.024840601 -0.182097793 -0.005262000 0.982952535
1702688180034022912.000000 0.000242190 -0.000034130 0.008870805 -0.022156443 -0.206011295 -0.004622255 0.978287816
1702688180407467008.000000 0.000219187 -0.000032471 0.008916676 -0.020566160 -0.222701818 -0.003182646 0.974664509
1702688180574746880.000000 0.000207550 -0.000035061 0.008934675 -0.021756757 -0.229875803 -0.003803036 0.972969353
1702688180741354496.000000 0.000193584 -0.000031087 0.008951072 -0.021874912 -0.236900225 -0.003155226 0.971282601
1702688182116979200.000000 0.000083036 -0.000030310 0.009114321 -0.024463231 -0.310135126 0.000338168 0.950377643
1702688182282747648.000000 0.000069672 -0.000033734 0.009132476 -0.027239546 -0.319112808 0.000135773 0.947325170
1702688182491040256.000000 0.000050283 -0.000032612 0.009154447 -0.027735088 -0.330528826 0.000354256 0.943388224
1702688182698923520.000000 0.000030856 -0.000026913 0.009177583 -0.026618719 -0.343271554 0.000275374 0.938858926
1702688182908474368.000000 0.000009714 -0.000021675 0.009198412 -0.026075728 -0.355414093 0.000272946 0.934345126
1702688183115879424.000000 -0.000010836 -0.000019214 0.009218097 -0.024442187 -0.367928416 -0.000144645 0.929532826
1702688183326176512.000000 -0.000030181 -0.000021016 0.009235248 -0.025395159 -0.380299956 0.000356494 0.924514413
1702688183529803520.000000 -0.000054956 -0.000024599 0.009253109 -0.027369374 -0.396409839 0.001089832 0.917665005
1702688183947933696.000000 -0.000098565 -0.000020073 0.009286513 -0.027397415 -0.426065743 0.002997125 0.904272318
1702688184110902528.000000 -0.000114260 -0.000017739 0.009297043 -0.025720585 -0.436970979 0.003228431 0.899102032
1702688184278225152.000000 -0.000134873 -0.000016400 0.009313015 -0.026092667 -0.451725632 0.002578665 0.891771555
1702688184446985216.000000 -0.000154414 -0.000015480 0.009320697 -0.025660450 -0.463952482 0.003187025 0.885482609
1702688184653297152.000000 -0.000174840 -0.000015611 0.009332307 -0.025456861 -0.481384873 0.004916655 0.876125753
1702688184860982784.000000 -0.000198434 -0.000014420 0.009344312 -0.025805889 -0.497269005 0.004981334 0.867198229
1702688185073422592.000000 -0.000218682 -0.000013286 0.009354858 -0.024108173 -0.514057517 0.006418423 0.857392848
1702688185652658944.000000 -0.000288895 -0.000010689 0.009374816 -0.024559064 -0.557963610 0.007723426 0.829466045
1702688185821190912.000000 -0.000305611 -0.000009481 0.009384686 -0.025831593 -0.573344588 0.008081625 0.818867147
1702688186032140288.000000 -0.000325534 -0.000009685 0.009388783 -0.026284859 -0.586672723 0.007520789 0.809362531
1702688186195514112.000000 -0.000339308 -0.000011223 0.009388280 -0.025574453 -0.594630182 0.007828061 0.803554356
1702688186364480768.000000 -0.000353749 -0.000011126 0.009394211 -0.025293890 -0.608314931 0.007589895 0.793256283
1702688186776847360.000000 -0.000375030 -0.000005685 0.009393914 -0.021796182 -0.621487737 0.010028200 0.783056438
1702688188445574912.000000 -0.000591392 -0.000001165 0.009440132 -0.024223231 -0.624037743 0.008586804 0.780971527
1702688188693451520.000000 -0.000622453 -0.000000495 0.009450354 -0.023607286 -0.614650428 0.008480383 0.788400769
1702688188900831488.000000 -0.000652185 0.000000992 0.009454316 -0.024008201 -0.613065541 0.008075316 0.789625883
1702688189108078848.000000 -0.000679918 0.000001703 0.009460988 -0.024186175 -0.625790238 0.009899149 0.779553473
1702688189316132864.000000 -0.000707726 0.000002881 0.009467476 -0.023803484 -0.633065760 0.010424214 0.773661673
1702688189525609984.000000 -0.000736064 0.000001907 0.009470804 -0.024796879 -0.642157853 0.009806920 0.766108513
1702688189690997760.000000 -0.000759047 0.000003139 0.009471579 -0.024596876 -0.638433576 0.007789837 0.769244432
1702688189940470528.000000 -0.000791940 0.000004961 0.009484140 -0.023866853 -0.640260875 0.007297391 0.767751992
1702688190151007744.000000 -0.000822498 0.000006020 0.009484177 -0.024772165 -0.653051257 0.007681272 0.756869495
1702688190360705536.000000 -0.000850433 0.000007573 0.009485043 -0.022684474 -0.661152899 0.009520747 0.749847770
1702688190564355328.000000 -0.000878990 0.000009099 0.009487513 -0.021649474 -0.655307531 0.007692677 0.755012691
1702688190774636544.000000 -0.000905576 0.000008668 0.009492769 -0.022323458 -0.648761272 0.007898632 0.760623574
1702688191025105152.000000 -0.000940523 0.000009205 0.009501684 -0.023540402 -0.648132443 0.008376228 0.761117697
1702688191236978432.000000 -0.000969003 0.000009392 0.009505494 -0.023127705 -0.658462465 0.008881775 0.752205789
1702688191438739200.000000 -0.000996307 0.000008078 0.009505557 -0.023477748 -0.656764865 0.009064618 0.753675342
1702688191650027520.000000 -0.001023684 0.000009115 0.009514267 -0.022677846 -0.647259772 0.009277005 0.761875570
1702688191856834560.000000 -0.001051340 0.000008774 0.009520032 -0.023076367 -0.640124440 0.010054167 0.767858803
1702688192062934016.000000 -0.001078975 0.000009885 0.009526325 -0.022785271 -0.638247728 0.011444098 0.769408703
1702688192523174400.000000 -0.001141021 0.000013262 0.009541756 -0.023210140 -0.621415794 0.009533984 0.783078969
1702688192729799936.000000 -0.001170553 0.000013311 0.009550820 -0.024543514 -0.610965133 0.008856242 0.791227400
1702688192938962176.000000 -0.001196012 0.000014482 0.009557109 -0.024348162 -0.612501085 0.009197432 0.790041208
1702688193151263488.000000 -0.001226188 0.000015457 0.009562952 -0.025746698 -0.619923711 0.007895305 0.784199834
1702688193398554880.000000 -0.001257456 0.000016541 0.009570276 -0.024359515 -0.626707733 0.008306818 0.778829277
1702688193648948224.000000 -0.001290928 0.000015991 0.009580459 -0.025513576 -0.612763762 0.008878456 0.789804280
1702688193897326848.000000 -0.001322321 0.000016569 0.009589439 -0.024548786 -0.605093062 0.009664299 0.795717478
1702688194147161600.000000 -0.001356459 0.000018612 0.009600812 -0.024281766 -0.599702001 0.008439484 0.799810410
1702688194397277696.000000 -0.001388913 0.000020442 0.009610047 -0.022801302 -0.598203063 0.008167673 0.800978482
1702688194604224000.000000 -0.001414938 0.000020422 0.009619435 -0.023372032 -0.594904423 0.008416851 0.803412557
1702688194854336768.000000 -0.001449554 0.000022904 0.009627279 -0.024573997 -0.596429229 0.008112921 0.802248359
1702688195104681472.000000 -0.001480747 0.000022764 0.009635394 -0.023986015 -0.595150292 0.009569273 0.803199470
1702688195358011136.000000 -0.001511923 0.000022632 0.009646293 -0.023346925 -0.590857327 0.009986753 0.806376338
1702688195606745344.000000 -0.001546351 0.000023398 0.009657657 -0.022242008 -0.581939757 0.007918644 0.812889099
1702688195854430976.000000 -0.001577415 0.000025074 0.009667611 -0.022086445 -0.584070563 0.009254425 0.811349630
1702688196144412416.000000 -0.001617622 0.000026304 0.009679845 -0.022821045 -0.576743484 0.007958592 0.816567719
1702688196436167680.000000 -0.001652263 0.000025478 0.009694651 -0.023576019 -0.567127049 0.008211317 0.823251903
1702688196728017152.000000 -0.001688988 0.000028206 0.009712009 -0.022520818 -0.558089375 0.008540661 0.829431236
1702688196979374848.000000 -0.001723336 0.000028169 0.009724549 -0.024039477 -0.546106398 0.006654618 0.837344468
1702688197270609408.000000 -0.001758332 0.000029143 0.009742548 -0.025428349 -0.537354648 0.005132791 0.842957318
1702688197521100032.000000 -0.001788915 0.000030214 0.009758083 -0.024609648 -0.526903987 0.006220240 0.849545658
1702688197808630528.000000 -0.001822526 0.000035322 0.009779806 -0.024008973 -0.515154660 0.006029347 0.856739759
1702688198103409152.000000 -0.001855604 0.000032307 0.009803409 -0.025090192 -0.502036691 0.005805859 0.864462733
1702688198362723840.000000 -0.001886514 0.000036323 0.009821437 -0.024914175 -0.491399705 0.005014916 0.870563328
1702688198644781056.000000 -0.001915328 0.000037761 0.009844461 -0.023716517 -0.478645384 0.005960661 0.877667725
1702688198975623680.000000 -0.001951200 0.000039532 0.009873012 -0.023001008 -0.470837682 0.005558407 0.881902516
1702688199182362368.000000 -0.001975309 0.000039662 0.009888697 -0.023073258 -0.465682358 0.006035998 0.884630561
1702688199353220352.000000 -0.001991787 0.000038792 0.009901805 -0.023432743 -0.460679919 0.005016782 0.887242794
1702688199601385216.000000 -0.002016842 0.000041844 0.009922263 -0.022532536 -0.456743389 0.005526546 0.889295936
1702688199808663296.000000 -0.002040926 0.000043173 0.009935563 -0.021275533 -0.452152491 0.005075466 0.891672432
1702688200227043072.000000 -0.002085304 0.000045214 0.009972749 -0.021791885 -0.457075626 0.005737889 0.889142334
1702688200435864576.000000 -0.002108629 0.000044070 0.009982244 -0.023182618 -0.456640601 0.005211239 0.889333904
1702688200639310336.000000 -0.002132336 0.000044908 0.009997265 -0.023228858 -0.458632082 0.005794147 0.888303697
1702688200848833792.000000 -0.002154256 0.000046839 0.010014607 -0.022605699 -0.461938560 0.005729714 0.886605263
1702688201057664256.000000 -0.002177550 0.000049469 0.010031565 -0.023517653 -0.469923735 0.006837997 0.882367194
1702688201263351040.000000 -0.002203804 0.000048962 0.010040950 -0.023079559 -0.479923099 0.006841987 0.876980245
1702688201722691840.000000 -0.002254142 0.000051644 0.010079183 -0.024381949 -0.483396381 0.005783547 0.875042856
1702688201974813696.000000 -0.002285364 0.000052157 0.010092037 -0.024280788 -0.484798014 0.003525605 0.874281943
1702688202433810944.000000 -0.002339380 0.000054440 0.010123722 -0.025221098 -0.491075367 0.004483638 0.870740414
1702688202680885248.000000 -0.002367043 0.000057289 0.010141993 -0.024035858 -0.490627229 0.005425980 0.871021092
1702688202888219392.000000 -0.002390322 0.000058866 0.010157809 -0.023858421 -0.487903982 0.005018273 0.872556746
1702688203097716736.000000 -0.002414642 0.000059769 0.010172870 -0.024148569 -0.482235134 0.003916159 0.875700176
1702688204512883968.000000 -0.002562564 0.000066748 0.010293676 -0.022722619 -0.413835466 0.004947876 0.910054624
1702688204677348352.000000 -0.002579276 0.000069304 0.010311353 -0.021706698 -0.404703230 0.004895953 0.914177358
1702688204886427904.000000 -0.002599423 0.000069359 0.010332969 -0.021814669 -0.392689586 0.004537341 0.919401169
1702688205303340288.000000 -0.002634487 0.000073559 0.010377956 -0.020836240 -0.368411809 0.004780972 0.929416895
1702688205512762880.000000 -0.002655213 0.000068273 0.010389994 -0.022906169 -0.353280723 0.003491331 0.935230434
1702688205720149760.000000 -0.002667054 0.000070964 0.010413256 -0.023749327 -0.341440082 0.003104965 0.939598322
1702688205967622400.000000 -0.002688292 0.000072424 0.010442685 -0.023551244 -0.315227807 0.001789179 0.948722124
1702688206135628800.000000 -0.002698892 0.000073586 0.010460964 -0.020978041 -0.301195771 0.002147170 0.953329146
1702688206347591936.000000 -0.002711850 0.000074187 0.010485437 -0.021731826 -0.280888915 0.001749004 0.959492624
1702688207217567232.000000 -0.002755214 0.000082297 0.010593423 -0.021352120 -0.198663622 -0.000153719 0.979835153
1702688207552738048.000000 -0.002770272 0.000084211 0.010634447 -0.023115950 -0.170969456 -0.001636655 0.985003769
1702688207715920384.000000 -0.002777022 0.000085110 0.010656254 -0.022393897 -0.154752523 -0.002186266 0.987697065
1702688207883152128.000000 -0.002782150 0.000085347 0.010677407 -0.022333795 -0.142360196 -0.002610845 0.989559472
1702688208217501952.000000 -0.002787807 0.000086803 0.010720483 -0.022314778 -0.121810585 -0.002425473 0.992299557
1702688208554110208.000000 -0.002804107 0.000091419 0.010769092 -0.021004522 -0.110188380 -0.001913426 0.993686914
1702688208715368960.000000 -0.002799531 0.000091244 0.010780189 -0.022502221 -0.110591441 -0.001492832 0.993610084
1702688208882836992.000000 -0.002802849 0.000091906 0.010807488 -0.023360036 -0.108434774 -0.000169070 0.993829072
1702688209264755200.000000 -0.002813898 0.000095036 0.010857299 -0.027185112 -0.117712468 0.004363911 0.992666006
1702688210215263488.000000 -0.002858127 0.000101433 0.010978438 -0.026147803 -0.147065729 -0.011224781 0.988717318
1702688210421895424.000000 -0.002865682 0.000100212 0.011003274 -0.022728752 -0.164630815 -0.010177734 0.986040831
1702688210672807424.000000 -0.002879284 0.000102504 0.011029982 -0.012687703 -0.178728253 -0.005143683 0.983803213
1702688210880575232.000000 -0.002882154 0.000101089 0.011047587 -0.009677362 -0.182499498 -0.002485659 0.983155191
1702688211087900416.000000 -0.002886905 0.000100114 0.011071010 -0.010526488 -0.161690384 -0.003632537 0.986778736
1702688211307954944.000000 -0.002896766 0.000103538 0.011098047 -0.012662160 -0.148549050 -0.004219941 0.988814950
1702688211561096192.000000 -0.002907709 0.000108295 0.011133029 -0.016506026 -0.132320419 -0.005175840 0.991056085
1702688212713030144.000000 -0.002919798 0.000109287 0.011281692 -0.017538980 -0.074042797 -0.005286848 0.997086823
1702688212923546368.000000 -0.002923417 0.000110488 0.011310246 -0.020350516 -0.062668346 -0.006701503 0.997804403
1702688213129238784.000000 -0.002924403 0.000113147 0.011339461 -0.021184314 -0.052985545 -0.006658365 0.998348355
1702688213340885248.000000 -0.002923458 0.000116130 0.011368464 -0.022517726 -0.042152159 -0.006392085 0.998836994
1702688214007862784.000000 -0.002928002 0.000115751 0.011453278 -0.022961678 -0.005343173 -0.008311762 0.999687493
1702688214211087104.000000 -0.002931287 0.000116712 0.011482186 -0.022810761 0.008673044 -0.009262227 0.999659300
1702688214678100224.000000 -0.002925279 0.000118215 0.011538049 -0.022596382 0.029744249 -0.009562511 0.999256372
1702688215296774912.000000 -0.002916690 0.000123136 0.011618742 -0.020955965 0.055554055 -0.010196961 0.998183668
1702688215503149056.000000 -0.002913991 0.000123259 0.011645294 -0.020372700 0.050628208 -0.010185014 0.998457789
1702688216167394816.000000 -0.002909576 0.000126106 0.011731045 -0.020436581 0.025740579 -0.009441183 0.999415159
1702688216834064384.000000 -0.002912226 0.000130168 0.011816574 -0.019502128 -0.001256405 -0.008542744 0.999772549
1702688217044773632.000000 -0.002915179 0.000132781 0.011844964 -0.019976061 -0.004198046 -0.007896706 0.999760449
1702688217250009600.000000 -0.002912734 0.000133986 0.011871304 -0.020821707 -0.005328940 -0.007476456 0.999741077
1702688217501604096.000000 -0.002911954 0.000136023 0.011903041 -0.021804241 -0.002597381 -0.008368735 0.999723911
1702688218000645376.000000 -0.002909860 0.000138240 0.011966836 -0.021089621 0.009890054 -0.008159997 0.999695361
1702688218505681408.000000 -0.002911422 0.000140940 0.012030817 -0.020552946 0.011857629 -0.007977100 0.999686599
1702688219040821504.000000 -0.002909200 0.000144976 0.012100103 -0.021224661 0.017313359 -0.008993682 0.999584377
1702688219290940160.000000 -0.002909380 0.000146566 0.012131274 -0.021075573 0.018747263 -0.009323647 0.999558628
1702688219582042112.000000 -0.002907913 0.000147468 0.012168404 -0.020808402 0.022014197 -0.009182405 0.999498904
1702688219873607680.000000 -0.002902103 0.000149034 0.012205178 -0.019721940 0.032443680 -0.007994349 0.999247015
1702688220164463360.000000 -0.002902839 0.000150695 0.012242528 -0.020728528 0.036040738 -0.009139405 0.999093533
1702688220413036032.000000 -0.002900286 0.000151750 0.012273693 -0.020947784 0.040736124 -0.008650133 0.998912871
1702688221248893952.000000 -0.002882414 0.000157792 0.012379325 -0.019105257 0.068102203 -0.008410805 0.997459948
1702688221747570176.000000 -0.002873033 0.000158694 0.012441677 -0.019121818 0.083958402 -0.008443112 0.996250033
1702688222081618176.000000 -0.002863987 0.000160008 0.012483784 -0.019175040 0.097915001 -0.009556804 0.994964182
1702688222373850368.000000 -0.002857198 0.000161729 0.012519639 -0.019023160 0.104525678 -0.009893510 0.994291008
1702688222662907904.000000 -0.002848488 0.000162456 0.012554373 -0.017576642 0.105003536 -0.009283097 0.994273186
1702688222995658240.000000 -0.002840951 0.000163925 0.012596595 -0.017726673 0.103150174 -0.010012740 0.994457424
1702688223286115328.000000 -0.002833063 0.000165867 0.012633639 -0.018449059 0.097709730 -0.009924679 0.994994462
1702688223579206912.000000 -0.002827268 0.000167107 0.012669930 -0.019063745 0.088695839 -0.009178573 0.995833993
1702688223910227456.000000 -0.002822316 0.000168407 0.012710469 -0.017914623 0.079377845 -0.009007058 0.996642947
1702688224246341632.000000 -0.002817278 0.000169844 0.012744823 -0.018567562 0.067706533 -0.008350983 0.997497559
1702688224536349440.000000 -0.002815667 0.000171417 0.012773226 -0.018889429 0.060677614 -0.008797486 0.997939885
1702688224828633344.000000 -0.002809750 0.000170724 0.012800706 -0.019904310 0.069084764 -0.008202301 0.997378469
1702688225161757952.000000 -0.002802638 0.000173969 0.012843458 -0.019077601 0.082542695 -0.010533262 0.996349216
1702688225535191808.000000 -0.002793101 0.000175348 0.012889424 -0.019654833 0.091310054 -0.009573713 0.995582521
1702688225868437248.000000 -0.002783316 0.000176998 0.012930437 -0.019817727 0.105839834 -0.009709643 0.994138300
1702688226247096576.000000 -0.002773133 0.000179253 0.012975731 -0.020550964 0.105813324 -0.010811272 0.994114876
1702688226579304192.000000 -0.002761438 0.000180833 0.013013961 -0.020097148 0.126396328 -0.011001092 0.991715193
1702688226990550528.000000 -0.002747028 0.000182458 0.013063134 -0.019722724 0.135328412 -0.010995006 0.990543485
1702688227330985728.000000 -0.002734941 0.000184310 0.013103261 -0.019616934 0.139714032 -0.011147598 0.989934802
1702688227661374976.000000 -0.002720669 0.000185290 0.013143647 -0.018694319 0.146769434 -0.011316366 0.988929331
1702688228032671488.000000 -0.002708856 0.000186985 0.013189097 -0.019320186 0.133841649 -0.010577431 0.990757942
1702688228365226496.000000 -0.002694607 0.000188970 0.013226736 -0.019167144 0.152343825 -0.011301254 0.988077104
1702688228704123136.000000 -0.002680107 0.000189463 0.013265045 -0.018236937 0.168140784 -0.011414759 0.985528171
1702688228988925952.000000 -0.002666685 0.000190310 0.013299035 -0.017336652 0.179845393 -0.011989758 0.983469069
1702688229280386304.000000 -0.002654729 0.000190751 0.013332299 -0.016301654 0.189709708 -0.012795627 0.981621504
1702688229614859008.000000 -0.002634862 0.000191027 0.013369845 -0.016118396 0.201093778 -0.012178583 0.979363680
1702688230031160320.000000 -0.002613670 0.000191277 0.013417968 -0.015606171 0.208843216 -0.011101018 0.977761567
1702688230365536768.000000 -0.002592809 0.000191861 0.013455462 -0.015626639 0.219736814 -0.011268996 0.975368977
1702688230701116416.000000 -0.002579732 0.000194578 0.013494528 -0.017205544 0.218646184 -0.011757090 0.975581646
1702688231072962816.000000 -0.002558317 0.000195205 0.013537650 -0.019007117 0.202263623 -0.011807877 0.979075432
1702688231405540352.000000 -0.002546204 0.000196404 0.013576702 -0.018245379 0.184636623 -0.011516914 0.982569993
1702688232158797824.000000 -0.002521628 0.000201147 0.013668327 -0.020608697 0.144994229 -0.009625510 0.989171028
1702688232487362304.000000 -0.002511658 0.000201600 0.013707007 -0.020785674 0.126485705 -0.009445254 0.991705656
1702688232826483712.000000 -0.002504391 0.000202694 0.013747923 -0.020999292 0.111092240 -0.008789717 0.993549347
1702688233194522880.000000 -0.002496912 0.000205367 0.013795195 -0.020728724 0.094291031 -0.008052942 0.995296299
1702688233570001920.000000 -0.002490428 0.000207054 0.013840445 -0.020204876 0.077474684 -0.007313101 0.996762753
1702688233945336576.000000 -0.002487918 0.000209229 0.013889395 -0.020559832 0.061220277 -0.006618080 0.997890532
1702688234319454720.000000 -0.002483641 0.000209884 0.013935711 -0.022191951 0.050937627 -0.007033180 0.998430490
1702688234735295232.000000 -0.002482992 0.000212401 0.013987235 -0.023025233 0.040161971 -0.006525238 0.998906553
1702688235109162496.000000 -0.002477395 0.000213274 0.014033015 -0.021904748 0.036586788 -0.006340942 0.999070287
1702688235483720448.000000 -0.002473825 0.000215615 0.014079616 -0.022411071 0.029056106 -0.006953313 0.999302328
1702688235904521984.000000 -0.002475053 0.000215753 0.014130781 -0.023383405 0.009504950 -0.007638912 0.999652207
1702688236316504832.000000 -0.002474142 0.000216287 0.014181082 -0.022012865 0.015872212 -0.007868979 0.999600708
1702688236734096384.000000 -0.002467567 0.000218912 0.014230442 -0.023364827 0.021770837 -0.007447866 0.999462187
1702688237149650688.000000 -0.002458413 0.000221427 0.014282134 -0.023613358 0.031661090 -0.008910811 0.999179959
1702688237943015936.000000 -0.002457959 0.000226587 0.014381324 -0.022621559 0.066442728 -0.009441874 0.997489095
1702688238398918400.000000 -0.002438637 0.000227982 0.014435858 -0.023538133 0.078637145 -0.010192719 0.996573269
1702688238775736832.000000 -0.002436104 0.000232774 0.014485106 -0.022338614 0.073000230 -0.008668306 0.997044027
1702688239190417408.000000 -0.002423388 0.000234130 0.014533760 -0.022650648 0.074124053 -0.009077527 0.996950448
1702688239563726336.000000 -0.002413645 0.000234782 0.014578902 -0.023075759 0.077426180 -0.008510835 0.996694684
1702688239982972160.000000 -0.002414049 0.000238537 0.014631859 -0.022353727 0.075598404 -0.009079789 0.996846378
1702688240398546688.000000 -0.002406708 0.000240783 0.014682840 -0.023351042 0.079104014 -0.009507220 0.996547461
1702688240775227904.000000 -0.002402039 0.000242747 0.014728215 -0.022076322 0.081206731 -0.008677927 0.996414959
1702688241186676736.000000 -0.002394577 0.000243829 0.014778016 -0.023298403 0.080355600 -0.008495334 0.996457696
1702688241561665280.000000 -0.002387061 0.000245630 0.014820716 -0.022560028 0.078236565 -0.008987828 0.996639013
1702688242061438976.000000 -0.002381067 0.000246782 0.014880363 -0.021806143 0.084510855 -0.008533583 0.996147394
1702688242435628288.000000 -0.002368347 0.000251507 0.014923064 -0.022651253 0.084772035 -0.008118566 0.996109784
1702688242978560768.000000 -0.002354434 0.000253698 0.014987214 -0.024948262 0.086925030 -0.008233340 0.995868385
1702688243269520384.000000 -0.002353501 0.000253707 0.015023210 -0.026292462 0.091565385 -0.009168365 0.995409667
1702688243602532096.000000 -0.002352758 0.000255905 0.015062548 -0.027118457 0.085536830 -0.008723199 0.995927691
1702688243895432704.000000 -0.002358153 0.000256895 0.015091002 -0.024898810 0.085544556 -0.008557270 0.995986402
1702688244186417408.000000 -0.002361970 0.000247265 0.015124621 -0.034416940 0.082546346 -0.010357141 0.995938897
1702688244477405696.000000 -0.002365233 0.000253639 0.015152568 -0.029122615 0.076986544 -0.009874778 0.996557832
1702688244770007808.000000 -0.002352881 0.000258597 0.015182499 -0.026497850 0.063808955 -0.006248379 0.997590721
1702688245059342080.000000 -0.002345461 0.000259506 0.015210582 -0.025439879 0.063152961 -0.007506217 0.997651339
1702688245394082560.000000 -0.002333620 0.000261098 0.015243751 -0.023867417 0.055473641 -0.006152545 0.998155892
1702688245651625216.000000 -0.002331686 0.000265075 0.015265953 -0.021446770 0.054134559 -0.006347163 0.998283148
1702688245938695168.000000 -0.002325554 0.000265756 0.015277785 -0.021932419 0.054723036 -0.005405093 0.998246014
1702688246266717184.000000 -0.002325583 0.000266254 0.015278133 -0.021629864 0.057274852 -0.005424332 0.998109400
1702688246517553664.000000 -0.002325197 0.000266245 0.015277987 -0.021557968 0.056082364 -0.005826349 0.998176396
1702688246766707200.000000 -0.002325424 0.000266436 0.015277520 -0.021369457 0.056054588 -0.005975610 0.998181105
