1.702688129744809628e+09 0.000000000000000000e+00 0.000000000000000000e+00 0.000000000000000000e+00 -0.000000000000000000e+00 -0.000000000000000000e+00 -0.000000000000000000e+00 1.000000000000000000e+00
1.702688130076455116e+09 -9.739040000000000457e-04 4.363710000000000136e-04 1.162586900000000048e-02 -7.449509999999999899e-04 -3.913736999999999598e-03 1.560205999999999963e-03 9.999908800000000264e-01
1.702688130243418932e+09 -4.689469999999999945e-04 7.577750000000000284e-04 1.626489500000000143e-02 -1.109839000000000051e-03 -3.779039000000000096e-03 7.452570000000000375e-04 9.999919529999999890e-01
1.702688130329644442e+09 -5.427770000000000381e-04 1.032006999999999933e-03 1.867858099999999966e-02 -1.274844000000000021e-03 -2.112087999999999813e-03 1.528789999999999923e-03 9.999958279999999755e-01
1.702688130412891626e+09 -3.994749999999999929e-04 1.109020000000000058e-03 2.152315000000000131e-02 -1.684207999999999972e-03 -9.564919999999999759e-04 1.745692999999999984e-03 9.999966030000000394e-01
1.702688130494930983e+09 -2.014100000000000113e-04 1.098252999999999990e-03 2.384549799999999969e-02 -1.625443000000000070e-03 1.476960000000000035e-04 1.486268000000000008e-03 9.999976160000000336e-01
1.702688130576407671e+09 1.308659999999999901e-04 1.149515000000000042e-03 2.618892999999999915e-02 -2.032163000000000025e-03 1.021222999999999922e-03 1.214465999999999983e-03 9.999967220000000045e-01
1.702688130748235226e+09 -5.014099999999999986e-05 1.306850999999999933e-03 3.090126099999999931e-02 -2.495049000000000052e-03 2.388119000000000179e-03 1.112705999999999982e-03 9.999934430000000374e-01
1.702688130824449539e+09 1.279850000000000020e-04 1.558874000000000024e-03 3.365528599999999954e-02 -2.656536000000000140e-03 3.068311000000000215e-03 1.099841999999999964e-03 9.999911790000000078e-01
1.702688130912532806e+09 2.756929999999999776e-04 1.562425000000000098e-03 3.583988200000000346e-02 -2.706665000000000026e-03 3.564509999999999901e-03 1.278484999999999995e-03 9.999892120000000162e-01
1.702688131159907103e+09 1.136342999999999945e-03 1.463918999999999941e-03 4.284480200000000127e-02 -2.193295999999999961e-03 6.461722999999999946e-03 1.036992999999999943e-03 9.999761579999999483e-01
1.702688131282977104e+09 2.229590999999999951e-03 1.612836999999999995e-03 4.585463199999999934e-02 -1.578006999999999977e-03 7.588562000000000085e-03 4.900110000000000490e-04 9.999698399999999987e-01
1.702688131407266617e+09 2.227099000000000179e-03 1.288052000000000034e-03 4.931674900000000000e-02 -1.575037000000000052e-03 9.323480000000000309e-03 2.887160000000000052e-04 9.999552969999999652e-01
1.702688131576884985e+09 2.866198999999999830e-03 1.263908999999999909e-03 5.379920800000000114e-02 -1.789018999999999983e-03 1.040386400000000051e-02 2.471039999999999977e-04 9.999442699999999684e-01
1.702688131703373194e+09 3.261544999999999809e-03 1.382118000000000105e-03 5.736229200000000222e-02 -1.827618999999999945e-03 1.211741099999999981e-02 3.477020000000000262e-04 9.999248979999999509e-01
1.702688131866684437e+09 5.060694000000000130e-03 1.563818999999999930e-03 6.152853700000000120e-02 -1.638053999999999899e-03 1.340402700000000065e-02 3.161969999999999950e-04 9.999088050000000116e-01
1.702688132034559488e+09 6.346153999999999684e-03 1.675508000000000032e-03 6.599929899999999738e-02 -6.733639999999999721e-04 1.405291999999999999e-02 -3.542999999999999790e-05 9.999010560000000103e-01
1.702688132497689247e+09 5.439526000000000083e-03 1.334775999999999975e-03 7.859759800000000463e-02 -1.497632999999999950e-03 1.725542199999999943e-02 -8.360369999999999781e-04 9.998496770000000478e-01
1.702688132615769625e+09 5.269303999999999828e-03 1.275047999999999980e-03 8.114475000000000160e-02 -1.996311000000000179e-03 1.881661800000000023e-02 -1.159976000000000063e-03 9.998202919999999994e-01
1.702688132742498398e+09 5.270864000000000105e-03 1.274434999999999978e-03 8.131452599999999808e-02 -2.340889999999999985e-03 1.920792299999999828e-02 -1.539187999999999928e-03 9.998115899999999723e-01
1.702688132907933950e+09 5.185564999999999619e-03 1.258065000000000051e-03 8.138500199999999796e-02 -2.436535000000000090e-03 1.969983800000000077e-02 -1.205015999999999943e-03 9.998022319999999574e-01
1.702688133074693680e+09 5.235342999999999941e-03 1.216201999999999995e-03 8.178766799999999393e-02 -2.526220999999999935e-03 1.966383500000000104e-02 -1.756254000000000062e-03 9.998019339999999477e-01
1.702688133244497776e+09 5.229336000000000227e-03 1.256282999999999966e-03 8.211006999999999334e-02 -2.982390000000000128e-03 1.962096099999999926e-02 -1.922330999999999996e-03 9.998012189999999633e-01
1.702688133406391621e+09 5.277557000000000428e-03 1.312152000000000023e-03 8.223475500000000660e-02 -2.844925999999999792e-03 1.937818300000000021e-02 -1.962062000000000094e-03 9.998062850000000168e-01
1.702688133782410860e+09 5.256148000000000417e-03 1.288138000000000087e-03 8.318380300000000060e-02 -3.793663999999999977e-03 1.924432100000000173e-02 -2.152386999999999963e-03 9.998053310000000193e-01
1.702688133988567829e+09 5.322880999999999793e-03 1.298675999999999910e-03 8.356182299999999341e-02 -4.142408999999999675e-03 2.007987699999999945e-02 -2.566823000000000195e-03 9.997864960000000245e-01
1.702688134196194649e+09 5.339906000000000166e-03 1.297249000000000102e-03 8.390177000000000052e-02 -3.732947999999999822e-03 1.979102900000000165e-02 -2.492063000000000091e-03 9.997940659999999813e-01
1.702688134406528234e+09 5.401310999999999786e-03 1.276776999999999990e-03 8.427447100000000357e-02 -3.691307999999999916e-03 2.007337299999999852e-02 -2.148286000000000119e-03 9.997894170000000136e-01
1.702688134615530491e+09 5.386932999999999999e-03 1.305029999999999992e-03 8.463966800000000124e-02 -3.907070000000000334e-03 1.970430600000000129e-02 -2.211634999999999990e-03 9.997957939999999599e-01
1.702688134822543144e+09 5.381211999999999801e-03 1.347799000000000002e-03 8.503753699999999638e-02 -4.090742999999999983e-03 1.935487400000000108e-02 -2.082960000000000020e-03 9.998021129999999923e-01
1.702688135035673141e+09 5.440185000000000159e-03 1.331153999999999974e-03 8.538879500000000344e-02 -4.092291999999999978e-03 1.963633099999999992e-02 -1.762085999999999947e-03 9.997972849999999800e-01
1.702688135282037497e+09 5.449723000000000067e-03 1.296386999999999973e-03 8.578981500000000537e-02 -3.948265000000000281e-03 2.100547999999999998e-02 -2.457857999999999831e-03 9.997685549999999477e-01
1.702688135529059410e+09 5.452512999999999978e-03 1.293096000000000089e-03 8.613176599999999850e-02 -3.381697999999999822e-03 1.961388600000000051e-02 -1.621706000000000102e-03 9.998006219999999722e-01
1.702688135740039825e+09 5.446870999999999831e-03 1.308270999999999957e-03 8.646313799999999494e-02 -3.794482999999999970e-03 1.908519100000000135e-02 -1.852729999999999915e-03 9.998089669999999929e-01
1.702688135989392757e+09 5.468386000000000427e-03 1.306036000000000002e-03 8.687651899999999927e-02 -4.040697999999999686e-03 1.880694399999999905e-02 -1.370764999999999918e-03 9.998140340000000181e-01
1.702688136239547491e+09 5.585121999999999656e-03 1.321899999999999985e-03 8.729133000000000031e-02 -4.279759000000000167e-03 2.096378200000000025e-02 -2.405122999999999896e-03 9.997681980000000523e-01
1.702688136489440680e+09 5.571246000000000184e-03 1.316546000000000036e-03 8.768662100000000625e-02 -3.782948999999999860e-03 1.971523500000000109e-02 -2.300270000000000092e-03 9.997958540000000394e-01
1.702688136779149294e+09 5.559762000000000211e-03 1.324529999999999978e-03 8.814306600000000602e-02 -3.696605999999999850e-03 1.968799900000000117e-02 -2.442786000000000176e-03 9.997963909999999510e-01
1.702688137030811071e+09 5.631426999999999614e-03 1.302128000000000053e-03 8.851894000000000429e-02 -3.151599000000000154e-03 2.002145199999999861e-02 -2.274152000000000205e-03 9.997920390000000213e-01
1.702688137278528214e+09 5.502790999999999932e-03 1.309538999999999972e-03 8.895136400000000498e-02 -3.006729000000000086e-03 1.837450800000000120e-02 -2.014048999999999961e-03 9.998246429999999574e-01
1.702688137693889141e+09 5.508475999999999997e-03 1.334876999999999939e-03 8.962461400000000522e-02 -3.309486999999999846e-03 1.812057200000000146e-02 -1.863134000000000014e-03 9.998286370000000201e-01
1.702688138115034580e+09 5.555817000000000221e-03 1.326076000000000034e-03 9.030495600000000567e-02 -3.628652000000000006e-03 1.800720000000000098e-02 -1.675314999999999921e-03 9.998298880000000555e-01
1.702688138527625322e+09 5.517054000000000402e-03 1.329466999999999975e-03 9.098710100000000078e-02 -3.950803000000000127e-03 1.530323800000000026e-02 -1.263699999999999980e-03 9.998742940000000523e-01
1.702688138984697104e+09 5.690668000000000289e-03 1.306616999999999935e-03 9.170170099999999658e-02 -3.084359000000000059e-03 2.166510599999999995e-02 -1.506622999999999903e-03 9.997593759999999774e-01
1.702688139400694847e+09 5.729459999999999588e-03 1.354100000000000008e-03 9.240386600000000117e-02 -4.782240000000000210e-04 4.647238599999999747e-02 -1.669696999999999935e-03 9.989180560000000542e-01
1.702688139775768518e+09 5.832737999999999638e-03 1.303696000000000021e-03 9.299160500000000495e-02 -1.733881000000000051e-03 6.301683199999999485e-02 -3.446485000000000000e-03 9.980050329999999859e-01
1.702688140192284584e+09 5.955150999999999674e-03 1.320243000000000024e-03 9.366533200000000392e-02 1.990840000000000068e-04 8.103719400000000683e-02 -3.039000999999999942e-03 9.967064260000000342e-01
1.702688140525100470e+09 5.988392000000000367e-03 1.348449999999999952e-03 9.423827399999999688e-02 6.132309999999999975e-04 9.849971500000000157e-02 -3.526716000000000052e-03 9.951306580000000013e-01
1.702688140820414782e+09 6.155563000000000180e-03 1.366756000000000004e-03 9.468669400000000180e-02 -2.389589999999999867e-04 1.090741010000000066e-01 -2.805530999999999997e-03 9.940296410000000193e-01
1.702688141233258009e+09 6.340389999999999568e-03 1.341132000000000088e-03 9.533999099999999893e-02 -7.083480000000000288e-04 1.192731630000000015e-01 -7.925150000000000380e-04 9.928609130000000116e-01
1.702688141523369074e+09 6.459023000000000368e-03 1.342096999999999995e-03 9.577322000000000612e-02 -7.282130000000000157e-04 1.195807829999999961e-01 -1.373417999999999948e-03 9.928232430000000219e-01
1.702688141899740458e+09 6.620199000000000222e-03 1.342522000000000073e-03 9.636130900000000610e-02 -7.115030000000000486e-04 1.143990460000000042e-01 -1.223483999999999943e-03 9.934338929999999568e-01
1.702688142233132839e+09 6.617922000000000041e-03 1.339267000000000105e-03 9.690746699999999714e-02 -4.492440000000000105e-04 1.096191329999999936e-01 -1.575842000000000041e-03 9.939723010000000025e-01
1.702688142649562120e+09 6.852198000000000316e-03 1.303829999999999963e-03 9.751907699999999568e-02 1.342240000000000078e-04 1.085229290000000041e-01 -1.921495000000000061e-03 9.940921069999999471e-01
1.702688143106857061e+09 6.986619999999999810e-03 1.335833000000000029e-03 9.827333700000000227e-02 -3.957499999999999972e-04 1.069494559999999983e-01 -1.687527000000000081e-03 9.942629929999999838e-01
1.702688143480470181e+09 7.064566000000000422e-03 1.338189000000000045e-03 9.888216900000000587e-02 -7.523230000000000542e-04 1.041512120000000069e-01 -2.290710999999999962e-03 9.945585729999999458e-01
1.702688143984321833e+09 7.219546999999999770e-03 1.343234999999999915e-03 9.964791700000000252e-02 -4.478889999999999803e-04 1.035028620000000010e-01 -2.262837000000000182e-03 9.946265220000000129e-01
1.702688144479971409e+09 7.376577999999999954e-03 1.313745999999999968e-03 1.004172410000000043e-01 6.394830000000000436e-04 1.038300689999999971e-01 -2.224291000000000202e-03 9.945923690000000317e-01
1.702688144938062668e+09 7.620008999999999637e-03 1.343954000000000069e-03 1.011557280000000003e-01 4.623229999999999983e-04 1.079404729999999951e-01 -2.187642999999999966e-03 9.941548709999999955e-01
1.702688145482297659e+09 7.738901999999999760e-03 1.347897999999999935e-03 1.019881809999999972e-01 1.832089999999999869e-04 1.119598599999999944e-01 -4.094691999999999603e-03 9.937042590000000342e-01
1.702688145980144739e+09 7.892154999999999657e-03 1.324932999999999927e-03 1.027443259999999969e-01 -3.945320000000000099e-04 9.944125299999999334e-02 -2.713028000000000141e-03 9.950396419999999464e-01
1.702688146437228918e+09 8.001061000000000284e-03 1.351844999999999956e-03 1.034859570000000034e-01 1.370057000000000046e-03 8.150604399999999972e-02 -3.025864000000000071e-03 9.966673249999999928e-01
1.702688146978892803e+09 8.091565000000000216e-03 1.335615000000000066e-03 1.043581289999999939e-01 -2.512513999999999980e-03 5.691678800000000288e-02 -2.512092000000000058e-03 9.983726139999999916e-01
1.702688147518578291e+09 8.187399999999999192e-03 1.339453999999999905e-03 1.051964759999999971e-01 1.730769999999999965e-04 8.248443199999999642e-02 -3.552315999999999807e-03 9.965860250000000420e-01
1.702688148023318291e+09 8.358498000000000663e-03 1.361053000000000089e-03 1.059878689999999984e-01 -1.681023999999999930e-03 8.221634499999999623e-02 -4.608929999999999798e-03 9.966024159999999910e-01
1.702688148476681709e+09 8.545053999999999844e-03 1.330007000000000021e-03 1.067148450000000026e-01 -8.457049999999999811e-04 8.104875699999999905e-02 -5.576328999999999661e-03 9.966942069999999987e-01
1.702688148893343210e+09 8.663425000000000639e-03 1.323870999999999902e-03 1.073552740000000005e-01 -6.289699999999999631e-04 8.033487200000000161e-02 -4.859488999999999823e-03 9.967558979999999735e-01
1.702688149434083700e+09 8.761180999999999830e-03 1.340622999999999988e-03 1.082289520000000033e-01 -2.247980000000000117e-04 8.307864500000000652e-02 -4.571419000000000177e-03 9.965325000000000433e-01
1.702688149933374166e+09 8.930584999999999565e-03 1.340571000000000037e-03 1.090150250000000015e-01 8.687220000000000488e-04 8.315879099999999580e-02 -5.023106999999999746e-03 9.965232609999999935e-01
1.702688150475321054e+09 9.083795999999999884e-03 1.337901000000000064e-03 1.098384629999999973e-01 2.282717000000000079e-03 8.829450599999999483e-02 -4.368198999999999693e-03 9.960822459999999490e-01
1.702688150893731833e+09 9.190986999999999421e-03 1.346196000000000025e-03 1.105210779999999948e-01 2.923527999999999891e-03 9.218954999999999511e-02 -4.560889999999999736e-03 9.957267640000000419e-01
1.702688151350380659e+09 9.334349000000000465e-03 1.370869999999999944e-03 1.112437619999999960e-01 1.023082999999999935e-03 9.602648799999999318e-02 -6.489077999999999687e-03 9.953570959999999967e-01
1.702688151848629236e+09 9.475875999999999397e-03 1.346678000000000024e-03 1.120196130000000040e-01 -1.364830000000000036e-03 9.965872000000000619e-02 -7.613632999999999859e-03 9.949916009999999478e-01
1.702688152265152693e+09 9.611253000000000157e-03 1.343489999999999919e-03 1.126355160000000050e-01 1.235849999999999926e-03 9.960496400000000417e-02 -7.830764999999999948e-03 9.949955339999999593e-01
1.702688152640086412e+09 9.702182000000000167e-03 1.309856999999999992e-03 1.132032869999999997e-01 -2.202101000000000145e-03 1.067840079999999997e-01 -4.987969000000000083e-03 9.942672849999999451e-01
1.702688153099293709e+09 9.894043999999999409e-03 1.350487000000000042e-03 1.138955279999999959e-01 3.085280000000000249e-04 1.219541950000000013e-01 -5.915893999999999667e-03 9.925180670000000038e-01
1.702688153649232626e+09 1.013209800000000084e-02 1.326403000000000087e-03 1.147247480000000014e-01 7.966089999999999890e-04 1.334830519999999909e-01 -6.552541000000000268e-03 9.910291430000000013e-01
1.702688154225344419e+09 1.035986399999999988e-02 1.343131999999999920e-03 1.156173119999999999e-01 1.378604999999999978e-03 1.302378770000000019e-01 -7.926565000000000000e-03 9.914501909999999807e-01
1.702688154768258095e+09 1.054419600000000047e-02 1.330529999999999907e-03 1.164389400000000047e-01 2.323487999999999856e-03 1.173270119999999944e-01 -7.184000999999999755e-03 9.930646419999999974e-01
1.702688155386900425e+09 1.073839099999999991e-02 1.311857999999999948e-03 1.173986570000000035e-01 -5.197539999999999842e-04 9.942930199999999719e-02 -6.378888999999999566e-03 9.950240849999999471e-01
1.702688155804564238e+09 1.082718400000000011e-02 1.317449000000000051e-03 1.180251689999999992e-01 -1.728535999999999918e-03 8.334410200000000324e-02 -6.180754999999999583e-03 9.965001340000000374e-01
1.702688156522657633e+09 1.092914499999999949e-02 1.343756999999999894e-03 1.190918090000000068e-01 -1.718970000000000003e-03 5.290896400000000277e-02 -6.239653999999999860e-03 9.985783700000000485e-01
1.702688157095677614e+09 1.084984100000000069e-02 1.350070000000000089e-03 1.199590269999999959e-01 -1.224994000000000083e-03 2.564151400000000067e-02 -4.358647000000000216e-03 9.996609690000000104e-01
1.702688157926846266e+09 1.090029900000000045e-02 1.369486000000000054e-03 1.213738840000000013e-01 -3.836136999999999880e-03 -7.504046999999999801e-03 -5.248280999999999606e-03 9.999507069999999942e-01
1.702688158552083254e+09 1.090589800000000067e-02 1.379149000000000087e-03 1.223269099999999970e-01 -2.892644000000000205e-03 -3.047818999999999789e-03 -6.440358999999999667e-03 9.999704360000000181e-01
1.702688159220160723e+09 1.087906599999999974e-02 1.382455000000000099e-03 1.233981100000000053e-01 -2.044770999999999915e-03 -2.110184000000000192e-03 -5.707532000000000404e-03 9.999793769999999471e-01
1.702688159927341223e+09 1.085961799999999970e-02 1.399648999999999989e-03 1.245499999999999940e-01 -3.189243999999999933e-03 -1.630074700000000085e-02 -5.638070999999999708e-03 9.998461600000000393e-01
1.702688160301064014e+09 1.080881000000000029e-02 1.384297999999999952e-03 1.251470150000000003e-01 -3.818208000000000019e-03 -9.928943000000000838e-03 -5.809843000000000299e-03 9.999265670000000439e-01
1.702688160717616796e+09 1.086539700000000060e-02 1.387231000000000054e-03 1.258282209999999901e-01 -4.096528999999999796e-03 2.757334000000000174e-03 -6.040303999999999812e-03 9.999695419999999890e-01
1.702688161300039053e+09 1.092595000000000025e-02 1.370506000000000068e-03 1.267304870000000028e-01 -3.982712999999999705e-03 1.654798000000000033e-02 -5.005266999999999876e-03 9.998426440000000026e-01
1.702688161759967089e+09 1.089372800000000009e-02 1.381812000000000058e-03 1.274515689999999868e-01 -1.451948999999999905e-03 1.636603699999999995e-02 -5.085562000000000069e-03 9.998521209999999826e-01
1.702688162173366308e+09 1.090217999999999916e-02 1.401728999999999996e-03 1.280951200000000068e-01 -1.482770999999999915e-03 2.152355400000000030e-02 -4.032622999999999937e-03 9.997591380000000472e-01
1.702688162921742439e+09 1.094027600000000051e-02 1.395715000000000063e-03 1.292431209999999886e-01 -1.371061999999999932e-03 3.008173999999999917e-02 -3.918750000000000358e-03 9.995388389999999568e-01
1.702688163797790051e+09 1.113013600000000054e-02 1.395797000000000053e-03 1.306544239999999912e-01 -2.139143000000000034e-03 4.211384399999999750e-02 -4.025494999999999594e-03 9.991024139999999942e-01
1.702688164338948727e+09 1.116762900000000010e-02 1.399637999999999924e-03 1.314889340000000018e-01 3.760899999999999855e-05 5.589633100000000049e-02 -4.999937000000000305e-03 9.984240530000000335e-01
1.702688164839099646e+09 1.123531699999999987e-02 1.425892999999999909e-03 1.322895590000000010e-01 -1.378868000000000107e-03 5.175960100000000230e-02 -6.374780000000000030e-03 9.986382719999999935e-01
1.702688165257032394e+09 1.127703499999999949e-02 1.436978999999999904e-03 1.329276560000000051e-01 -6.407949999999999931e-04 5.254206799999999733e-02 -6.361719000000000054e-03 9.985982780000000059e-01
1.702688165840541601e+09 1.138010100000000011e-02 1.418093999999999952e-03 1.338568179999999885e-01 -1.726943000000000098e-03 4.878794399999999976e-02 -6.345070000000000397e-03 9.987875219999999832e-01
1.702688166338781834e+09 1.142779000000000017e-02 1.406528999999999896e-03 1.346306200000000064e-01 -1.247597000000000029e-03 6.391381499999999882e-02 -7.925908000000000606e-03 9.979231950000000406e-01
1.702688166753664732e+09 1.155933999999999955e-02 1.432127000000000053e-03 1.353121250000000053e-01 -9.709280000000000254e-04 5.290349200000000335e-02 -7.420073999999999594e-03 9.985715750000000446e-01
1.702688167210869551e+09 1.166349499999999942e-02 1.427101000000000064e-03 1.360340270000000018e-01 -1.303115999999999997e-03 6.873615800000000553e-02 -7.645359000000000009e-03 9.976047279999999962e-01
1.702688167674500942e+09 1.183159299999999962e-02 1.464128000000000087e-03 1.367385389999999923e-01 -3.365789999999999906e-04 7.392074199999999762e-02 -7.656607999999999643e-03 9.972347019999999729e-01
1.702688168172766685e+09 1.186381000000000067e-02 1.442761999999999994e-03 1.375358100000000083e-01 -9.780389999999999917e-04 8.790278399999999770e-02 -5.613942999999999711e-03 9.961127640000000394e-01
1.702688168626540184e+09 1.186006900000000086e-02 1.479697999999999994e-03 1.381206660000000030e-01 -8.410549999999999493e-04 9.603778999999999788e-02 -5.181861000000000279e-03 9.953638320000000039e-01
1.702688168962480783e+09 1.189960600000000007e-02 1.467781000000000034e-03 1.385705319999999963e-01 -3.959979999999999989e-04 1.045465690000000059e-01 -3.645722000000000112e-03 9.945132140000000343e-01
1.702688169335681438e+09 1.194429999999999971e-02 1.484057999999999905e-03 1.391195060000000039e-01 -8.099140000000000115e-04 1.181561200000000034e-01 -4.763060000000000384e-03 9.929832819999999671e-01
1.702688169667461634e+09 1.201220000000000065e-02 1.482423999999999981e-03 1.396505239999999981e-01 -2.059005999999999944e-03 1.308970449999999897e-01 -4.913124999999999958e-03 9.913817050000000020e-01
1.702688169999019146e+09 1.205664799999999967e-02 1.372174000000000093e-03 1.400652830000000126e-01 -3.449330000000000018e-03 1.414235679999999995e-01 -2.699280000000000082e-04 9.899431469999999678e-01
1.702688170339922428e+09 1.208643400000000007e-02 1.313088000000000016e-03 1.406296939999999995e-01 -1.843688000000000011e-03 1.577003750000000037e-01 1.674670000000000065e-03 9.874839189999999878e-01
1.702688170669401646e+09 1.213248899999999977e-02 1.322524000000000052e-03 1.411873999999999907e-01 -2.142358000000000023e-03 1.755692960000000136e-01 -1.620539000000000051e-03 9.844633940000000472e-01
1.702688171002532959e+09 1.217858200000000030e-02 1.335100999999999996e-03 1.416418249999999990e-01 -2.691317999999999835e-03 1.876344980000000107e-01 -2.515607999999999907e-03 9.822320340000000316e-01
1.702688171292136192e+09 1.226919899999999973e-02 1.287064000000000090e-03 1.420646160000000047e-01 -3.386973000000000154e-03 1.975078730000000005e-01 -2.173412999999999907e-03 9.802930359999999510e-01
1.702688171625847816e+09 1.236461900000000030e-02 1.284238000000000046e-03 1.423531769999999974e-01 -5.733461999999999933e-03 2.023936809999999920e-01 -1.983958000000000076e-03 9.792854189999999903e-01
1.702688171956597805e+09 1.216445300000000042e-02 1.186633999999999996e-03 1.426568179999999908e-01 -9.316543999999999520e-03 2.064292879999999886e-01 -1.009607999999999946e-03 9.784166810000000103e-01
1.702688172372301817e+09 1.207102600000000032e-02 1.105950999999999983e-03 1.428326070000000003e-01 -1.118555599999999928e-02 2.095768899999999879e-01 -6.169110000000000435e-04 9.777280090000000090e-01
1.702688172707171440e+09 1.187631400000000066e-02 9.142010000000000110e-04 1.431228519999999949e-01 -1.954890600000000131e-02 2.091322690000000095e-01 -1.544877000000000056e-03 9.776907559999999942e-01
1.702688173080498457e+09 1.201564999999999925e-02 8.799040000000000377e-04 1.433846649999999945e-01 -2.153965999999999867e-02 1.723908929999999895e-01 2.842379999999999820e-03 9.847890139999999626e-01
1.702688173373571396e+09 1.198204299999999951e-02 8.544069999999999530e-04 1.436362419999999973e-01 -2.401130099999999878e-02 1.471649999999999903e-01 3.612197000000000151e-03 9.888138770000000077e-01
1.702688173671686888e+09 1.206417800000000005e-02 8.738279999999999962e-04 1.439104680000000136e-01 -2.524857000000000143e-02 1.209500579999999992e-01 1.395172999999999986e-03 9.923365119999999484e-01
1.702688173999684095e+09 1.209504200000000029e-02 9.447420000000000427e-04 1.443094610000000000e-01 -2.117119400000000082e-02 8.511033699999999425e-02 2.790800999999999872e-03 9.961426850000000277e-01
1.702688174294407606e+09 1.214368700000000023e-02 9.468910000000000521e-04 1.445490269999999966e-01 -2.135462299999999966e-02 5.723002600000000328e-02 5.070294000000000363e-03 9.981197710000000445e-01
1.702688174871984243e+09 1.223761699999999925e-02 7.982519999999999460e-04 1.450231519999999885e-01 -2.748714899999999892e-02 2.644950999999999986e-03 5.670460000000000431e-03 9.996026159999999994e-01
1.702688175161272287e+09 1.219018200000000079e-02 8.612379999999999558e-04 1.454329789999999900e-01 -2.585148799999999886e-02 -1.966879900000000070e-02 5.615944999999999791e-03 9.994565250000000400e-01
1.702688175411400080e+09 1.237920200000000061e-02 9.356310000000000278e-04 1.458733080000000071e-01 -2.528073299999999968e-02 -4.890999900000000261e-02 9.465318000000000342e-03 9.984383580000000258e-01
1.702688175705793858e+09 1.236798100000000011e-02 9.243020000000000012e-04 1.460719560000000028e-01 -2.683137500000000106e-02 -5.847024900000000192e-02 8.603749000000000813e-03 9.978914260000000258e-01
1.702688175994744062e+09 1.245742900000000077e-02 9.004250000000000535e-04 1.463542130000000108e-01 -2.924856899999999857e-02 -7.599341099999999682e-02 8.431531000000000789e-03 9.966436029999999890e-01
1.702688176244094372e+09 1.256952199999999964e-02 8.688479999999999728e-04 1.466318819999999912e-01 -3.266605000000000203e-02 -9.344680599999999338e-02 6.592798999999999882e-03 9.950664040000000155e-01
1.702688176534467697e+09 1.262924200000000059e-02 8.745219999999999730e-04 1.469101760000000034e-01 -3.396497300000000247e-02 -1.105338929999999942e-01 5.965553000000000175e-03 9.932739139999999800e-01
1.702688176872291803e+09 1.264309299999999935e-02 8.933250000000000435e-04 1.472293590000000041e-01 -3.571294199999999752e-02 -1.286089569999999960e-01 6.727521000000000195e-03 9.910293220000000458e-01
1.702688177203683853e+09 1.264367100000000042e-02 8.937150000000000042e-04 1.472360940000000118e-01 -3.587363699999999989e-02 -1.296056210000000042e-01 6.801516999999999979e-03 9.908931850000000097e-01
1.702688177494449854e+09 1.264320099999999975e-02 8.935650000000000277e-04 1.472340520000000041e-01 -3.638013799999999937e-02 -1.291305570000000069e-01 6.623073999999999628e-03 9.909378890000000162e-01
1.702688179656943798e+09 1.264220899999999974e-02 8.937319999999999466e-04 1.472345889999999990e-01 -3.606019500000000322e-02 -1.289668830000000044e-01 6.620273000000000303e-03 9.909709690000000348e-01
1.702688179867735147e+09 1.264197700000000042e-02 8.937529999999999520e-04 1.472347679999999881e-01 -3.568726400000000326e-02 -1.291041079999999952e-01 6.568415999999999665e-03 9.909669159999999755e-01
1.702688182156037807e+09 1.264215999999999951e-02 8.936789999999999795e-04 1.472347079999999919e-01 -3.619430600000000248e-02 -1.289905759999999957e-01 6.662387999999999991e-03 9.909626839999999826e-01
1.702688182329205513e+09 1.264206799999999936e-02 8.936979999999999534e-04 1.472347230000000118e-01 -3.619311699999999687e-02 -1.289335189999999964e-01 6.724304000000000392e-03 9.909697179999999994e-01
1.702688182572235346e+09 1.264187599999999981e-02 8.937160000000000199e-04 1.472347380000000039e-01 -3.596111400000000236e-02 -1.290626820000000119e-01 6.959584000000000430e-03 9.909597639999999652e-01
1.702688183404708624e+09 1.264120600000000032e-02 8.937319999999999466e-04 1.472348569999999968e-01 -3.607343100000000302e-02 -1.290357259999999895e-01 6.593449000000000358e-03 9.909616709999999884e-01
1.702688183656378269e+09 1.264094699999999960e-02 8.937450000000000429e-04 1.472349169999999929e-01 -3.579430299999999954e-02 -1.290761229999999871e-01 6.514157999999999928e-03 9.909670950000000200e-01
1.702688183947933674e+09 1.264066699999999953e-02 8.937389999999999484e-04 1.472350209999999937e-01 -3.589872300000000044e-02 -1.291690319999999892e-01 6.671238000000000341e-03 9.909501080000000517e-01
1.702688184247132063e+09 1.264036099999999926e-02 8.937290000000000078e-04 1.472351849999999907e-01 -3.590758100000000091e-02 -1.290403900000000048e-01 6.775746000000000026e-03 9.909659029999999813e-01
1.702688184576878309e+09 1.264003300000000017e-02 8.937209999999999903e-04 1.472352889999999914e-01 -3.597885399999999761e-02 -1.290393469999999987e-01 6.398896999999999745e-03 9.909659029999999813e-01
1.702688184860982895e+09 1.263976399999999951e-02 8.937209999999999903e-04 1.472352889999999914e-01 -3.612295900000000309e-02 -1.288919900000000118e-01 6.666207999999999856e-03 9.909780620000000484e-01
1.702688185159322262e+09 1.263951100000000084e-02 8.937220000000000060e-04 1.472353040000000113e-01 -3.609794000000000197e-02 -1.294413209999999981e-01 6.646102000000000086e-03 9.909075499999999703e-01
1.702688185402609587e+09 1.263926599999999970e-02 8.937409999999999799e-04 1.472353339999999955e-01 -3.556331599999999760e-02 -1.292842630000000104e-01 6.647166999999999833e-03 9.909473659999999962e-01
1.702688185695312500e+09 1.263899999999999919e-02 8.937370000000000253e-04 1.472353339999999955e-01 -3.632017199999999779e-02 -1.289536510000000025e-01 6.717141999999999731e-03 9.909625050000000490e-01
1.702688188191397667e+09 1.263807800000000051e-02 8.938509999999999771e-04 1.472361680000000006e-01 -2.948759700000000081e-02 -1.290619369999999877e-01 7.940160999999999400e-03 9.911662340000000349e-01
1.702688188527059317e+09 1.263808299999999961e-02 8.938760000000000455e-04 1.472363020000000133e-01 -2.547755700000000137e-02 -1.290755269999999955e-01 9.044246000000000577e-03 9.912661910000000187e-01
1.702688189108078957e+09 1.263798900000000051e-02 8.939230000000000266e-04 1.472363919999999937e-01 -1.895073200000000138e-02 -1.290282010000000090e-01 1.079909899999999950e-02 9.914010170000000510e-01
1.702688189316132784e+09 1.263788400000000027e-02 8.939230000000000266e-04 1.472363620000000095e-01 -1.673210400000000111e-02 -1.289605050000000031e-01 1.133235500000000055e-02 9.914438129999999516e-01
