1.702688123750164747e+09 0.000000000000000000e+00 0.000000000000000000e+00 0.000000000000000000e+00 -0.000000000000000000e+00 -0.000000000000000000e+00 -0.000000000000000000e+00 1.000000000000000000e+00
1.702688124081733227e+09 -9.161230000000000241e-04 1.565849000000000017e-03 3.884738699999999711e-02 -1.368209999999999967e-04 1.313427999999999948e-03 -2.573930000000000206e-04 9.999991059999999710e-01
1.702688124121896505e+09 -7.356329999999999683e-04 1.512377999999999986e-03 4.361126600000000270e-02 -2.118570000000000013e-04 1.150289999999999993e-03 -1.411348999999999894e-03 9.999983310000000181e-01
1.702688124373106241e+09 -3.358203000000000143e-03 1.275087999999999959e-03 7.149953400000000348e-02 3.281210000000000116e-04 1.731955999999999990e-03 -1.427118000000000006e-03 9.999974369999999890e-01
1.702688124542413712e+09 -3.277645999999999945e-03 1.680099999999999909e-03 9.091924099999999787e-02 7.726449999999999724e-04 -4.239000000000000411e-06 -1.741045000000000093e-03 9.999982120000000529e-01
1.702688124788979530e+09 -1.967516999999999790e-03 1.821822999999999975e-03 1.182329429999999931e-01 -1.261240000000000006e-04 -4.802495999999999848e-03 -1.297645000000000048e-03 9.999876020000000310e-01
1.702688124914194107e+09 -2.949254000000000112e-03 1.495339000000000043e-03 1.319265659999999951e-01 -1.512368000000000046e-03 -4.416629000000000041e-03 -1.339406000000000017e-03 9.999882580000000187e-01
1.702688125043920755e+09 -3.502981999999999971e-03 1.304512999999999983e-03 1.454780400000000029e-01 -7.782620000000000510e-04 -5.207604000000000226e-03 -1.897910999999999956e-03 9.999843240000000355e-01
1.702688125207111120e+09 -3.054152000000000082e-03 1.239171000000000066e-03 1.637752799999999953e-01 -8.269479999999999843e-04 -7.282705999999999902e-03 -5.353110000000000116e-04 9.999729990000000290e-01
1.702688125622297287e+09 -3.509978999999999877e-03 1.904258000000000036e-03 2.094451039999999931e-01 -1.068799999999999999e-05 -3.163149000000000082e-03 3.003559999999999954e-04 9.999949339999999465e-01
1.702688125745692015e+09 -4.054671000000000143e-03 1.720280000000000030e-03 2.236908529999999951e-01 -6.069660000000000159e-04 -2.849804999999999960e-03 7.521130000000000003e-04 9.999954699999999974e-01
1.702688125832619429e+09 -5.579235000000000097e-03 1.255070999999999964e-03 2.323535079999999864e-01 -1.062297000000000024e-03 -2.080119000000000065e-03 1.064576000000000021e-03 9.999967220000000045e-01
1.702688125914894819e+09 -7.123413000000000314e-03 6.142120000000000479e-04 2.409622969999999920e-01 -1.004310999999999919e-03 -1.430590000000000030e-03 4.764459999999999984e-04 9.999983909999999865e-01
1.702688125997769356e+09 -4.497115000000000314e-03 1.434582000000000001e-03 2.503709789999999935e-01 -2.352629999999999869e-04 -3.075906000000000213e-03 5.498939999999999904e-04 9.999951120000000193e-01
1.702688126249330759e+09 -4.077991000000000428e-03 1.393195000000000067e-03 2.774599189999999993e-01 -9.859420000000000683e-04 -6.497262999999999650e-03 1.512373000000000016e-03 9.999772909999999904e-01
1.702688126370384932e+09 -4.407079999999999852e-03 6.827930000000000067e-04 2.910712060000000267e-01 -1.010157999999999933e-03 -5.947011999999999785e-03 1.346123999999999975e-03 9.999809269999999639e-01
1.702688126461143494e+09 -5.842232000000000154e-03 1.130321000000000103e-03 2.995616500000000126e-01 -6.207670000000000418e-04 -4.896311000000000413e-03 1.736820000000000030e-03 9.999863509999999955e-01
1.702688126581273794e+09 -2.624019000000000004e-03 1.289030000000000091e-04 3.122391099999999864e-01 -1.287088000000000034e-03 -5.583738999999999890e-03 1.509991000000000024e-03 9.999824760000000090e-01
1.702688126703040838e+09 -3.292227999999999908e-03 4.486170000000000045e-04 3.197456300000000029e-01 7.910480000000000332e-04 -2.443174000000000214e-03 3.027366000000000085e-03 9.999921320000000335e-01
1.702688126831448555e+09 -4.344984999999999993e-03 1.229969999999999881e-04 3.290301860000000023e-01 7.654779999999999918e-04 -2.466109000000000183e-03 3.341473000000000186e-03 9.999911190000000394e-01
1.702688126996325493e+09 -9.403698000000000265e-03 -1.705270000000000050e-03 3.374340239999999991e-01 3.001829999999999820e-04 2.461119999999999801e-03 2.721606000000000112e-03 9.999932049999999961e-01
1.702688127120587587e+09 -1.164471499999999993e-02 -2.118066999999999953e-03 3.439948560000000155e-01 -3.601070000000000269e-04 5.215682999999999604e-03 2.495457999999999878e-03 9.999832509999999619e-01
1.702688127246314287e+09 -1.158000999999999996e-02 -2.231312000000000052e-03 3.504475360000000039e-01 -6.502269999999999665e-04 5.712578999999999747e-03 1.518870999999999980e-03 9.999822969999999644e-01
1.702688127412698984e+09 -1.631458699999999845e-02 -2.854353000000000012e-03 3.571660220000000274e-01 -1.396157000000000084e-03 8.572344000000000838e-03 1.722877999999999953e-03 9.999607799999999935e-01
1.702688127541034222e+09 -1.863404899999999975e-02 -3.660406000000000163e-03 3.611532150000000274e-01 -2.649861999999999791e-03 8.217505999999999422e-03 1.439661999999999973e-03 9.999616740000000226e-01
1.702688127748889685e+09 -2.194646700000000075e-02 -4.448470000000000375e-03 3.671779629999999961e-01 -5.292530000000000151e-03 8.419968999999999371e-03 2.140807000000000213e-03 9.999482629999999483e-01
1.702688127912306786e+09 -2.154770500000000033e-02 -3.947784999999999662e-03 3.698304590000000003e-01 -3.912950000000000109e-03 5.053404000000000056e-03 1.843873999999999904e-03 9.999778870000000097e-01
1.702688128079717398e+09 -2.115656999999999954e-02 -3.600276999999999818e-03 3.725178840000000213e-01 -3.009163999999999936e-03 4.655435000000000302e-03 6.969059999999999578e-04 9.999843840000000039e-01
1.702688128287231445e+09 -2.068520199999999976e-02 -3.479677000000000030e-03 3.755081590000000080e-01 -9.911449999999999167e-04 4.666234000000000007e-03 -4.805330000000000018e-04 9.999885560000000284e-01
1.702688128496362686e+09 -2.059737199999999921e-02 -3.425337999999999994e-03 3.764376640000000052e-01 -4.294920000000000140e-04 1.678180999999999944e-03 -4.221699999999999916e-05 9.999985099999999516e-01
1.702688128702517509e+09 -2.129414500000000043e-02 -3.258126000000000078e-03 3.785499629999999893e-01 -1.465432000000000019e-03 -2.881313999999999837e-03 8.401650000000000307e-04 9.999944570000000033e-01
1.702688128952136517e+09 -2.139081099999999916e-02 -3.329821000000000170e-03 3.806684320000000010e-01 -6.972289999999999478e-04 -7.666286999999999928e-03 2.070829999999999958e-04 9.999703760000000496e-01
1.702688129200798035e+09 -2.138836300000000051e-02 -3.413452999999999887e-03 3.828030230000000200e-01 1.473439999999999906e-04 -7.738733999999999717e-03 -4.520710000000000158e-04 9.999699589999999638e-01
1.702688129411471128e+09 -2.104398400000000169e-02 -3.376174999999999923e-03 3.845740850000000099e-01 -1.782250000000000088e-04 -6.972890000000000251e-04 4.541249999999999931e-04 9.999996420000000219e-01
1.702688129619128942e+09 -2.097163700000000131e-02 -3.366462000000000187e-03 3.862871230000000100e-01 1.780415999999999943e-03 -3.691952000000000081e-03 3.249239999999999811e-04 9.999915360000000142e-01
1.702688129868022680e+09 -2.126249499999999931e-02 -3.473191999999999946e-03 3.885169030000000245e-01 -3.799039999999999731e-04 -5.119407999999999771e-03 1.260253000000000024e-03 9.999860529999999859e-01
1.702688130120097399e+09 -2.130481199999999936e-02 -3.304853999999999865e-03 3.907138410000000062e-01 -2.483487999999999842e-03 -7.315410999999999962e-03 1.560579999999999997e-03 9.999689459999999697e-01
1.702688130329644442e+09 -2.133190800000000012e-02 -3.277340000000000114e-03 3.924970030000000110e-01 -2.625770999999999834e-03 -4.482111000000000428e-03 8.778910000000000012e-04 9.999861119999999826e-01
1.702688130536747694e+09 -2.132252999999999926e-02 -3.207517999999999914e-03 3.942509889999999961e-01 -3.166453000000000063e-03 -3.314529999999999994e-04 1.398970000000000031e-03 9.999939799999999490e-01
1.702688130783398628e+09 -2.136932899999999941e-02 -3.238084999999999922e-03 3.964093329999999749e-01 -5.426008000000000393e-03 1.751900999999999936e-03 4.757939999999999782e-04 9.999836680000000477e-01
1.702688130996082067e+09 -2.130611199999999858e-02 -3.149785999999999905e-03 3.981602490000000216e-01 -5.338444000000000349e-03 4.008038000000000226e-03 8.503630000000000303e-04 9.999773499999999871e-01
1.702688131241282225e+09 -2.134387000000000090e-02 -2.972364999999999816e-03 4.002199470000000203e-01 -2.650032999999999989e-03 1.294081799999999977e-02 9.468830000000000345e-04 9.999123220000000201e-01
1.702688131618231058e+09 -2.118659800000000093e-02 -3.059938999999999801e-03 4.031355079999999758e-01 -3.476214999999999947e-03 1.708579600000000032e-02 4.208659999999999918e-04 9.998478889999999897e-01
1.702688132034559488e+09 -2.061252100000000170e-02 -3.082740000000000046e-03 4.063962099999999800e-01 -3.722079000000000099e-03 2.439287999999999873e-02 -2.518800000000000075e-04 9.996954799999999697e-01
1.702688132497689247e+09 -2.064081699999999880e-02 -3.056826999999999808e-03 4.100281299999999907e-01 -3.447143000000000169e-03 2.684824900000000111e-02 -2.061239999999999936e-04 9.996336099999999503e-01
1.702688133033560991e+09 -2.041914699999999860e-02 -3.026683000000000064e-03 4.144962730000000262e-01 -3.248050000000000156e-03 2.768825000000000106e-02 -9.764209999999999947e-04 9.996108409999999722e-01
1.702688133491797447e+09 -2.031301500000000024e-02 -2.914495999999999927e-03 4.182285669999999955e-01 -4.157148999999999740e-03 2.549525399999999845e-02 -2.330745999999999860e-03 9.996635910000000180e-01
1.702688133952734470e+09 -2.015427700000000169e-02 -2.858235000000000203e-03 4.219421449999999907e-01 -5.319632999999999827e-03 2.712285500000000127e-02 -2.915950999999999960e-03 9.996137019999999929e-01
1.702688134530259132e+09 -1.989033100000000068e-02 -2.824712999999999963e-03 4.265700880000000139e-01 -4.060305000000000164e-03 2.798281400000000169e-02 -2.236805000000000130e-03 9.995976690000000220e-01
1.702688135035673141e+09 -1.953117700000000026e-02 -2.666950999999999870e-03 4.304894799999999799e-01 -4.520744999999999625e-03 2.797109600000000085e-02 -2.257930000000000006e-03 9.995960000000000401e-01
1.702688135619563341e+09 -1.937042500000000014e-02 -2.853866000000000042e-03 4.351316089999999748e-01 -3.334608000000000190e-03 2.680993799999999844e-02 -1.446484999999999958e-03 9.996339680000000394e-01
1.702688136239547491e+09 -1.886053000000000035e-02 -2.849068000000000173e-03 4.402061700000000077e-01 -5.581509999999999597e-03 3.100372100000000145e-02 -2.771500999999999999e-03 9.994998569999999916e-01
1.702688136946995258e+09 -1.854440400000000044e-02 -2.737255999999999977e-03 4.457367360000000223e-01 -3.372703999999999806e-03 2.913337900000000091e-02 -2.205476999999999958e-03 9.995674490000000523e-01
1.702688137570986748e+09 -1.842892900000000014e-02 -2.802667999999999913e-03 4.507700800000000174e-01 -4.684418000000000089e-03 2.396234100000000158e-02 -6.206669999999999852e-04 9.997017379999999509e-01
1.702688138151272774e+09 -1.824543400000000135e-02 -2.787742000000000171e-03 4.553816319999999807e-01 -4.418069999999999636e-03 2.339507099999999992e-02 3.650100000000000171e-05 9.997165199999999974e-01
1.702688138744244337e+09 -1.815060300000000126e-02 -2.715102000000000054e-03 4.599049390000000126e-01 -3.573273999999999982e-03 1.740824200000000085e-02 3.698619999999999903e-04 9.998420479999999833e-01
1.702688139194115400e+09 -1.772172699999999962e-02 -2.724881000000000178e-03 4.634345770000000142e-01 -2.157964999999999970e-03 4.319534800000000146e-02 -8.449819999999999814e-04 9.990639690000000517e-01
1.702688139484064102e+09 -1.747113999999999959e-02 -2.705740999999999789e-03 4.657509329999999781e-01 -1.864716999999999894e-03 5.901719999999999883e-02 -1.580367000000000056e-03 9.982540009999999464e-01
1.702688139859516144e+09 -1.682590299999999969e-02 -2.809944999999999891e-03 4.686038200000000042e-01 -2.359995000000000148e-03 7.420802099999999901e-02 -1.443669999999999979e-03 9.972389940000000452e-01
1.702688140275487900e+09 -1.623652899999999955e-02 -2.893900000000000031e-03 4.718536139999999768e-01 -3.433369999999999825e-04 9.287405799999999545e-02 -1.255161000000000080e-03 9.956770539999999503e-01
1.702688140609241247e+09 -1.559060800000000059e-02 -2.856820999999999840e-03 4.744082090000000251e-01 -1.905755000000000079e-03 1.074535620000000025e-01 -2.112797999999999933e-03 9.942060710000000245e-01
1.702688140942411661e+09 -1.475846800000000028e-02 -2.762248000000000134e-03 4.770525400000000249e-01 -3.326754999999999816e-03 1.197195570000000042e-01 -1.230260000000000110e-04 9.928022029999999942e-01
1.702688141277390480e+09 -1.424444799999999983e-02 -2.823785000000000097e-03 4.794754390000000033e-01 -2.318479999999999933e-03 1.267894210000000133e-01 5.255699999999999841e-05 9.919269680000000200e-01
1.702688141608809948e+09 -1.336616699999999998e-02 -2.748514000000000079e-03 4.821065070000000174e-01 -1.984678000000000136e-03 1.260746570000000066e-01 -7.729730000000000411e-04 9.920184610000000180e-01
1.702688142523002625e+09 -1.206581999999999967e-02 -2.787681000000000187e-03 4.890296160000000003e-01 -1.074911000000000009e-03 1.153458210000000012e-01 -1.525323999999999994e-03 9.933236840000000401e-01
1.702688142857405663e+09 -1.124880099999999924e-02 -2.699739000000000045e-03 4.915420409999999851e-01 -1.074814000000000108e-03 1.153547020000000034e-01 -1.897952000000000059e-03 9.933219549999999787e-01
1.702688143274113178e+09 -1.055000199999999930e-02 -2.631693000000000053e-03 4.947310979999999803e-01 -1.956347000000000207e-03 1.122815159999999979e-01 -1.634688000000000026e-03 9.936731460000000071e-01
1.702688143693687439e+09 -1.030702300000000023e-02 -2.617453999999999961e-03 4.979330599999999829e-01 -1.520352999999999895e-03 1.091669499999999987e-01 -1.975685999999999935e-03 9.940203429999999729e-01
1.702688144148795366e+09 -9.222878999999999799e-03 -2.762389000000000077e-03 5.013343099999999497e-01 -2.046558999999999878e-03 1.096728440000000054e-01 -1.718590999999999999e-03 9.939641359999999981e-01
1.702688144479971409e+09 -8.681602999999999543e-03 -2.733106999999999811e-03 5.037927030000000084e-01 2.475919999999999835e-04 1.096380650000000068e-01 -1.163324000000000085e-03 9.939708710000000336e-01
1.702688145066237450e+09 -7.397596000000000206e-03 -2.687124999999999844e-03 5.083382130000000387e-01 4.821700000000000270e-05 1.177212450000000021e-01 -1.188657000000000082e-03 9.930459860000000472e-01
1.702688145396626949e+09 -7.017713000000000076e-03 -2.814711000000000123e-03 5.108436939999999593e-01 -1.607773999999999965e-03 1.195424650000000005e-01 -1.023927999999999904e-03 9.928272959999999703e-01
1.702688145690100908e+09 -6.391258999999999829e-03 -2.716881999999999891e-03 5.131630299999999645e-01 -2.168005000000000192e-03 1.169226020000000005e-01 -1.619807999999999925e-03 9.931373599999999691e-01
1.702688146063144207e+09 -5.846083999999999656e-03 -2.786661000000000173e-03 5.159084800000000026e-01 -9.996630000000000273e-04 1.014023049999999981e-01 -8.076729999999999630e-04 9.948446749999999561e-01
1.702688146525763988e+09 -5.398873000000000213e-03 -2.768196000000000111e-03 5.194748639999999806e-01 -1.225387000000000091e-03 8.395050499999999472e-02 -7.278490000000000307e-04 9.964689020000000452e-01
1.702688146900242329e+09 -4.726855999999999766e-03 -2.646069999999999933e-03 5.223878619999999806e-01 -2.917250000000000138e-03 6.444967499999999794e-02 -6.658249999999999889e-04 9.979164600000000052e-01
1.702688147310423374e+09 -4.470619000000000329e-03 -2.723638999999999921e-03 5.254775289999999988e-01 -1.455443000000000058e-03 8.003750399999999543e-02 -1.847949999999999951e-04 9.967907670000000220e-01
1.702688147854380608e+09 -3.828106999999999864e-03 -2.631370999999999970e-03 5.297775860000000225e-01 -1.895636000000000022e-03 8.832283300000000337e-02 -6.053369999999999541e-04 9.960899349999999819e-01
1.702688148186747313e+09 -3.105694999999999897e-03 -2.641679000000000076e-03 5.324309470000000433e-01 -2.888770000000000140e-03 8.617892100000000555e-02 -1.412260000000000034e-03 9.962745309999999632e-01
1.702688148521043539e+09 -2.734213000000000095e-03 -2.640617999999999958e-03 5.349315399999999832e-01 -1.876927000000000022e-03 8.728007999999999600e-02 -1.284603999999999954e-03 9.961811900000000497e-01
1.702688148893343210e+09 -2.313171000000000151e-03 -2.680919999999999831e-03 5.378054979999999929e-01 -1.124009000000000032e-03 8.758126900000000326e-02 -5.126659999999999464e-04 9.961566330000000136e-01
1.702688149228983641e+09 -1.673093000000000063e-03 -2.684732999999999911e-03 5.404025319999999910e-01 -1.639579999999999911e-04 8.966813199999999762e-02 -1.370909999999999924e-03 9.959707859999999968e-01
1.702688149600508213e+09 -1.256036999999999995e-03 -2.675603999999999830e-03 5.433467629999999549e-01 1.042729999999999959e-04 8.782564099999999596e-02 -1.631181999999999901e-03 9.961345200000000233e-01
1.702688149933374166e+09 -7.453369999999999961e-04 -2.725916000000000103e-03 5.458745959999999897e-01 -3.302350000000000120e-04 8.909801400000000315e-02 -6.467239999999999968e-04 9.960226420000000136e-01
1.702688150226515293e+09 -2.299009999999999932e-04 -2.663627000000000009e-03 5.480954049999999800e-01 1.160510000000000014e-03 9.138967100000000565e-02 -1.099387000000000064e-03 9.958139660000000504e-01
1.702688150681774139e+09 4.217289999999999732e-04 -2.717371000000000109e-03 5.516269209999999923e-01 1.272642999999999951e-03 9.750676899999999314e-02 -5.119830000000000344e-04 9.952338929999999806e-01
1.702688151101100445e+09 1.162601999999999993e-03 -2.689265000000000145e-03 5.548750759999999671e-01 4.555809999999999873e-04 9.889671999999999352e-02 -1.439383999999999933e-03 9.950965640000000167e-01
1.702688151558432579e+09 1.650311999999999916e-03 -2.659013000000000002e-03 5.584732289999999599e-01 -1.900760000000000036e-03 1.040621030000000030e-01 -1.906247000000000020e-03 9.945671560000000078e-01
1.702688152101733923e+09 2.616794999999999885e-03 -2.777777999999999844e-03 5.626484750000000368e-01 -1.795291999999999982e-03 1.053188149999999962e-01 -1.017057000000000030e-03 9.944363830000000348e-01
1.702688152640086412e+09 3.777803000000000151e-03 -2.745309999999999938e-03 5.668104889999999729e-01 -2.654244000000000048e-03 1.105689779999999983e-01 -1.953733000000000032e-03 9.938629869999999755e-01
1.702688153181484938e+09 4.864796999999999698e-03 -2.691461000000000027e-03 5.709236260000000174e-01 -2.055290999999999889e-03 1.301896270000000022e-01 -1.777675999999999952e-03 9.914854170000000355e-01
1.702688153649232626e+09 5.839612999999999575e-03 -2.556879000000000183e-03 5.742994550000000142e-01 1.085200000000000045e-05 1.378979379999999977e-01 -4.264949999999999991e-03 9.904372689999999535e-01
1.702688154181142330e+09 6.936364999999999892e-03 -2.616573999999999983e-03 5.783423189999999936e-01 -2.019400000000000012e-05 1.350935699999999962e-01 -4.337671999999999882e-03 9.908233279999999477e-01
1.702688154638869762e+09 7.796589999999999944e-03 -2.624051999999999982e-03 5.817924740000000039e-01 1.225848999999999992e-03 1.258900460000000054e-01 -4.754262999999999892e-03 9.920321109999999942e-01
1.702688155225627184e+09 8.756662999999999600e-03 -2.517062000000000032e-03 5.862783790000000161e-01 6.887110000000000540e-04 1.087114589999999964e-01 -5.890865999999999811e-03 9.940556879999999929e-01
1.702688155762986660e+09 9.395471000000000725e-03 -2.355699000000000161e-03 5.903988479999999761e-01 -8.807280000000000013e-04 8.986083400000000054e-02 -7.537442999999999574e-03 9.959254260000000025e-01
1.702688156301827431e+09 9.863824000000000203e-03 -2.298903000000000144e-03 5.942372679999999852e-01 -2.566807999999999850e-03 6.741222700000000512e-02 -7.074956000000000300e-03 9.976968170000000136e-01
1.702688156927083492e+09 9.870748000000000369e-03 -2.362684999999999785e-03 5.988814230000000238e-01 -1.034795999999999936e-03 3.472934300000000279e-02 -5.082450999999999983e-03 9.993833300000000142e-01
1.702688157384394646e+09 9.906049999999999578e-03 -2.269777000000000166e-03 6.025329230000000535e-01 -2.187605000000000018e-03 1.717431700000000144e-02 -6.345748000000000014e-03 9.998300079999999923e-01
1.702688157802221060e+09 9.808667999999999554e-03 -2.301244999999999940e-03 6.057100890000000071e-01 -4.563236000000000028e-03 -8.761599999999999597e-04 -7.036421000000000169e-03 9.999644760000000465e-01
1.702688158345129251e+09 9.889583999999999875e-03 -2.331830999999999921e-03 6.099113229999999497e-01 -3.280774000000000190e-03 -4.151516000000000060e-03 -6.187769000000000082e-03 9.999668600000000129e-01
1.702688158843538761e+09 9.758835999999999899e-03 -2.213395999999999853e-03 6.136926409999999832e-01 -3.235852999999999906e-03 1.005573100000000004e-02 -6.474516999999999946e-03 9.999232890000000484e-01
1.702688159634908199e+09 9.438184999999999977e-03 -2.259141000000000100e-03 6.197170020000000168e-01 -2.712064000000000141e-03 -8.048891000000000726e-03 -6.198417999999999810e-03 9.999447460000000509e-01
1.702688160301064014e+09 9.456028999999999476e-03 -2.245706000000000091e-03 6.248086689999999832e-01 -3.456542999999999855e-03 -6.130820000000000367e-03 -5.580629000000000145e-03 9.999596480000000343e-01
1.702688160717616796e+09 9.338624000000000230e-03 -2.210811999999999933e-03 6.277408599999999561e-01 -3.912963999999999679e-03 8.072576999999999184e-03 -5.644213999999999828e-03 9.999438520000000219e-01
1.702688161091637850e+09 9.460701000000000180e-03 -2.145978000000000208e-03 6.302899119999999522e-01 -2.556229000000000140e-03 2.330505800000000002e-02 -5.406593999999999810e-03 9.997105600000000258e-01
1.702688161465257406e+09 9.489446000000000339e-03 -2.221513999999999954e-03 6.329020260000000064e-01 -1.564630999999999921e-03 2.363065099999999905e-02 -4.928748999999999630e-03 9.997074009999999955e-01
1.702688161923547506e+09 9.534459999999999810e-03 -2.226019000000000088e-03 6.360744240000000271e-01 -1.475077999999999893e-03 2.353649400000000155e-02 -5.334913000000000155e-03 9.997076990000000052e-01
1.702688162381815910e+09 9.704159000000000396e-03 -2.191576000000000201e-03 6.392086740000000322e-01 -1.066172999999999904e-03 2.769589999999999899e-02 -4.211562999999999765e-03 9.996069669999999574e-01
1.702688162800902128e+09 9.881226999999999372e-03 -2.135535999999999945e-03 6.419906619999999897e-01 -9.450770000000000047e-04 3.279544399999999998e-02 -4.395020000000000350e-03 9.994519950000000375e-01
1.702688163216285706e+09 1.013259099999999982e-02 -2.148881999999999962e-03 6.448343989999999470e-01 -9.568270000000000464e-04 4.046802199999999933e-02 -4.631640999999999710e-03 9.991696479999999658e-01
1.702688163590433121e+09 1.033803200000000047e-02 -2.202667000000000166e-03 6.473703379999999896e-01 -1.985693000000000180e-03 4.755790199999999912e-02 -4.804288000000000308e-03 9.988549949999999678e-01
1.702688164049594641e+09 1.062065700000000036e-02 -2.179157000000000143e-03 6.504563690000000342e-01 -1.574897999999999923e-03 5.454862500000000336e-02 -4.388254000000000286e-03 9.985002280000000452e-01
1.702688165046766281e+09 1.141934499999999915e-02 -2.228540000000000208e-03 6.571165319999999754e-01 -3.233390999999999956e-03 5.651900499999999716e-02 -5.261174000000000406e-03 9.983824489999999496e-01
1.702688165465056419e+09 1.151836900000000052e-02 -2.141554999999999848e-03 6.598977449999999800e-01 -1.888324000000000035e-03 5.994549799999999984e-02 -4.427478000000000316e-03 9.981900449999999703e-01
1.702688165922463894e+09 1.164074799999999937e-02 -2.191929999999999920e-03 6.629051569999999671e-01 -2.622504999999999802e-03 5.647092699999999715e-02 -5.488573000000000063e-03 9.983857269999999451e-01
1.702688166419400930e+09 1.215235100000000047e-02 -2.135048000000000067e-03 6.661112310000000258e-01 -2.261421999999999911e-03 6.906320200000000409e-02 -7.536542999999999715e-03 9.975812440000000336e-01
1.702688166839126825e+09 1.217869799999999995e-02 -2.061808999999999951e-03 6.688351630000000103e-01 -3.049201999999999989e-03 6.229317599999999872e-02 -6.368531000000000192e-03 9.980329279999999859e-01
1.702688167254104614e+09 1.267094300000000048e-02 -2.145063999999999912e-03 6.716039179999999664e-01 -4.026042999999999983e-03 7.859633900000000117e-02 -6.215636000000000078e-03 9.968790410000000213e-01
1.702688167674500942e+09 1.273852500000000054e-02 -2.189121000000000036e-03 6.744783519999999477e-01 -3.678951000000000183e-03 8.603050600000000658e-02 -5.934128999999999793e-03 9.962680339999999690e-01
1.702688168046794176e+09 1.303713199999999989e-02 -2.119194000000000026e-03 6.768978829999999780e-01 -3.591257999999999950e-03 9.530453399999999631e-02 -4.352443000000000110e-03 9.954321980000000458e-01
1.702688168376931429e+09 1.326867500000000061e-02 -2.093022999999999845e-03 6.789659860000000213e-01 -3.655756000000000023e-03 1.006268929999999950e-01 -3.850149000000000193e-03 9.949100610000000122e-01
1.702688168750536442e+09 1.357259000000000070e-02 -2.199864000000000160e-03 6.813622710000000193e-01 -3.807374000000000088e-03 1.084361449999999977e-01 -2.719880999999999948e-03 9.940924049999999568e-01
1.702688169131126642e+09 1.373862799999999926e-02 -2.111057999999999858e-03 6.835826640000000065e-01 -3.169463999999999875e-03 1.209842260000000003e-01 -4.745636000000000125e-03 9.926380519999999930e-01
1.702688169513985634e+09 1.395297600000000061e-02 -2.141131000000000111e-03 6.860483880000000090e-01 -4.077156999999999656e-03 1.351261729999999883e-01 -5.075981999999999716e-03 9.908069969999999671e-01
1.702688169791956425e+09 1.395497799999999983e-02 -2.021011000000000075e-03 6.879861950000000226e-01 -4.081594000000000021e-03 1.470061540000000000e-01 -5.457575000000000100e-03 9.891121389999999458e-01
1.702688170082923889e+09 1.410803199999999952e-02 -2.049931000000000062e-03 6.897642609999999896e-01 -2.969353000000000097e-03 1.571363659999999995e-01 -4.559813000000000234e-03 9.875619410000000542e-01
1.702688170373646259e+09 1.415991899999999998e-02 -2.066982000000000194e-03 6.920189860000000026e-01 -2.079477000000000148e-03 1.740076389999999917e-01 -3.444836000000000165e-03 9.847360849999999832e-01
1.702688170669401646e+09 1.419022399999999955e-02 -2.111650999999999979e-03 6.940141920000000297e-01 -2.479324000000000198e-03 1.904492230000000008e-01 -5.767997999999999875e-03 9.816769960000000239e-01
1.702688170919453144e+09 1.343628600000000041e-02 -1.646083999999999915e-03 6.958792809999999607e-01 -8.360190000000000199e-04 2.035056949999999865e-01 -5.887678999999999829e-03 9.790557029999999994e-01
1.702688171207048178e+09 1.345357399999999939e-02 -2.071852999999999802e-03 6.981670260000000239e-01 -2.193983999999999952e-03 2.159270940000000139e-01 -1.386106000000000013e-03 9.764060970000000284e-01
1.702688171582180500e+09 1.361389500000000086e-02 -1.902622999999999988e-03 7.000208500000000278e-01 -3.449645999999999789e-03 2.240306880000000056e-01 -2.900233999999999798e-03 9.745717050000000103e-01
1.702688171956597805e+09 1.264289600000000069e-02 -2.312363999999999913e-03 7.017889019999999922e-01 -6.513307000000000298e-03 2.302501949999999908e-01 -2.513549999999999812e-03 9.731064440000000149e-01
1.702688172165761471e+09 1.208852600000000048e-02 -2.429105999999999887e-03 7.023614649999999626e-01 -7.717103999999999804e-03 2.323028299999999879e-01 -2.993332999999999931e-03 9.726083279999999665e-01
1.702688172502281427e+09 1.125268800000000027e-02 -2.909956000000000001e-03 7.038984299999999639e-01 -1.159074600000000073e-02 2.351982300000000081e-01 -3.739942999999999913e-03 9.718711380000000233e-01
1.702688172707171440e+09 1.129815500000000070e-02 -2.976097999999999938e-03 7.045626640000000052e-01 -1.250884000000000024e-02 2.334274950000000126e-01 -3.984765000000000355e-03 9.722855689999999607e-01
1.702688173080498457e+09 1.148771699999999972e-02 -3.062193999999999854e-03 7.059664129999999593e-01 -1.371410500000000074e-02 2.010162769999999932e-01 -1.728858999999999908e-03 9.794903990000000116e-01
1.702688174121710777e+09 1.185826000000000068e-02 -2.755600999999999884e-03 7.108042839999999529e-01 -1.238244800000000076e-02 1.044596809999999987e-01 8.166729999999999649e-04 9.944517019999999929e-01
1.702688174412275314e+09 1.216489200000000007e-02 -2.980457000000000158e-03 7.120463849999999484e-01 -1.431002299999999984e-02 7.590369099999999536e-02 2.887111999999999838e-03 9.970083239999999458e-01
1.702688174661454439e+09 1.258723200000000028e-02 -2.952063999999999903e-03 7.136360999999999954e-01 -1.400251100000000047e-02 5.072273699999999691e-02 3.599440000000000191e-03 9.986081119999999922e-01
1.702688174871984243e+09 1.285473099999999945e-02 -2.874942000000000122e-03 7.148722410000000194e-01 -1.346957399999999978e-02 3.363974399999999920e-02 3.563438999999999843e-03 9.993368980000000290e-01
1.702688175161272287e+09 1.294958899999999920e-02 -2.314692000000000138e-03 7.165052889999999897e-01 -9.313694000000000833e-03 9.263854999999999659e-03 3.518760000000000117e-03 9.999075530000000045e-01
1.702688175411400080e+09 1.400680900000000027e-02 -2.395061999999999885e-03 7.183365819999999458e-01 -1.099601600000000082e-02 -1.890578899999999923e-02 4.179325000000000227e-03 9.997520450000000336e-01
1.702688175705793858e+09 1.446950399999999935e-02 -2.547147000000000040e-03 7.195857169999999581e-01 -1.345631599999999942e-02 -3.305291800000000058e-02 3.799137000000000174e-03 9.993557929999999923e-01
1.702688176038653851e+09 1.503770599999999964e-02 -2.569637000000000050e-03 7.212231159999999974e-01 -1.582386900000000082e-02 -5.483368799999999849e-02 4.116660000000000284e-03 9.983616469999999632e-01
1.702688176284704447e+09 1.530436800000000049e-02 -2.738008000000000108e-03 7.222921249999999516e-01 -2.081740799999999905e-02 -6.783573299999999529e-02 3.888553999999999795e-03 9.974717499999999903e-01
1.702688176578627110e+09 1.573003499999999985e-02 -2.903488000000000076e-03 7.235747580000000401e-01 -2.263273500000000105e-02 -8.600085999999999842e-02 2.038479000000000159e-03 9.960358740000000433e-01
1.702688176872291803e+09 1.593669899999999862e-02 -3.037788999999999941e-03 7.247231010000000362e-01 -2.555468300000000165e-02 -1.007826480000000025e-01 -6.548700000000000506e-05 9.945802089999999929e-01
1.702688177162247181e+09 1.566938699999999990e-02 -3.109676999999999927e-03 7.250142099999999923e-01 -2.672651399999999983e-02 -1.026026379999999960e-01 -1.203920000000000034e-03 9.943625929999999613e-01
1.702688177494449854e+09 1.544964100000000007e-02 -3.317841000000000193e-03 7.253679039999999523e-01 -3.253149600000000002e-02 -9.994316799999999890e-02 -2.779961000000000064e-03 9.944573639999999548e-01
1.702688177827694893e+09 1.529175399999999942e-02 -3.420938000000000104e-03 7.258787159999999794e-01 -3.521576199999999768e-02 -1.044693960000000060e-01 -4.008432999999999614e-03 9.938963650000000039e-01
1.702688178164684772e+09 1.500141200000000043e-02 -3.469650999999999812e-03 7.263251539999999729e-01 -3.722930299999999831e-02 -1.092573700000000064e-01 -5.610854999999999662e-03 9.933001999999999665e-01
1.702688178576162100e+09 1.476537500000000072e-02 -3.440472999999999882e-03 7.270560860000000458e-01 -3.924556800000000151e-02 -1.212883960000000066e-01 -7.661379000000000279e-03 9.918115739999999736e-01
1.702688179075419426e+09 1.431877099999999924e-02 -3.561588999999999988e-03 7.275780440000000349e-01 -4.573910300000000317e-02 -1.389375330000000019e-01 -4.246803000000000383e-03 9.892352220000000251e-01
1.702688179450808048e+09 1.407375899999999992e-02 -3.710337000000000184e-03 7.280300259999999968e-01 -4.915558200000000322e-02 -1.524032650000000100e-01 -8.046075999999999229e-03 9.870624540000000335e-01
1.702688179742470026e+09 1.385287900000000023e-02 -3.787103999999999904e-03 7.283840780000000459e-01 -5.123667800000000078e-02 -1.631531420000000010e-01 -1.030054799999999965e-02 9.852156039999999670e-01
1.702688180075831652e+09 1.359805700000000020e-02 -3.747192999999999791e-03 7.288943530000000504e-01 -5.266749500000000167e-02 -1.766210789999999864e-01 -9.211798000000000208e-03 9.828256960000000264e-01
1.702688180330597162e+09 1.343586299999999928e-02 -3.786821000000000111e-03 7.291594740000000296e-01 -5.323359400000000213e-02 -1.867062449999999929e-01 -8.569524999999999712e-03 9.809350369999999542e-01
1.702688180659303188e+09 1.307747899999999949e-02 -3.720834000000000120e-03 7.295006510000000555e-01 -5.392617000000000244e-02 -1.968549940000000054e-01 -7.603902000000000057e-03 9.789189099999999755e-01
1.702688180990787029e+09 1.285031399999999983e-02 -3.696337999999999967e-03 7.300527100000000491e-01 -5.550643100000000191e-02 -2.167409359999999952e-01 -7.423090000000000244e-03 9.746216540000000039e-01
1.702688181286049604e+09 1.259889099999999922e-02 -3.655923000000000159e-03 7.304959300000000155e-01 -5.408643900000000004e-02 -2.325422020000000034e-01 -3.781792999999999873e-03 9.710738660000000078e-01
1.702688181620156527e+09 1.231106400000000003e-02 -3.638705999999999798e-03 7.308336500000000013e-01 -5.598838300000000268e-02 -2.471472919999999907e-01 -2.509495999999999949e-03 9.673557879999999942e-01
1.702688181950026751e+09 1.201454899999999937e-02 -3.553852000000000139e-03 7.313671109999999587e-01 -5.622133599999999676e-02 -2.646380070000000084e-01 -2.095937999999999881e-03 9.627053140000000342e-01
1.702688182366729975e+09 1.161137200000000001e-02 -3.498025000000000093e-03 7.319781779999999793e-01 -5.778566400000000047e-02 -2.863340970000000096e-01 -1.884657000000000086e-03 9.563838839999999619e-01
1.702688182738425970e+09 1.119099599999999993e-02 -3.441958000000000170e-03 7.324160339999999936e-01 -5.936010600000000276e-02 -3.066877419999999854e-01 -9.658029999999999957e-04 9.499568940000000516e-01
1.702688183073505640e+09 1.084445399999999990e-02 -3.390372000000000004e-03 7.328368429999999600e-01 -5.986089299999999835e-02 -3.274122480000000168e-01 5.438689999999999931e-04 9.429833890000000052e-01
1.702688183452444553e+09 1.039969900000000010e-02 -3.344794999999999800e-03 7.332751749999999458e-01 -6.056382899999999958e-02 -3.530625700000000200e-01 2.654721999999999985e-03 9.336336849999999909e-01
1.702688183780685425e+09 9.993300000000000100e-03 -3.308460000000000047e-03 7.336348299999999600e-01 -6.051606699999999978e-02 -3.773202600000000184e-01 4.283981000000000074e-03 9.240935439999999890e-01
1.702688184076856613e+09 9.645252999999999466e-03 -3.263848000000000183e-03 7.339136600000000232e-01 -6.131496300000000010e-02 -3.964187499999999864e-01 5.738949000000000134e-03 9.160020949999999607e-01
1.702688184278225183e+09 9.361625000000000155e-03 -3.256611999999999875e-03 7.341349120000000283e-01 -6.214061399999999680e-02 -4.140349030000000097e-01 5.576148999999999863e-03 9.081203340000000290e-01
1.702688184529604912e+09 9.045436999999999922e-03 -3.216947999999999856e-03 7.343493700000000013e-01 -6.157349799999999734e-02 -4.335359329999999844e-01 7.874298999999999535e-03 8.989956970000000380e-01
1.702688184779060841e+09 8.732378000000000709e-03 -3.175633000000000188e-03 7.345415349999999677e-01 -6.126056600000000241e-02 -4.551715849999999897e-01 1.029314400000000060e-02 8.882342579999999987e-01
1.702688185028965950e+09 8.447348999999999830e-03 -3.161530999999999977e-03 7.347182629999999826e-01 -6.041393800000000036e-02 -4.750998319999999997e-01 1.136599500000000026e-02 8.777819279999999891e-01
1.702688185363918543e+09 7.965385999999999647e-03 -3.123652000000000199e-03 7.349172830000000323e-01 -6.043612599999999974e-02 -5.012768509999999678e-01 1.384941800000000049e-02 8.630627389999999677e-01
1.702688185821190834e+09 7.308572999999999632e-03 -3.059651999999999945e-03 7.351665499999999742e-01 -6.118396699999999883e-02 -5.381589530000000510e-01 1.589405199999999879e-02 8.404693600000000542e-01
1.702688186155927181e+09 6.943076999999999756e-03 -3.069792000000000007e-03 7.352534530000000013e-01 -6.128810700000000139e-02 -5.580642820000000226e-01 1.609966300000000017e-02 8.273746370000000239e-01
1.702688186449345827e+09 6.657927999999999590e-03 -3.010865000000000156e-03 7.353084090000000517e-01 -5.896625300000000319e-02 -5.778803829999999975e-01 1.797126400000000068e-02 8.137901429999999658e-01
1.702688186654223442e+09 6.509662000000000261e-03 -2.990066999999999899e-03 7.353883390000000020e-01 -5.929034899999999914e-02 -5.876822470000000465e-01 1.902397499999999853e-02 8.066921830000000071e-01
1.702688186902578831e+09 6.361783000000000195e-03 -2.993565000000000115e-03 7.354235649999999458e-01 -5.808314700000000164e-02 -5.940229299999999490e-01 2.008302899999999877e-02 8.020971420000000407e-01
1.702688187195729494e+09 5.910605000000000199e-03 -2.943578999999999987e-03 7.355525490000000000e-01 -5.944030000000000147e-02 -5.866108540000000149e-01 1.892515599999999854e-02 8.074628710000000265e-01
1.702688187403635025e+09 5.563199999999999916e-03 -2.917100000000000162e-03 7.356626990000000310e-01 -5.957413100000000239e-02 -5.832102890000000484e-01 1.772827700000000062e-02 8.099397419999999626e-01
1.702688187656476021e+09 5.151987000000000233e-03 -2.898958000000000090e-03 7.357477550000000033e-01 -5.951166900000000315e-02 -5.886777640000000478e-01 1.737792200000000051e-02 8.059868810000000439e-01
1.702688188233272314e+09 4.234253999999999796e-03 -2.824862000000000033e-03 7.360561490000000484e-01 -5.958741199999999932e-02 -5.897617939999999503e-01 1.845485900000000054e-02 8.051644559999999728e-01
1.702688188527059317e+09 3.750980000000000113e-03 -2.774753000000000028e-03 7.361831070000000032e-01 -5.833962899999999702e-02 -5.866924519999999754e-01 1.908893700000000027e-02 8.074800970000000078e-01
1.702688188863511562e+09 3.217638000000000095e-03 -2.735674000000000005e-03 7.363821860000000497e-01 -5.897130099999999681e-02 -5.807131530000000375e-01 1.822628499999999832e-02 8.117650149999999787e-01
1.702688189151738405e+09 2.747774000000000136e-03 -2.706036000000000205e-03 7.365084290000000200e-01 -5.891838700000000262e-02 -5.958101150000000290e-01 1.987430600000000130e-02 8.007146720000000162e-01
1.702688189400793076e+09 2.349495999999999963e-03 -2.662919000000000137e-03 7.366178629999999838e-01 -5.752951700000000224e-02 -6.050979499999999955e-01 2.127303399999999969e-02 7.937848570000000104e-01
1.702688189734070778e+09 1.794875000000000029e-03 -2.625212000000000032e-03 7.367317679999999536e-01 -5.794667800000000146e-02 -6.051094529999999638e-01 1.867736700000000027e-02 7.938110830000000284e-01
1.702688190108117104e+09 1.169324000000000014e-03 -2.577316000000000069e-03 7.368751759999999651e-01 -5.837554100000000301e-02 -6.192657350000000394e-01 1.920763199999999879e-02 7.827727789999999741e-01
1.702688190399482727e+09 6.943350000000000260e-04 -2.556614999999999929e-03 7.369105219999999568e-01 -5.667445100000000069e-02 -6.294837589999999761e-01 2.073078999999999894e-02 7.746666669999999755e-01
1.702688190731891394e+09 1.603359999999999909e-04 -2.498258000000000163e-03 7.371621130000000077e-01 -5.618675399999999848e-02 -6.202086209999999600e-01 2.054835299999999837e-02 7.821522359999999452e-01
1.702688191152343512e+09 -5.370379999999999902e-04 -2.482808999999999884e-03 7.372697590000000245e-01 -5.841173599999999883e-02 -6.228451130000000058e-01 2.047548800000000002e-02 7.798928019999999961e-01
1.702688191688300610e+09 -1.407503999999999960e-03 -2.439674000000000183e-03 7.374736670000000549e-01 -5.660165799999999914e-02 -6.133115890000000459e-01 2.120558399999999954e-02 7.875249389999999794e-01
1.702688192151530743e+09 -2.152503000000000055e-03 -2.370666999999999913e-03 7.377095820000000304e-01 -5.619860799999999712e-02 -5.993335840000000303e-01 2.213086400000000009e-02 7.982175350000000336e-01
1.702688192480369568e+09 -2.678216000000000190e-03 -2.324656000000000031e-03 7.378985879999999664e-01 -5.741094399999999848e-02 -5.912021990000000393e-01 2.013671200000000105e-02 8.042253849999999593e-01
1.702688193020732164e+09 -3.550171999999999876e-03 -2.271946999999999856e-03 7.381936909999999852e-01 -6.147304900000000183e-02 -5.836005810000000071e-01 1.761362699999999976e-02 8.095191120000000407e-01
1.702688193482086897e+09 -4.287629999999999740e-03 -2.219516999999999844e-03 7.384103539999999910e-01 -5.965137899999999743e-02 -5.881588460000000129e-01 1.805522700000000008e-02 8.063405160000000071e-01
1.702688193897326946e+09 -4.932284000000000321e-03 -2.159837999999999862e-03 7.386788730000000136e-01 -5.786921099999999679e-02 -5.712063309999999561e-01 1.797081700000000004e-02 8.185667399999999594e-01
1.702688194355690956e+09 -5.656122999999999880e-03 -2.090822999999999900e-03 7.389564509999999586e-01 -5.753157999999999883e-02 -5.660669210000000007e-01 1.618752600000000069e-02 8.221900460000000077e-01
1.702688194644421816e+09 -6.104410000000000218e-03 -2.062856999999999972e-03 7.391407490000000413e-01 -5.792355200000000315e-02 -5.603377219999999825e-01 1.701675700000000041e-02 8.260611300000000323e-01
1.702688195027078867e+09 -6.683230000000000073e-03 -2.024245000000000037e-03 7.393571140000000375e-01 -5.937416499999999958e-02 -5.634264350000000032e-01 1.896911700000000062e-02 8.238115310000000413e-01
1.702688195272068024e+09 -7.082342999999999625e-03 -1.989335000000000062e-03 7.394906879999999516e-01 -5.816531199999999679e-02 -5.592845680000000375e-01 1.760803000000000021e-02 8.267451519999999832e-01
1.702688195560662031e+09 -7.532358000000000282e-03 -1.955765999999999841e-03 7.396873240000000349e-01 -5.760769899999999832e-02 -5.492996570000000522e-01 1.654526200000000155e-02 8.334731459999999981e-01
1.702688195854430914e+09 -7.969350000000000045e-03 -1.928578999999999927e-03 7.398653630000000536e-01 -5.717766700000000146e-02 -5.497263669999999935e-01 1.634252799999999853e-02 8.332254890000000414e-01
1.702688196271027088e+09 -8.654088000000000752e-03 -1.854409000000000005e-03 7.401621339999999716e-01 -5.860019500000000076e-02 -5.371467469999999800e-01 1.454817199999999984e-02 8.413249849999999697e-01
1.702688196684619188e+09 -9.225367999999999416e-03 -1.807007999999999922e-03 7.404730320000000310e-01 -5.724674500000000166e-02 -5.247337819999999819e-01 1.483747399999999980e-02 8.492097259999999981e-01
1.702688197143969774e+09 -9.931265999999999358e-03 -1.721796000000000047e-03 7.408715489999999626e-01 -5.850987900000000075e-02 -5.064584610000000264e-01 1.196701399999999978e-02 8.601937290000000180e-01
1.702688197603774071e+09 -1.057165900000000061e-02 -1.675129000000000028e-03 7.412600520000000026e-01 -6.022523700000000091e-02 -4.876779319999999807e-01 1.123384200000000083e-02 8.708713649999999529e-01
1.702688198068964243e+09 -1.119780499999999991e-02 -1.578161000000000017e-03 7.417275909999999639e-01 -5.974689100000000336e-02 -4.669948820000000000e-01 1.143918499999999928e-02 8.821651339999999619e-01
1.702688198564799547e+09 -1.186120499999999967e-02 -1.464980000000000058e-03 7.422474620000000245e-01 -5.910952800000000146e-02 -4.443053599999999825e-01 9.859872000000000428e-03 8.938688639999999852e-01
1.702688199020442486e+09 -1.239194000000000059e-02 -1.428662000000000031e-03 7.427359220000000484e-01 -5.897185199999999822e-02 -4.315543769999999890e-01 9.728204000000000712e-03 9.001047020000000343e-01
1.702688199558371782e+09 -1.304320999999999953e-02 -1.351317000000000100e-03 7.433528299999999644e-01 -5.924325400000000214e-02 -4.202318489999999906e-01 9.337797000000000111e-03 9.054326419999999542e-01
1.702688199852853298e+09 -1.341618600000000008e-02 -1.278887999999999943e-03 7.436649199999999515e-01 -5.667531900000000178e-02 -4.156806169999999745e-01 8.719904000000000543e-03 9.077011940000000445e-01
1.702688200140529394e+09 -1.379489899999999936e-02 -1.246927000000000105e-03 7.439100739999999767e-01 -5.664011499999999782e-02 -4.163433910000000071e-01 8.400466000000000530e-03 9.074026349999999574e-01
1.702688200353221655e+09 -1.403281099999999920e-02 -1.215975999999999906e-03 7.441778180000000464e-01 -5.826897899999999852e-02 -4.194974599999999887e-01 8.652207000000000300e-03 9.058431390000000194e-01
1.702688200598961830e+09 -1.437000899999999956e-02 -1.156942999999999904e-03 7.444152830000000387e-01 -5.877967600000000292e-02 -4.212057590000000129e-01 9.927870000000000097e-03 9.050039050000000529e-01
1.702688200807152271e+09 -1.463486299999999969e-02 -1.097775999999999960e-03 7.446174620000000077e-01 -5.684715900000000127e-02 -4.255483749999999787e-01 1.148977999999999978e-02 9.030752779999999813e-01
1.702688201022895813e+09 -1.489680999999999991e-02 -1.158593000000000079e-03 7.447803020000000052e-01 -6.013251800000000286e-02 -4.287050370000000110e-01 9.851116000000000039e-03 9.013872739999999606e-01
1.702688201226444244e+09 -1.517371799999999923e-02 -1.076794999999999966e-03 7.450377940000000310e-01 -5.924596599999999713e-02 -4.435744289999999923e-01 1.213718100000000036e-02 8.941947820000000213e-01
1.702688201432756662e+09 -1.544783999999999914e-02 -1.054058000000000078e-03 7.452009920000000065e-01 -6.012298499999999685e-02 -4.459078309999999767e-01 1.100383500000000001e-02 8.929895759999999516e-01
1.702688201679911375e+09 -1.577930199999999852e-02 -1.010389999999999899e-03 7.454476359999999691e-01 -6.036415299999999678e-02 -4.464253490000000268e-01 1.060368800000000000e-02 8.927195070000000232e-01
1.702688201974813700e+09 -1.617737099999999942e-02 -9.650480000000000343e-04 7.457365390000000316e-01 -6.092841200000000124e-02 -4.491146799999999883e-01 9.727863999999999262e-03 8.913412090000000232e-01
1.702688202388726711e+09 -1.673562799999999892e-02 -8.799710000000000084e-04 7.461737990000000265e-01 -6.125627799999999734e-02 -4.554776549999999813e-01 1.067906199999999958e-02 8.880730869999999832e-01
1.702688202639366865e+09 -1.707600100000000037e-02 -8.554180000000000421e-04 7.463352680000000516e-01 -6.045845899999999912e-02 -4.542690220000000223e-01 1.132800999999999947e-02 8.887385730000000317e-01
1.702688203012300730e+09 -1.750874499999999917e-02 -7.294040000000000116e-04 7.468535299999999877e-01 -5.907783300000000321e-02 -4.502750340000000184e-01 1.086737200000000014e-02 8.908670539999999916e-01
1.702688203348047972e+09 -1.796087600000000062e-02 -7.715909999999999653e-04 7.471088169999999806e-01 -6.098887699999999690e-02 -4.414081570000000232e-01 9.100934999999999234e-03 8.951851130000000323e-01
1.702688203765537977e+09 -1.838851000000000027e-02 -6.537420000000000167e-04 7.475819590000000181e-01 -5.828454699999999905e-02 -4.138842520000000080e-01 1.016921800000000070e-02 9.084048869999999942e-01
1.702688204010977030e+09 -1.869867700000000035e-02 -6.339229999999999952e-04 7.478598359999999445e-01 -5.870492000000000071e-02 -4.026081559999999948e-01 8.991926000000000779e-03 9.134438040000000258e-01
1.702688204221482992e+09 -1.894435300000000058e-02 -6.279140000000000329e-04 7.480984330000000071e-01 -5.905443400000000287e-02 -3.917315009999999820e-01 7.548748000000000090e-03 9.181514379999999864e-01
1.702688204556324959e+09 -1.931525799999999835e-02 -5.415249999999999491e-04 7.485052349999999910e-01 -5.858293199999999729e-02 -3.765364290000000058e-01 6.598121999999999668e-03 9.245241279999999451e-01
1.702688204806487322e+09 -1.957793500000000117e-02 -5.106719999999999923e-04 7.488185170000000168e-01 -5.961832000000000242e-02 -3.616523440000000145e-01 4.473676000000000215e-03 9.303941129999999671e-01
1.702688205057054520e+09 -1.985178900000000163e-02 -4.766249999999999979e-04 7.491099829999999793e-01 -5.959033999999999859e-02 -3.447217049999999894e-01 3.728397000000000048e-03 9.368042349999999852e-01
1.702688205360034704e+09 -2.009163099999999869e-02 -3.901120000000000217e-04 7.495136260000000439e-01 -5.858833699999999728e-02 -3.289427460000000081e-01 4.504059000000000361e-03 9.425199029999999922e-01
1.702688205635432482e+09 -2.035312400000000022e-02 -3.457670000000000253e-04 7.498801349999999477e-01 -5.996121100000000037e-02 -3.116635680000000019e-01 3.162110000000000094e-03 9.482934469999999560e-01
1.702688206013332129e+09 -2.064679599999999851e-02 -2.918449999999999950e-04 7.504165170000000051e-01 -5.980706200000000111e-02 -2.759211959999999797e-01 1.153940000000000000e-04 9.593178030000000245e-01
1.702688206347591877e+09 -2.086728100000000141e-02 -2.384180000000000067e-04 7.509015799999999574e-01 -5.854764600000000180e-02 -2.452546810000000022e-01 -1.316944999999999921e-03 9.676883219999999897e-01
1.702688206716457844e+09 -2.107296900000000042e-02 -1.516359999999999963e-04 7.514735460000000478e-01 -5.910252399999999656e-02 -2.101677809999999980e-01 -2.889090999999999881e-03 9.758729929999999664e-01
1.702688207091658831e+09 -2.123659099999999911e-02 -8.427399999999999984e-05 7.520539160000000445e-01 -5.916410700000000050e-02 -1.738684920000000134e-01 -5.850512999999999894e-03 9.829726220000000181e-01
1.702688207469698668e+09 -2.138326700000000094e-02 5.524999999999999618e-06 7.526545519999999767e-01 -5.888301900000000172e-02 -1.412809339999999969e-01 -8.060331000000000440e-03 9.881839749999999922e-01
1.702688208217501879e+09 -2.158637000000000056e-02 1.377390000000000038e-04 7.538722749999999806e-01 -5.794572099999999865e-02 -8.513317300000000643e-02 -1.070484799999999945e-02 9.946255680000000154e-01
1.702688208634181261e+09 -2.165392199999999906e-02 2.402129999999999988e-04 7.545353769999999516e-01 -5.737159800000000281e-02 -7.421598599999999768e-02 -1.196181500000000064e-02 9.955186839999999870e-01
1.702688209008103609e+09 -2.172582400000000122e-02 3.260739999999999819e-04 7.551495430000000342e-01 -5.914353199999999866e-02 -7.240001899999999602e-02 -9.031663000000000538e-03 9.955796000000000090e-01
1.702688209552491188e+09 -2.181008799999999831e-02 4.481110000000000063e-04 7.560309170000000245e-01 -6.446873399999999976e-02 -8.142165099999999767e-02 -5.458123999999999962e-03 9.945775869999999852e-01
1.702688209965744495e+09 -2.205634899999999940e-02 5.360350000000000271e-04 7.567164299999999955e-01 -6.323238500000000206e-02 -9.307604999999999351e-02 -1.607408899999999974e-02 9.935190680000000052e-01
1.702688210215263605e+09 -2.221518899999999977e-02 5.772159999999999704e-04 7.570995090000000038e-01 -6.193088399999999855e-02 -1.102204170000000011e-01 -1.892277599999999879e-02 9.917953609999999864e-01
1.702688210465261459e+09 -2.229225799999999882e-02 6.161050000000000380e-04 7.574480770000000529e-01 -5.660745500000000097e-02 -1.309075500000000114e-01 -1.642335799999999901e-02 9.896408920000000498e-01
1.702688210761063099e+09 -2.243213499999999888e-02 6.436039999999999860e-04 7.578206659999999761e-01 -4.756557899999999672e-02 -1.490506380000000131e-01 -1.099449499999999996e-02 9.876236919999999975e-01
1.702688211048176527e+09 -2.249185700000000052e-02 6.605919999999999934e-04 7.582313419999999748e-01 -4.412485700000000344e-02 -1.278695609999999927e-01 -9.058082999999999760e-03 9.907675390000000304e-01
1.702688211630906820e+09 -2.264214299999999999e-02 7.513290000000000159e-04 7.591573600000000033e-01 -5.517404900000000278e-02 -9.021713600000000333e-02 -1.537029600000000031e-02 9.942738410000000471e-01
1.702688212009487867e+09 -2.266684399999999849e-02 8.151589999999999791e-04 7.597042920000000032e-01 -4.964303999999999939e-02 -7.413905099999999748e-02 -1.578425599999999998e-02 9.958864450000000090e-01
1.702688212470498562e+09 -2.272497100000000006e-02 8.893809999999999607e-04 7.604521509999999651e-01 -5.093770799999999821e-02 -5.053899399999999681e-02 -1.562925999999999899e-02 9.972998499999999877e-01
1.702688212837169409e+09 -2.273140099999999830e-02 9.666330000000000538e-04 7.610847950000000361e-01 -5.406796600000000202e-02 -2.960525599999999993e-02 -1.752618699999999863e-02 9.979444149999999736e-01
1.702688213129238844e+09 -2.270934900000000020e-02 1.010597999999999922e-03 7.615591879999999980e-01 -5.631768300000000033e-02 -1.554324800000000083e-02 -1.900554800000000058e-02 9.981110100000000207e-01
1.702688213461039782e+09 -2.270590899999999981e-02 1.066908000000000092e-03 7.621037360000000316e-01 -5.754660799999999909e-02 2.919615999999999878e-03 -2.003115600000000135e-02 9.981375930000000452e-01
1.702688213836076260e+09 -2.267948499999999923e-02 1.177160999999999919e-03 7.627106310000000278e-01 -5.596292800000000206e-02 2.232822799999999858e-02 -1.997968199999999861e-02 9.979832170000000335e-01
1.702688214335704565e+09 -2.258808899999999870e-02 1.238767999999999900e-03 7.634950280000000200e-01 -5.696341399999999694e-02 5.033242699999999903e-02 -2.256139600000000092e-02 9.968514440000000310e-01
1.702688215003734827e+09 -2.241762699999999900e-02 1.328659999999999954e-03 7.644873260000000226e-01 -5.543229400000000001e-02 8.435573400000000166e-02 -2.449917999999999887e-02 9.945909379999999800e-01
1.702688215378481150e+09 -2.227923600000000087e-02 1.387985999999999907e-03 7.650545840000000375e-01 -5.483246199999999848e-02 8.950848899999999664e-02 -2.427797400000000078e-02 9.941791890000000187e-01
1.702688215835157871e+09 -2.219685199999999956e-02 1.463064999999999938e-03 7.657825950000000104e-01 -5.354994899999999947e-02 8.011247999999999980e-02 -2.429286799999999871e-02 9.950498939999999903e-01
1.702688216292660236e+09 -2.214948500000000001e-02 1.537535000000000030e-03 7.665018439999999877e-01 -5.435157599999999867e-02 5.632619600000000198e-02 -2.314278900000000042e-02 9.966632720000000445e-01
1.702688216710136890e+09 -2.210398800000000150e-02 1.620820000000000030e-03 7.671682829999999509e-01 -5.376201900000000117e-02 3.872463100000000241e-02 -2.178219899999999862e-02 9.975648520000000019e-01
1.702688217209284782e+09 -2.206747400000000012e-02 1.708658999999999959e-03 7.679465410000000380e-01 -5.507775399999999960e-02 3.106044399999999955e-02 -2.076070400000000135e-02 9.977828859999999800e-01
1.702688217669044018e+09 -2.200610399999999856e-02 1.789624999999999983e-03 7.686728840000000007e-01 -5.636106400000000238e-02 4.196408799999999661e-02 -2.154613799999999940e-02 9.972954389999999503e-01
1.702688218125150204e+09 -2.190742799999999962e-02 1.855754999999999948e-03 7.693668599999999858e-01 -5.442480699999999866e-02 4.755339399999999883e-02 -2.172012400000000037e-02 9.971483949999999652e-01
1.702688218631150961e+09 -2.184402900000000092e-02 1.962581000000000134e-03 7.701501849999999871e-01 -5.537524099999999866e-02 4.895767599999999858e-02 -2.167263599999999860e-02 9.970291260000000433e-01
1.702688219040821552e+09 -2.177722400000000127e-02 2.032308999999999938e-03 7.708028550000000090e-01 -5.540198799999999923e-02 5.368262199999999928e-02 -2.259139699999999917e-02 9.967640039999999813e-01
1.702688219501702309e+09 -2.172504899999999975e-02 2.107841000000000055e-03 7.715089320000000361e-01 -5.561797699999999900e-02 5.707089600000000290e-02 -2.251896399999999895e-02 9.965653420000000207e-01
1.702688219873607635e+09 -2.162051599999999935e-02 2.177328000000000076e-03 7.720755339999999523e-01 -5.336886999999999881e-02 6.971398700000000503e-02 -2.248376800000000120e-02 9.958846569999999510e-01
1.702688220288699150e+09 -2.153524000000000063e-02 2.244382000000000061e-03 7.727403640000000129e-01 -5.448298499999999767e-02 7.187714400000000392e-02 -2.334719899999999904e-02 9.956506489999999987e-01
1.702688220788373947e+09 -2.137581300000000045e-02 2.329003000000000063e-03 7.734931710000000349e-01 -5.429079400000000333e-02 8.519441599999999504e-02 -2.357381000000000060e-02 9.946048259999999974e-01
1.702688221375895500e+09 -2.114827199999999921e-02 2.422460999999999885e-03 7.743779419999999858e-01 -5.240792799999999946e-02 1.095864549999999993e-01 -2.441297099999999859e-02 9.922944310000000323e-01
1.702688221911617041e+09 -2.093844499999999997e-02 2.493717999999999803e-03 7.751939300000000310e-01 -5.210808699999999738e-02 1.279173339999999937e-01 -2.567580300000000051e-02 9.900821450000000246e-01
1.702688222456114769e+09 -2.069951600000000114e-02 2.583133999999999951e-03 7.760026450000000464e-01 -5.054221300000000250e-02 1.414197980000000132e-01 -2.628061400000000075e-02 9.883093240000000446e-01
1.702688222995658159e+09 -2.046654700000000160e-02 2.664895000000000024e-03 7.768040299999999787e-01 -5.038182100000000024e-02 1.389047499999999935e-01 -2.673107599999999945e-02 9.886620040000000387e-01
1.702688223499274969e+09 -2.025855299999999859e-02 2.736825000000000022e-03 7.775578499999999948e-01 -5.175296199999999958e-02 1.266627310000000006e-01 -2.544311399999999931e-02 9.902681110000000064e-01
1.702688223910227537e+09 -2.012257300000000124e-02 2.790673999999999932e-03 7.781960959999999483e-01 -5.135199099999999961e-02 1.151318850000000032e-01 -2.461472899999999839e-02 9.917165639999999671e-01
1.702688224409829617e+09 -2.000670699999999858e-02 2.856238000000000093e-03 7.788232560000000193e-01 -5.255847400000000086e-02 9.989401700000000162e-02 -2.305562200000000131e-02 9.933414459999999613e-01
1.702688224785209179e+09 -1.992847000000000021e-02 2.896325999999999849e-03 7.792276139999999574e-01 -5.180130499999999888e-02 1.041788909999999957e-01 -2.399925899999999848e-02 9.929186700000000032e-01
1.702688225118273020e+09 -1.978316199999999997e-02 2.952726000000000135e-03 7.797512410000000393e-01 -5.317295699999999986e-02 1.170909700000000025e-01 -2.544316599999999970e-02 9.913702610000000304e-01
1.702688225619565010e+09 -1.956899100000000086e-02 3.033081999999999879e-03 7.804850340000000219e-01 -5.222369400000000106e-02 1.326204239999999868e-01 -2.646709400000000004e-02 9.894362089999999554e-01
1.702688225994270802e+09 -1.939250500000000085e-02 3.090495999999999868e-03 7.810565830000000265e-01 -5.245621899999999838e-02 1.394596700000000078e-01 -2.667828499999999950e-02 9.884774090000000291e-01
1.702688226455904484e+09 -1.916133199999999967e-02 3.155353000000000064e-03 7.816892269999999865e-01 -5.262782800000000150e-02 1.560762519999999987e-01 -2.799313100000000096e-02 9.859446880000000135e-01
1.702688226990550518e+09 -1.886220599999999942e-02 3.232988999999999915e-03 7.824739219999999884e-01 -5.175362900000000238e-02 1.705067010000000105e-01 -2.787177999999999878e-02 9.836016300000000046e-01
1.702688227532587528e+09 -1.857322600000000171e-02 3.305801000000000139e-03 7.832397220000000271e-01 -5.133209400000000172e-02 1.793933960000000105e-01 -2.776439500000000074e-02 9.820448760000000110e-01
1.702688227951182604e+09 -1.833780900000000005e-02 3.369586999999999843e-03 7.838483450000000019e-01 -5.089770600000000089e-02 1.773290489999999886e-01 -2.763678300000000157e-02 9.824459549999999819e-01
1.702688228409794092e+09 -1.804500599999999885e-02 3.416067000000000062e-03 7.844865319999999587e-01 -5.086713699999999977e-02 1.872683910000000063e-01 -2.886981699999999901e-02 9.805659650000000394e-01
1.702688228988925934e+09 -1.766248000000000123e-02 3.489270999999999952e-03 7.852959630000000413e-01 -4.905494700000000152e-02 2.149641959999999963e-01 -3.006602499999999970e-02 9.749256370000000116e-01
1.702688229405889034e+09 -1.736398800000000034e-02 3.534723999999999939e-03 7.858775850000000451e-01 -4.700153700000000295e-02 2.311364710000000100e-01 -3.180324999999999819e-02 9.712648390000000465e-01
1.702688229782695532e+09 -1.710066199999999911e-02 3.558232000000000148e-03 7.863853570000000071e-01 -4.769397499999999956e-02 2.398900089999999874e-01 -3.137356000000000172e-02 9.691201449999999884e-01
1.702688230113241911e+09 -1.684577400000000086e-02 3.590887999999999979e-03 7.868303060000000348e-01 -4.598740099999999720e-02 2.475405340000000065e-01 -3.115293200000000123e-02 9.672840240000000200e-01
1.702688230451478958e+09 -1.657503100000000049e-02 3.627051999999999967e-03 7.872643470000000310e-01 -4.609238000000000224e-02 2.578241530000000004e-01 -3.218722300000000092e-02 9.645549060000000452e-01
1.702688230952373743e+09 -1.620775799999999919e-02 3.702243999999999934e-03 7.879779340000000465e-01 -4.952001600000000003e-02 2.446186840000000029e-01 -3.078157100000000063e-02 9.678646330000000297e-01
1.702688231488986969e+09 -1.588113600000000056e-02 3.763274999999999954e-03 7.887325290000000155e-01 -4.996056100000000055e-02 2.154567990000000044e-01 -3.001018600000000119e-02 9.747726319999999722e-01
1.702688232071572304e+09 -1.554595899999999982e-02 3.844746999999999922e-03 7.895778420000000297e-01 -5.222097400000000333e-02 1.847987170000000012e-01 -2.790207000000000104e-02 9.809913040000000084e-01
1.702688232739291906e+09 -1.526962999999999931e-02 3.959830000000000121e-03 7.906031610000000542e-01 -5.295266199999999757e-02 1.497796180000000033e-01 -2.500224100000000144e-02 9.869837759999999793e-01
1.702688233329391241e+09 -1.505101300000000024e-02 4.045276000000000427e-03 7.914694549999999884e-01 -5.386020600000000075e-02 1.239397230000000016e-01 -2.325844599999999859e-02 9.905539159999999788e-01
1.702688233903774738e+09 -1.488771499999999928e-02 4.124619000000000375e-03 7.923277020000000226e-01 -5.379851199999999972e-02 9.834081699999999704e-02 -2.092869400000000116e-02 9.934771060000000542e-01
1.702688234404014111e+09 -1.480110500000000016e-02 4.210323000000000190e-03 7.930961250000000407e-01 -5.562356899999999771e-02 8.420971800000000285e-02 -2.113395900000000077e-02 9.946698550000000472e-01
1.702688234903790236e+09 -1.468816700000000024e-02 4.283783000000000209e-03 7.938409450000000200e-01 -5.528314000000000145e-02 7.708811000000000135e-02 -2.086942500000000048e-02 9.952716830000000181e-01
1.702688235567886114e+09 -1.459431899999999969e-02 4.392110999999999758e-03 7.948625089999999949e-01 -5.692798999999999776e-02 6.356671499999999586e-02 -1.986372999999999958e-02 9.961546060000000535e-01
1.702688236193366051e+09 -1.449501899999999961e-02 4.502266999999999901e-03 7.957792879999999736e-01 -5.499989899999999793e-02 4.957370099999999780e-02 -1.986943600000000074e-02 9.970570210000000433e-01
1.702688236692832947e+09 -1.436657900000000085e-02 4.568919999999999752e-03 7.965193990000000168e-01 -5.633752399999999994e-02 5.706631799999999782e-02 -2.000602699999999914e-02 9.965788129999999523e-01
1.702688237193275928e+09 -1.425738200000000074e-02 4.659901000000000147e-03 7.972765560000000251e-01 -5.665029600000000276e-02 7.149147999999999614e-02 -2.239257100000000000e-02 9.955793619999999677e-01
1.702688237732280731e+09 -1.413233799999999950e-02 4.738102999999999586e-03 7.981110810000000555e-01 -5.829958200000000257e-02 9.284272000000000358e-02 -2.287980400000000011e-02 9.937091470000000148e-01
1.702688238189066410e+09 -1.390698400000000071e-02 4.822014000000000335e-03 7.987818719999999484e-01 -5.693842799999999926e-02 1.114303100000000046e-01 -2.397537799999999858e-02 9.918500780000000239e-01
1.702688238694409609e+09 -1.374625500000000063e-02 4.886121000000000214e-03 7.995111350000000394e-01 -5.621863500000000291e-02 1.095004829999999957e-01 -2.385309500000000124e-02 9.921089410000000219e-01
1.702688239148632288e+09 -1.358514499999999986e-02 4.965632000000000205e-03 8.002023099999999722e-01 -5.571366099999999766e-02 1.111011130000000013e-01 -2.387912000000000021e-02 9.919588569999999716e-01
1.702688239688847542e+09 -1.338796499999999993e-02 5.068032000000000092e-03 8.010267620000000033e-01 -5.542247399999999935e-02 1.156628799999999957e-01 -2.354536399999999918e-02 9.914615749999999839e-01
1.702688240271625996e+09 -1.318486500000000047e-02 5.130553999999999844e-03 8.018880489999999917e-01 -5.564397599999999777e-02 1.117598040000000043e-01 -2.396842799999999996e-02 9.918866160000000542e-01
1.702688240983106852e+09 -1.286152800000000054e-02 5.244107999999999929e-03 8.029255269999999722e-01 -5.448891599999999835e-02 1.134269980000000011e-01 -2.305792799999999837e-02 9.917830819999999825e-01
1.702688241603807926e+09 -1.274832499999999959e-02 5.329078000000000113e-03 8.038807510000000045e-01 -5.563923300000000322e-02 1.143181250000000065e-01 -2.376406299999999847e-02 9.916002149999999515e-01
1.702688242396767378e+09 -1.242040800000000084e-02 5.475637999999999686e-03 8.050446510000000000e-01 -5.574673799999999707e-02 1.193180529999999934e-01 -2.376640199999999897e-02 9.910048839999999748e-01
1.702688242939709902e+09 -1.213528000000000003e-02 5.562532999999999714e-03 8.058336969999999599e-01 -5.759921700000000117e-02 1.200943659999999941e-01 -2.372905999999999974e-02 9.908060429999999696e-01
1.702688243442031622e+09 -1.200209399999999961e-02 5.630081999999999795e-03 8.065751190000000070e-01 -5.774868699999999994e-02 1.223727990000000043e-01 -2.411671699999999932e-02 9.905091520000000038e-01
1.702688244060177803e+09 -1.181966400000000056e-02 5.718753000000000031e-03 8.074977399999999639e-01 -5.790441100000000285e-02 1.067052780000000006e-01 -2.268276899999999846e-02 9.923439619999999683e-01
1.702688244601843119e+09 -1.186140400000000074e-02 5.829883999999999587e-03 8.083533050000000220e-01 -5.733403900000000331e-02 9.755628600000000594e-02 -2.227627100000000027e-02 9.933274389999999787e-01
1.702688245146371365e+09 -1.163616399999999919e-02 5.892078000000000246e-03 8.091354969999999813e-01 -5.617442000000000268e-02 9.166255600000000614e-02 -2.144928800000000038e-02 9.939730169999999587e-01
1.702688245516830683e+09 -1.153437199999999933e-02 5.987000999999999608e-03 8.096794489999999955e-01 -5.327515699999999660e-02 8.867448599999999681e-02 -2.003285700000000114e-02 9.944331650000000078e-01
1.702688246017523050e+09 -1.144929299999999928e-02 6.018466000000000093e-03 8.100312950000000400e-01 -5.493366000000000221e-02 9.168343199999999527e-02 -2.016771800000000114e-02 9.940672520000000123e-01
1.702688246976751804e+09 -1.145064299999999993e-02 6.017872999999999972e-03 8.100305199999999761e-01 -5.531205200000000044e-02 9.267361500000000085e-02 -2.038173000000000068e-02 9.939501290000000155e-01
