1.702688123750164747e+09 0.000000000000000000e+00 0.000000000000000000e+00 0.000000000000000000e+00 -0.000000000000000000e+00 -0.000000000000000000e+00 -0.000000000000000000e+00 1.000000000000000000e+00
1.702688124081733227e+09 1.137000000000000083e-06 4.933999999999999686e-06 1.024520000000000010e-04 -2.056790000000000072e-04 5.523750000000000231e-04 1.912609999999999972e-04 9.999998209999999554e-01
1.702688124330904007e+09 -9.670000000000000166e-07 4.220999999999999905e-06 1.780720000000000122e-04 3.194079999999999749e-04 4.440129999999999923e-04 -9.541929999999999900e-04 9.999994039999999806e-01
1.702688124788979530e+09 -1.787399999999999861e-05 5.181999999999999683e-06 3.127469999999999925e-04 -5.291420000000000238e-04 -1.814389999999999926e-03 -5.072660000000000320e-04 9.999980929999999768e-01
1.702688125043920755e+09 -2.627800000000000150e-05 5.208999999999999594e-06 3.869589999999999792e-04 -9.887599999999999861e-04 -1.508915999999999903e-03 -6.308779999999999727e-04 9.999982120000000529e-01
1.702688125164490223e+09 -2.908599999999999901e-05 5.834000000000000386e-06 4.237420000000000097e-04 -7.105769999999999968e-04 -2.368120000000000034e-03 -1.466609999999999973e-04 9.999969600000000458e-01
1.702688125330907583e+09 -2.719700000000000066e-05 2.860000000000000146e-06 4.732520000000000151e-04 -9.902699999999999903e-05 -1.242681000000000037e-03 1.940319999999999881e-04 9.999992250000000471e-01
1.702688125956700087e+09 -1.586500000000000142e-05 1.239999999999999986e-06 6.590510000000000162e-04 -1.181090999999999998e-03 -7.507679999999999649e-04 3.391169999999999992e-04 9.999989870000000058e-01
1.702688126330384970e+09 -2.866099999999999884e-05 -1.441999999999999916e-06 7.685559999999999918e-04 -1.444191000000000051e-03 -7.430209999999999593e-04 -1.212749999999999934e-04 9.999986889999999962e-01
1.702688126411633730e+09 -2.721299999999999848e-05 -8.999999999999999857e-08 7.944690000000000129e-04 -1.955215000000000165e-03 -8.912710000000000120e-04 3.968870000000000102e-04 9.999976160000000336e-01
1.702688126581273794e+09 -2.349999999999999862e-05 -1.379000000000000053e-06 8.423849999999999654e-04 -1.254777000000000106e-03 -5.057160000000000214e-04 4.622739999999999857e-04 9.999989870000000058e-01
1.702688126662819862e+09 -2.140600000000000139e-05 -2.268999999999999790e-06 8.636069999999999598e-04 -9.812079999999999066e-04 1.108086000000000097e-03 6.135620000000000050e-04 9.999987479999999929e-01
1.702688126831448555e+09 -2.537899999999999876e-05 -7.182000000000000016e-06 9.125199999999999978e-04 -9.377000000000000176e-06 6.882700000000000493e-04 1.002267000000000045e-03 9.999992850000000155e-01
1.702688126913067341e+09 -2.609599999999999884e-05 -6.265999999999999808e-06 9.376360000000000467e-04 5.094789999999999649e-04 5.291820000000000031e-04 1.435508000000000053e-03 9.999986889999999962e-01
1.702688126996325493e+09 -2.554800000000000002e-05 -8.573999999999999563e-06 9.566919999999999808e-04 5.308150000000000195e-04 7.238509999999999649e-04 9.878459999999999065e-04 9.999991059999999710e-01
1.702688127703329802e+09 -7.849800000000000636e-05 -1.566700000000000094e-05 1.159662000000000106e-03 -2.044489999999999936e-04 -2.408483999999999799e-03 2.645440000000000205e-04 9.999970790000000109e-01
1.702688128079717398e+09 -9.659699999999999689e-05 -1.703999999999999948e-05 1.266537000000000088e-03 -1.144769999999999951e-04 -3.582941999999999984e-03 -4.022850000000000015e-04 9.999935030000000058e-01
1.702688128496362686e+09 -9.788600000000000436e-05 -1.898499999999999865e-05 1.378036999999999925e-03 6.763999999999999613e-04 -3.054879999999999835e-03 -9.098459999999999621e-04 9.999946950000000445e-01
1.702688128661288977e+09 -1.234929999999999915e-04 -1.890700000000000041e-05 1.427628999999999921e-03 -6.327530000000000047e-04 -4.819809999999999893e-03 -1.139077000000000058e-03 9.999875430000000343e-01
1.702688128952136517e+09 -1.449579999999999901e-04 -1.841999999999999982e-05 1.506062999999999976e-03 6.450310000000000115e-04 -6.428815000000000050e-03 -1.349317000000000051e-03 9.999782440000000161e-01
1.702688129284078836e+09 -1.346040000000000008e-04 -2.142199999999999920e-05 1.598872000000000097e-03 1.397568000000000074e-03 -5.280260000000000162e-03 -1.012094999999999965e-03 9.999845619999999657e-01
1.702688129575747728e+09 -1.266139999999999909e-04 -2.242199999999999979e-05 1.681327999999999946e-03 1.875170000000000005e-03 -3.362392999999999979e-03 -6.959040000000000104e-04 9.999923710000000465e-01
1.702688129744809628e+09 -1.313160000000000011e-04 -2.189400000000000078e-05 1.729934000000000029e-03 3.929270000000000007e-04 -4.325001999999999666e-03 3.506110000000000216e-04 9.999905230000000200e-01
1.702688129952396631e+09 -1.376159999999999916e-04 -2.060400000000000127e-05 1.786583999999999915e-03 1.586579999999999978e-04 -4.631757999999999709e-03 9.937159999999999570e-04 9.999887939999999587e-01
1.702688130120097399e+09 -1.398639999999999877e-04 -1.716799999999999894e-05 1.835763999999999929e-03 -7.929910000000000517e-04 -7.592739999999999732e-03 1.030684999999999935e-03 9.999703760000000496e-01
1.702688130283443451e+09 -1.423300000000000010e-04 -1.518599999999999995e-05 1.881340000000000009e-03 -1.285429000000000042e-03 -5.042450000000000404e-03 4.975720000000000533e-04 9.999863509999999955e-01
1.702688130494930983e+09 -1.355299999999999983e-04 -1.221299999999999979e-05 1.939750000000000068e-03 -1.219278999999999979e-03 -2.664072999999999875e-03 9.704209999999999572e-04 9.999952319999999562e-01
1.702688130699886084e+09 -1.292859999999999951e-04 -8.977999999999999422e-06 1.999275000000000010e-03 -1.683835000000000063e-03 -1.234747999999999922e-03 6.541329999999999931e-04 9.999976160000000336e-01
1.702688130912532806e+09 -1.263210000000000125e-04 -7.757999999999999244e-06 2.058018999999999907e-03 -2.793060999999999894e-03 -1.979419999999999964e-04 8.277329999999999844e-04 9.999957680000000071e-01
1.702688131116016388e+09 -1.230349999999999901e-04 -7.488000000000000135e-06 2.112872999999999921e-03 -2.468137999999999929e-03 4.392814000000000094e-03 6.953989999999999738e-04 9.999870659999999800e-01
1.702688131282977104e+09 -1.295099999999999984e-04 -7.600999999999999731e-06 2.158293999999999838e-03 -1.917800000000000104e-03 1.063353799999999967e-02 -1.554740000000000093e-04 9.999416469999999890e-01
1.702688131493935823e+09 -1.192239999999999956e-04 -9.378000000000000675e-06 2.215649000000000091e-03 -1.835601999999999980e-03 1.237725699999999915e-02 1.734189999999999874e-04 9.999217390000000316e-01
1.702688131703373194e+09 -1.165590000000000067e-04 -8.739000000000000525e-06 2.273650999999999797e-03 -1.854677000000000105e-03 1.561111999999999916e-02 1.915560000000000071e-04 9.998764399999999775e-01
1.702688132158730507e+09 -9.749399999999999863e-05 -5.355000000000000398e-06 2.390456999999999912e-03 -9.218800000000000302e-04 2.252990900000000074e-02 -4.381690000000000259e-04 9.997456670000000045e-01
1.702688132376459122e+09 -9.826499999999999515e-05 -8.257999999999999539e-06 2.447200999999999977e-03 -1.140710000000000075e-03 2.325825600000000146e-02 -3.879549999999999947e-04 9.997287990000000013e-01
1.702688132615769625e+09 -1.019720000000000056e-04 -8.324000000000000263e-06 2.513215000000000067e-03 -9.922950000000000260e-04 2.543996800000000030e-02 -1.166778000000000043e-03 9.996752140000000342e-01
1.702688132827863693e+09 -1.011120000000000036e-04 -7.425000000000000061e-06 2.568781000000000016e-03 -1.023922000000000027e-03 2.559591500000000033e-02 -1.125502000000000013e-03 9.996712210000000542e-01
1.702688133074693680e+09 -9.742399999999999422e-05 -6.243999999999999849e-06 2.633780000000000062e-03 -7.296330000000000393e-04 2.716985300000000075e-02 -2.108758999999999981e-03 9.996283649999999632e-01
1.702688133329488754e+09 -1.010419999999999992e-04 -4.752000000000000412e-06 2.697371999999999964e-03 -1.470163999999999933e-03 2.743299700000000063e-02 -2.981085999999999979e-03 9.996181729999999988e-01
1.702688133573606968e+09 -9.629100000000000354e-05 -3.341999999999999936e-06 2.767902000000000036e-03 -2.235271999999999953e-03 2.444375500000000104e-02 -3.560860999999999801e-03 9.996923800000000471e-01
1.702688133868902445e+09 -9.308400000000000528e-05 -1.901000000000000095e-06 2.846846000000000099e-03 -2.860384000000000104e-03 2.576421900000000140e-02 -4.206747999999999738e-03 9.996551280000000039e-01
1.702688134154682398e+09 -9.010300000000000112e-05 -2.992999999999999974e-06 2.920212000000000155e-03 -2.525973999999999841e-03 2.824422299999999886e-02 -5.018986999999999928e-03 9.995852710000000529e-01
1.702688134406528234e+09 -8.147399999999999955e-05 -2.359999999999999851e-06 2.987376999999999828e-03 -1.332602999999999913e-03 2.823079699999999845e-02 -3.255557999999999976e-03 9.995952249999999761e-01
1.702688134662463188e+09 -7.856799999999999722e-05 -2.590999999999999841e-06 3.053485999999999787e-03 -2.556093000000000167e-03 2.772686400000000037e-02 -3.974367000000000351e-03 9.996043439999999780e-01
1.702688134948156834e+09 -8.053999999999999799e-05 -7.059999999999999956e-07 3.130330000000000178e-03 -2.958163000000000199e-03 2.932763500000000120e-02 -3.901367000000000203e-03 9.995579119999999929e-01
1.702688135245584965e+09 -7.042699999999999503e-05 -4.483000000000000107e-06 3.206600999999999896e-03 -2.233042000000000186e-03 2.985555700000000132e-02 -4.074422000000000287e-03 9.995434880000000355e-01
1.702688135490847349e+09 -6.816800000000000192e-05 -4.949000000000000389e-06 3.266747999999999874e-03 -1.569396000000000029e-03 2.957218099999999947e-02 -3.614173000000000038e-03 9.995549320000000071e-01
1.702688135740039825e+09 -7.600799999999999462e-05 -3.127999999999999952e-06 3.339430999999999910e-03 -2.048050999999999951e-03 2.936544500000000044e-02 -4.207284000000000371e-03 9.995578529999999962e-01
1.702688135948053598e+09 -5.751399999999999856e-05 -2.612000000000000149e-06 3.386782000000000074e-03 -3.064649000000000019e-03 2.695697700000000002e-02 -3.594709000000000185e-03 9.996254439999999741e-01
1.702688136113586426e+09 -6.266300000000000635e-05 -2.151999999999999894e-06 3.437037999999999899e-03 -3.196412999999999945e-03 3.114657300000000031e-02 -4.032220000000000422e-03 9.995015860000000529e-01
1.702688136277602911e+09 -5.014599999999999727e-05 -2.919999999999999995e-06 3.478265999999999823e-03 -3.056812999999999805e-03 3.200623799999999936e-02 -4.820500999999999606e-03 9.994713659999999722e-01
1.702688136446591854e+09 -5.701500000000000215e-05 -3.690999999999999898e-06 3.521105999999999975e-03 -2.428880999999999922e-03 3.211367100000000335e-02 -5.223237999999999839e-03 9.994676110000000335e-01
1.702688136779149294e+09 -4.135600000000000181e-05 -2.692999999999999881e-06 3.601430999999999990e-03 -1.542296999999999982e-03 2.866829699999999884e-02 -4.411718999999999710e-03 9.995780589999999632e-01
1.702688136946995258e+09 -3.847699999999999769e-05 -2.806999999999999976e-06 3.645534000000000188e-03 -1.611631999999999995e-03 3.045743700000000040e-02 -4.577305000000000262e-03 9.995242949999999515e-01
1.702688137112512827e+09 -3.721999999999999940e-05 -9.599999999999999142e-07 3.685055000000000015e-03 1.233099999999999934e-05 2.944814800000000038e-02 -4.814724000000000260e-03 9.995547529999999625e-01
1.702688137278528214e+09 -3.704999999999999933e-05 -3.992000000000000065e-06 3.726634999999999844e-03 -1.049945000000000045e-03 2.498479600000000009e-02 -4.262384000000000138e-03 9.996781949999999917e-01
1.702688137445410967e+09 -3.073700000000000065e-05 -4.604000000000000304e-06 3.763742000000000042e-03 -1.948183999999999940e-03 2.379803700000000105e-02 -3.346036000000000149e-03 9.997093080000000187e-01
1.702688137614457846e+09 -3.309800000000000058e-05 -4.346000000000000403e-06 3.806309999999999815e-03 -2.172616000000000044e-03 2.419315699999999986e-02 -3.038231000000000178e-03 9.997003079999999819e-01
1.702688137776322603e+09 -3.113000000000000180e-05 -2.958999999999999960e-06 3.845180000000000126e-03 -2.515046999999999856e-03 2.443564499999999889e-02 -3.606242999999999862e-03 9.996917250000000310e-01
1.702688138070867062e+09 -2.586200000000000074e-05 -4.045999999999999887e-06 3.914153000000000077e-03 -1.841044999999999921e-03 2.459978100000000112e-02 -3.394147000000000136e-03 9.996899369999999729e-01
1.702688138237447023e+09 -2.535200000000000054e-05 -4.646999999999999723e-06 3.954812000000000258e-03 -2.290598999999999934e-03 2.359773199999999974e-02 -2.787763999999999867e-03 9.997150900000000284e-01
1.702688138403427362e+09 -2.552099999999999841e-05 -3.282000000000000087e-06 3.995262000000000292e-03 -2.500200000000000165e-03 2.224928500000000059e-02 -2.384419999999999942e-03 9.997465009999999541e-01
1.702688138569628239e+09 -2.625699999999999950e-05 -3.900999999999999581e-06 4.032161000000000252e-03 -2.599928999999999955e-03 1.987468499999999957e-02 -2.536181000000000199e-03 9.997959140000000078e-01
1.702688138744244337e+09 -2.554100000000000161e-05 -4.497000000000000312e-06 4.069195000000000277e-03 -1.650685999999999950e-03 1.850969900000000098e-02 -2.755178000000000054e-03 9.998235109999999981e-01
1.702688138903549671e+09 -1.669000000000000114e-05 -2.203999999999999989e-06 4.106430999999999797e-03 -9.968250000000000114e-04 2.677043200000000026e-02 -1.842026999999999987e-03 9.996394520000000394e-01
1.702688139069547892e+09 -1.589400000000000063e-05 -2.250000000000000057e-06 4.144924999999999825e-03 3.114880000000000101e-04 3.833635199999999715e-02 -2.324021999999999807e-03 9.992621539999999580e-01
1.702688139238245964e+09 -7.237999999999999988e-06 -3.597000000000000035e-06 4.180605999999999906e-03 4.123300000000000316e-05 4.548957900000000221e-02 -3.194231999999999974e-03 9.989597199999999955e-01
1.702688139400694847e+09 -5.066000000000000285e-06 -3.768999999999999828e-06 4.219284999999999702e-03 6.425699999999999685e-04 5.492921199999999810e-02 -3.862283000000000209e-03 9.984825849999999781e-01
1.702688139573784351e+09 5.500000000000000281e-08 -6.809000000000000368e-06 4.256715000000000325e-03 -2.001700000000000164e-05 6.349516700000000513e-02 -4.776708000000000169e-03 9.979706999999999883e-01
1.702688139737055063e+09 1.650999999999999948e-06 -6.562999999999999674e-06 4.294967999999999703e-03 1.054084000000000054e-03 7.052871600000000518e-02 -5.237155999999999756e-03 9.974954719999999941e-01
1.702688139900894403e+09 6.788000000000000061e-06 -3.885000000000000073e-06 4.336447999999999692e-03 1.022160000000000039e-03 7.818213899999999772e-02 -3.579408999999999976e-03 9.969321490000000452e-01
1.702688140069348097e+09 1.578000000000000138e-05 -5.818000000000000031e-06 4.371807000000000124e-03 1.295109999999999924e-03 8.533707299999999940e-02 -3.839182000000000011e-03 9.963439109999999710e-01
1.702688140400588751e+09 3.326800000000000064e-05 -6.785999999999999911e-06 4.453246000000000114e-03 2.148312999999999785e-03 1.011434499999999959e-01 -3.920812000000000082e-03 9.948618409999999690e-01
1.702688140525100470e+09 4.397900000000000024e-05 -4.994999999999999610e-06 4.479786999999999832e-03 1.683896000000000047e-03 1.051807700000000068e-01 -3.715275999999999995e-03 9.944447880000000239e-01
1.702688141233258009e+09 8.739000000000000186e-05 -2.861999999999999873e-06 4.639118999999999708e-03 1.193840999999999956e-03 1.278768329999999953e-01 -7.814599999999999888e-04 9.917890430000000368e-01
1.702688141358977079e+09 8.836600000000000065e-05 -3.007000000000000178e-06 4.657396999999999752e-03 1.181570000000000059e-03 1.273732190000000097e-01 -4.999530000000000293e-04 9.918540120000000071e-01
1.702688142775388718e+09 1.652489999999999894e-04 -4.453000000000000395e-06 4.998754999999999692e-03 2.396056000000000141e-03 1.180368069999999936e-01 -1.610354000000000039e-03 9.930050369999999793e-01
1.702688142981350422e+09 1.770379999999999946e-04 -5.764999999999999861e-06 5.047433999999999948e-03 1.654141000000000031e-03 1.167998610000000048e-01 -1.209737000000000008e-03 9.931533930000000510e-01
1.702688143153281450e+09 1.900700000000000013e-04 -4.133000000000000070e-06 5.086817000000000422e-03 1.478806000000000044e-03 1.161067779999999938e-01 -2.018373999999999863e-03 9.932336210000000110e-01
1.702688144230925322e+09 2.406529999999999878e-04 -1.217000000000000037e-05 5.336786999999999954e-03 6.180509999999999953e-04 1.117706220000000000e-01 -1.991365000000000149e-03 9.937318560000000245e-01
1.702688144479971409e+09 2.551279999999999737e-04 -1.273599999999999969e-05 5.394371999999999709e-03 2.039825999999999792e-03 1.115726610000000035e-01 -2.220731000000000094e-03 9.937517049999999852e-01
1.702688145066237450e+09 2.881529999999999769e-04 -1.420900000000000067e-05 5.529499000000000219e-03 1.245739000000000048e-03 1.207814069999999934e-01 -2.073456999999999904e-03 9.926761979999999541e-01
1.702688145271987200e+09 3.041359999999999897e-04 -1.475099999999999988e-05 5.580136999999999771e-03 6.916049999999999759e-04 1.207443549999999977e-01 -1.628778999999999904e-03 9.926820990000000400e-01
1.702688145438950539e+09 3.123099999999999965e-04 -1.258100000000000033e-05 5.618403000000000112e-03 7.204260000000000308e-04 1.206027120000000008e-01 -2.737811000000000151e-03 9.926968219999999787e-01
1.702688145648256063e+09 3.229470000000000235e-04 -1.255000000000000012e-05 5.666380000000000375e-03 2.501800000000000204e-04 1.194674669999999939e-01 -2.074911000000000030e-03 9.928359390000000007e-01
1.702688146146174431e+09 3.454889999999999849e-04 -1.329299999999999961e-05 5.779428999999999990e-03 1.828376000000000046e-03 9.923171299999999917e-02 -1.359299000000000011e-03 9.950617550000000477e-01
1.702688146354391813e+09 3.600319999999999844e-04 -1.252099999999999921e-05 5.828838999999999722e-03 2.905572999999999836e-03 9.135466100000000367e-02 -2.195059999999999980e-03 9.958118200000000142e-01
1.702688146603670359e+09 3.744570000000000233e-04 -1.154100000000000012e-05 5.890481000000000363e-03 1.019974000000000098e-03 8.093069499999999694e-02 -3.370574999999999787e-03 9.967135190000000478e-01
1.702688146854691982e+09 3.805510000000000229e-04 -7.638999999999999198e-06 5.950121000000000056e-03 -3.798669999999999868e-04 6.868299799999999511e-02 -4.091405999999999689e-03 9.976301189999999819e-01
1.702688147147459984e+09 3.889119999999999925e-04 -9.044000000000000146e-06 6.016964999999999987e-03 -2.939230000000000250e-04 7.568556099999999842e-02 -3.569744000000000129e-03 9.971253279999999775e-01
1.702688147448098421e+09 4.010050000000000138e-04 -1.160499999999999985e-05 6.083558999999999668e-03 1.035578000000000106e-03 8.512239900000000137e-02 -2.937705000000000091e-03 9.963656069999999865e-01
1.702688147727670670e+09 4.110750000000000038e-04 -1.262800000000000005e-05 6.155225999999999753e-03 5.114170000000000131e-04 9.068259600000000420e-02 -2.877475999999999905e-03 9.958755969999999458e-01
1.702688148023318291e+09 4.289550000000000155e-04 -1.022400000000000071e-05 6.225782000000000017e-03 -5.670630000000000288e-04 8.827920999999999685e-02 -3.925444000000000155e-03 9.960878490000000252e-01
1.702688148271825552e+09 4.380270000000000127e-04 -1.203400000000000032e-05 6.280710999999999586e-03 -2.277369999999999915e-04 8.828739100000000672e-02 -3.571079000000000007e-03 9.960886239999999781e-01
1.702688148560154676e+09 4.453939999999999982e-04 -1.142799999999999968e-05 6.349261999999999614e-03 3.934009999999999829e-04 8.942614499999999855e-02 -4.262041000000000267e-03 9.959842559999999567e-01
1.702688149310498476e+09 4.853659999999999876e-04 -1.429199999999999970e-05 6.527350000000000339e-03 1.205485999999999971e-03 9.052839099999999972e-02 -3.761688000000000011e-03 9.958860280000000342e-01
1.702688149600508213e+09 4.968260000000000167e-04 -1.302799999999999961e-05 6.597045000000000166e-03 1.895874000000000083e-03 8.873778599999999905e-02 -4.765987999999999648e-03 9.960418340000000148e-01
1.702688149892779350e+09 5.079050000000000101e-04 -1.473699999999999968e-05 6.663536999999999759e-03 1.637626000000000099e-03 9.018031499999999701e-02 -4.420091999999999598e-03 9.959142800000000406e-01
1.702688150182535410e+09 5.216440000000000356e-04 -1.419599999999999927e-05 6.732972000000000262e-03 2.934634000000000201e-03 9.311251299999999398e-02 -2.768930000000000176e-03 9.956474299999999999e-01
1.702688150433784485e+09 5.356570000000000385e-04 -1.834699999999999900e-05 6.791499000000000320e-03 2.567302000000000039e-03 9.479358799999999807e-02 -2.575898999999999984e-03 9.954903130000000155e-01
1.702688150726150513e+09 5.510909999999999724e-04 -1.931899999999999918e-05 6.861556000000000426e-03 2.805653999999999874e-03 9.844275600000000626e-02 -1.936844999999999973e-03 9.951368569999999858e-01
1.702688151266825676e+09 5.809740000000000520e-04 -1.493799999999999996e-05 6.993603000000000146e-03 1.539666000000000081e-03 1.013702820000000060e-01 -4.009598999999999976e-03 9.948394889999999657e-01
1.702688151558432579e+09 5.940830000000000242e-04 -1.651200000000000047e-05 7.063985000000000056e-03 1.875849999999999870e-04 1.034799140000000062e-01 -4.038950999999999826e-03 9.946233629999999826e-01
1.702688151848629236e+09 6.071689999999999596e-04 -1.379800000000000071e-05 7.131662000000000418e-03 3.645999999999999990e-05 1.048367620000000000e-01 -5.099140000000000270e-03 9.944763779999999942e-01
1.702688152101733923e+09 6.172480000000000371e-04 -1.515700000000000074e-05 7.189855000000000204e-03 1.147348999999999982e-03 1.061503959999999941e-01 -5.160956000000000397e-03 9.943360690000000446e-01
1.702688152391704798e+09 6.342360000000000445e-04 -1.825899999999999916e-05 7.257058000000000259e-03 1.634210000000000090e-03 1.066757289999999969e-01 -5.385487999999999907e-03 9.942779539999999638e-01
1.702688152640086412e+09 6.516539999999999919e-04 -1.733799999999999900e-05 7.318462999999999878e-03 3.534699999999999886e-05 1.114164740000000015e-01 -4.930007000000000139e-03 9.937615990000000510e-01
1.702688152931230068e+09 6.685929999999999868e-04 -1.592500000000000084e-05 7.385021999999999767e-03 -2.292560000000000019e-04 1.229531469999999987e-01 -4.602539000000000109e-03 9.924017790000000394e-01
1.702688153143636227e+09 6.820640000000000210e-04 -1.779099999999999958e-05 7.432143000000000430e-03 1.831349999999999872e-04 1.290051640000000055e-01 -4.445689000000000064e-03 9.916339520000000407e-01
1.702688153430705547e+09 7.016900000000000394e-04 -1.833799999999999959e-05 7.498074000000000405e-03 1.191287999999999982e-03 1.378383639999999910e-01 -4.767786999999999893e-03 9.904425740000000200e-01
1.702688153723464727e+09 7.212810000000000488e-04 -1.851600000000000026e-05 7.565421000000000125e-03 1.152835999999999965e-03 1.382272690000000137e-01 -4.677937000000000067e-03 9.903888699999999767e-01
1.702688154056604624e+09 7.419320000000000515e-04 -1.771600000000000114e-05 7.640865999999999630e-03 8.743989999999999879e-04 1.376050259999999914e-01 -6.481950999999999685e-03 9.904655810000000393e-01
1.702688154347428083e+09 7.604260000000000273e-04 -1.825200000000000075e-05 7.706237000000000330e-03 2.303169999999999783e-03 1.336561589999999966e-01 -6.442970999999999594e-03 9.910041689999999903e-01
1.702688154680392981e+09 7.772950000000000042e-04 -1.791099999999999843e-05 7.782070000000000307e-03 3.568305999999999822e-03 1.252148600000000112e-01 -7.160212000000000000e-03 9.920973779999999742e-01
1.702688154973164558e+09 7.905069999999999718e-04 -1.586900000000000002e-05 7.851139999999999508e-03 4.212724999999999630e-03 1.152145940000000035e-01 -7.605223999999999838e-03 9.933025840000000439e-01
1.702688155225627184e+09 8.043230000000000171e-04 -1.606700000000000050e-05 7.908200000000000646e-03 2.774144000000000089e-03 1.096464469999999941e-01 -7.350876000000000111e-03 9.939396379999999587e-01
1.702688155554292440e+09 8.136730000000000004e-04 -1.101200000000000062e-05 7.984965000000000118e-03 1.213553000000000028e-03 1.013144029999999973e-01 -9.496048999999999463e-03 9.948083760000000497e-01
1.702688155844531775e+09 8.247719999999999834e-04 -1.478799999999999970e-05 8.049482000000000165e-03 7.455699999999999784e-05 8.706187499999999690e-02 -7.472183999999999771e-03 9.961749319999999575e-01
1.702688156224392176e+09 8.358060000000000272e-04 -1.454900000000000080e-05 8.125049999999999981e-03 -1.902779999999999966e-04 7.391602499999999631e-02 -7.129672999999999566e-03 9.972389940000000452e-01
1.702688156553236008e+09 8.454009999999999650e-04 -2.122299999999999992e-05 8.208682999999999605e-03 -1.047879000000000041e-03 5.540746800000000138e-02 -4.980527000000000218e-03 9.984508749999999599e-01
1.702688156888076544e+09 8.476859999999999474e-04 -2.228099999999999894e-05 8.289819000000000354e-03 -1.036795000000000078e-03 3.769648800000000022e-02 -3.922496999999999616e-03 9.992809889999999529e-01
1.702688157178526640e+09 8.546950000000000424e-04 -2.163999999999999949e-05 8.356318999999999206e-03 -2.261873000000000182e-03 2.520269199999999876e-02 -3.656267999999999845e-03 9.996731279999999664e-01
1.702688157470165491e+09 8.561400000000000260e-04 -1.635900000000000041e-05 8.430016000000000245e-03 -2.458586999999999925e-03 1.017954400000000044e-02 -6.546414999999999873e-03 9.999237659999999916e-01
1.702688157762963057e+09 8.481129999999999485e-04 -1.797499999999999985e-05 8.494382999999999448e-03 -4.553165999999999984e-03 6.737299999999999886e-04 -6.201970999999999699e-03 9.999701979999999768e-01
1.702688158011218071e+09 8.485489999999999830e-04 -1.861899999999999910e-05 8.552830000000000849e-03 -5.142746999999999596e-03 -3.026398000000000022e-03 -5.770505000000000426e-03 9.999655490000000091e-01
1.702688158218498468e+09 8.481359999999999854e-04 -2.046600000000000022e-05 8.599561000000000358e-03 -3.904162000000000084e-03 -3.176958000000000126e-03 -5.784880000000000057e-03 9.999706149999999516e-01
1.702688158426708937e+09 8.526039999999999704e-04 -1.864699999999999951e-05 8.650638000000000424e-03 -3.673263999999999870e-03 -2.507695999999999797e-03 -5.978017000000000400e-03 9.999722239999999651e-01
1.702688158676171541e+09 8.540299999999999801e-04 -1.654999999999999909e-05 8.707991999999999469e-03 -2.807463000000000059e-03 7.157247999999999735e-03 -6.087541000000000133e-03 9.999519590000000013e-01
1.702688159427313328e+09 8.565419999999999588e-04 -1.696999999999999846e-05 8.879707000000000572e-03 -1.331610999999999906e-03 -2.278254999999999864e-03 -5.163942000000000358e-03 9.999831909999999935e-01
1.702688159674637318e+09 8.540730000000000066e-04 -1.537999999999999844e-05 8.941179000000000487e-03 -3.646668000000000045e-03 -1.033096200000000082e-02 -5.259182000000000266e-03 9.999261499999999581e-01
1.702688160099601507e+09 8.526070000000000176e-04 -1.456699999999999961e-05 9.039635000000000725e-03 -3.956610000000000162e-03 -1.299735999999999947e-02 -5.315234000000000278e-03 9.998936059999999904e-01
1.702688160468357801e+09 8.494680000000000330e-04 -1.535600000000000002e-05 9.124300999999999592e-03 -3.916250999999999934e-03 -3.186057999999999859e-03 -5.092697000000000196e-03 9.999743100000000329e-01
1.702688160841707230e+09 8.547820000000000027e-04 -1.250199999999999990e-05 9.212595999999999979e-03 -3.673228000000000170e-03 1.271024200000000007e-02 -6.365868999999999694e-03 9.998922350000000181e-01
1.702688161801372766e+09 8.672460000000000108e-04 -1.538199999999999943e-05 9.431118999999999961e-03 -1.536096999999999940e-03 2.052289100000000144e-02 -5.982417999999999764e-03 9.997703430000000058e-01
1.702688162299654007e+09 8.746440000000000508e-04 -1.715099999999999893e-05 9.543256999999999435e-03 -2.063399000000000049e-03 2.566887099999999935e-02 -4.565531999999999750e-03 9.996579890000000246e-01
1.702688162715310097e+09 8.801949999999999575e-04 -1.526700000000000138e-05 9.642378999999999534e-03 -1.903165999999999972e-03 2.993930300000000044e-02 -4.446023000000000336e-03 9.995400309999999955e-01
1.702688163006870747e+09 8.916549999999999867e-04 -1.617400000000000134e-05 9.710774000000000142e-03 -1.556064999999999922e-03 3.432828899999999794e-02 -3.949659000000000329e-03 9.994016289999999580e-01
1.702688163505842924e+09 9.029970000000000011e-04 -1.591199999999999944e-05 9.824622999999999343e-03 -2.289517999999999935e-03 4.289908700000000241e-02 -5.041081000000000208e-03 9.990640880000000168e-01
1.702688163921501637e+09 9.064729999999999793e-04 -1.353399999999999951e-05 9.919169999999999723e-03 -2.170449000000000076e-03 4.973588100000000262e-02 -5.271302999999999753e-03 9.987461570000000233e-01
1.702688164421079636e+09 9.163039999999999467e-04 -1.119999999999999949e-05 1.003518100000000066e-02 -3.586069999999999904e-04 6.068018099999999970e-02 -5.825623000000000259e-03 9.981402160000000245e-01
1.702688164879544973e+09 9.371159999999999907e-04 -1.180799999999999943e-05 1.014295100000000074e-02 -2.673393000000000037e-03 5.420944800000000036e-02 -6.367684000000000191e-03 9.985057120000000452e-01
1.702688165420024157e+09 9.366539999999999805e-04 -6.669000000000000015e-06 1.026553799999999940e-02 -1.033702000000000058e-03 5.917784899999999765e-02 -7.462299000000000362e-03 9.982190730000000123e-01
1.702688165756370783e+09 9.500389999999999616e-04 -9.595000000000000460e-06 1.034532800000000086e-02 -1.536667999999999932e-03 5.231228500000000003e-02 -6.555675999999999864e-03 9.986080529999999955e-01
1.702688166046271086e+09 9.495740000000000127e-04 -9.279000000000000437e-06 1.041007300000000059e-02 -1.813322999999999931e-03 5.857338000000000128e-02 -7.921937999999999896e-03 9.982500669999999632e-01
1.702688166338781834e+09 9.488619999999999693e-04 -8.525000000000000541e-06 1.047505299999999979e-02 -1.179602000000000081e-03 6.896467500000000306e-02 -8.256971000000000102e-03 9.975842240000000194e-01
1.702688167674500942e+09 9.695110000000000490e-04 -1.111099999999999916e-05 1.076473300000000029e-02 -2.309867000000000170e-03 8.413736500000000562e-02 -6.408594000000000096e-03 9.964308739999999665e-01
1.702688168294542551e+09 9.675439999999999778e-04 -7.945999999999999816e-06 1.090511800000000010e-02 -2.148931000000000192e-03 1.009175999999999962e-01 -4.525780000000000081e-03 9.948822259999999806e-01
1.702688168877312422e+09 9.729629999999999746e-04 -6.606999999999999592e-06 1.101366600000000008e-02 -5.232579999999999697e-04 1.125101970000000062e-01 -2.594107999999999917e-03 9.936470990000000336e-01
1.702688169335681438e+09 9.820530000000000925e-04 -1.030299999999999944e-05 1.111509400000000071e-02 -2.666602000000000122e-03 1.301156729999999873e-01 -4.725568000000000303e-03 9.914839859999999838e-01
1.702688169753377438e+09 9.937800000000000973e-04 -6.554000000000000269e-06 1.120292500000000073e-02 -2.981637999999999997e-03 1.453029809999999977e-01 -5.518272999999999755e-03 9.893673060000000019e-01
1.702688170249803305e+09 1.085948999999999899e-03 -1.594599999999999945e-05 1.130674700000000067e-02 -6.972810000000000076e-04 1.562680160000000096e-01 -4.252165999999999932e-03 9.877052899999999580e-01
1.702688170791592121e+09 1.143237999999999980e-03 -3.453000000000000313e-05 1.142404799999999915e-02 -4.846676000000000283e-03 1.762678330000000126e-01 -5.392685999999999834e-03 9.843155740000000264e-01
1.702688171998087168e+09 1.076586999999999943e-03 -6.884900000000000438e-05 1.169162399999999942e-02 -1.249317900000000009e-02 2.144960019999999912e-01 -3.438434000000000195e-03 9.766389130000000529e-01
1.702688172165761471e+09 1.052509000000000083e-03 -7.067100000000000150e-05 1.171620100000000074e-02 -1.313199299999999979e-02 2.164097580000000076e-01 -3.621553000000000012e-03 9.762076140000000013e-01
1.702688172372301817e+09 1.056230000000000016e-03 -8.607500000000000513e-05 1.174524100000000001e-02 -1.418702900000000031e-02 2.168749269999999951e-01 -3.507849999999999857e-03 9.760900139999999503e-01
1.702688172548740387e+09 1.041557000000000030e-03 -8.237599999999999870e-05 1.177907400000000049e-02 -1.465991200000000064e-02 2.151311489999999937e-01 -6.201764999999999708e-03 9.764554500000000026e-01
1.702688172787898779e+09 1.031507999999999991e-03 -8.413200000000000019e-05 1.181859300000000050e-02 -1.645629700000000167e-02 2.148086429999999936e-01 -6.472437999999999629e-03 9.764960999999999780e-01
1.702688173373571396e+09 9.866950000000001067e-04 -1.118569999999999965e-04 1.189664799999999925e-02 -2.294368700000000080e-02 1.658107189999999953e-01 -2.604653000000000176e-03 9.858872290000000316e-01
1.702688175042083740e+09 1.103870000000000068e-03 -5.747299999999999675e-05 1.216603100000000076e-02 -1.299144799999999919e-02 -3.782372999999999898e-03 -8.127219999999999887e-04 9.999081490000000239e-01
1.702688175454298258e+09 1.120148000000000064e-03 -4.806500000000000144e-05 1.225970399999999974e-02 -1.363942700000000084e-02 -4.249066900000000174e-02 1.438697999999999973e-03 9.990026950000000516e-01
1.702688175585099220e+09 1.119056999999999908e-03 -4.226200000000000296e-05 1.227669699999999961e-02 -1.186194299999999979e-02 -4.525405200000000294e-02 1.507920999999999958e-03 9.989039299999999955e-01
1.702688175828527927e+09 1.116128000000000085e-03 -4.907000000000000283e-05 1.233625799999999925e-02 -1.524923599999999935e-02 -5.620491500000000112e-02 1.703176000000000039e-03 9.983013870000000400e-01
1.702688176038653851e+09 1.102413000000000004e-03 -4.830099999999999715e-05 1.238787799999999974e-02 -1.539723800000000059e-02 -6.730233100000000690e-02 2.596693000000000178e-03 9.976104500000000375e-01
1.702688176329749107e+09 1.110883999999999917e-03 -5.634299999999999909e-05 1.245476600000000079e-02 -1.984590099999999913e-02 -8.193082399999999932e-02 1.071247999999999905e-03 9.964398150000000065e-01
1.702688176501611233e+09 1.114563999999999963e-03 -5.954300000000000234e-05 1.249222399999999969e-02 -2.006089100000000083e-02 -9.075097000000000025e-02 5.595780000000000285e-04 9.956713910000000167e-01
1.702688176662036896e+09 1.114116999999999972e-03 -5.425399999999999927e-05 1.254190699999999971e-02 -1.901193300000000169e-02 -1.016857399999999967e-01 2.817990000000000035e-04 9.946348670000000336e-01
1.702688176827462435e+09 1.128349000000000062e-03 -5.732400000000000207e-05 1.258595799999999952e-02 -2.017151400000000150e-02 -1.131168679999999954e-01 -6.085529999999999586e-04 9.933767319999999845e-01
1.702688177332334995e+09 1.116142000000000089e-03 -6.148899999999999353e-05 1.263720400000000084e-02 -2.278615299999999996e-02 -1.190487300000000054e-01 -1.297390000000000045e-03 9.926260709999999987e-01
1.702688177494449854e+09 1.109027000000000060e-03 -6.259500000000000632e-05 1.265229499999999917e-02 -2.350406700000000002e-02 -1.201183499999999987e-01 -1.276957000000000005e-03 9.924804569999999826e-01
1.702688177619721651e+09 1.106020000000000093e-03 -6.528599999999999800e-05 1.266784299999999981e-02 -2.482078399999999851e-02 -1.226203220000000038e-01 -1.004694999999999894e-03 9.921427369999999968e-01
1.702688179032839775e+09 9.746839999999999671e-04 -4.429899999999999718e-05 1.297682799999999928e-02 -2.252348300000000039e-02 -1.709525139999999999e-01 2.842912999999999864e-03 9.850177169999999593e-01
1.702688179492749453e+09 9.409699999999999575e-04 -3.384499999999999867e-05 1.306591500000000086e-02 -2.064907699999999832e-02 -1.919676959999999932e-01 1.717028999999999908e-03 9.811825159999999491e-01
1.702688179656943798e+09 9.260120000000000373e-04 -3.221899999999999764e-05 1.310058400000000019e-02 -2.038800699999999966e-02 -1.996358340000000120e-01 1.440775999999999949e-03 9.796569939999999477e-01
1.702688179782906532e+09 9.131270000000000142e-04 -3.058600000000000159e-05 1.312383800000000052e-02 -2.032560900000000143e-02 -2.049225719999999973e-01 1.388598999999999910e-03 9.785661100000000445e-01
1.702688179954319000e+09 8.970290000000000338e-04 -2.266399999999999849e-05 1.315773400000000079e-02 -2.000626399999999930e-02 -2.128354610000000036e-01 2.991183000000000123e-03 9.768786430000000465e-01
1.702688180990787029e+09 7.705449999999999756e-04 -2.015799999999999911e-05 1.332971099999999930e-02 -2.093140799999999857e-02 -2.579917010000000177e-01 3.677135000000000212e-03 9.659134150000000529e-01
1.702688181158828974e+09 7.528500000000000036e-04 -1.865700000000000111e-05 1.337196199999999939e-02 -2.036777099999999979e-02 -2.689141930000000236e-01 3.871938000000000116e-03 9.629409909999999684e-01
1.702688181489593744e+09 7.171820000000000191e-04 -1.928499999999999916e-05 1.343440400000000048e-02 -1.834372100000000033e-02 -2.872727809999999771e-01 5.322022000000000037e-03 9.576583499999999916e-01
1.702688181655990839e+09 6.934769999999999606e-04 -2.310499999999999986e-05 1.346582099999999935e-02 -2.017024499999999984e-02 -2.963858839999999883e-01 6.191593999999999917e-03 9.548351760000000077e-01
1.702688181781741858e+09 6.799389999999999558e-04 -2.505599999999999863e-05 1.348659399999999932e-02 -2.274264399999999936e-02 -3.028814490000000248e-01 5.947680999999999801e-03 9.527382850000000181e-01
1.702688182116979122e+09 6.325579999999999701e-04 -2.112800000000000168e-05 1.354709200000000016e-02 -2.169180700000000045e-02 -3.204903009999999774e-01 5.363080999999999578e-03 9.469882250000000168e-01
1.702688182449779272e+09 5.855650000000000221e-04 -2.082999999999999877e-05 1.360121499999999983e-02 -2.381162900000000082e-02 -3.373283739999999864e-01 5.524857000000000205e-03 9.410696029999999768e-01
1.702688182951270819e+09 5.050779999999999506e-04 -1.675000000000000057e-05 1.367543300000000073e-02 -2.461624100000000051e-02 -3.655327859999999984e-01 4.945780000000000315e-03 9.304597970000000329e-01
1.702688183326176405e+09 4.474440000000000210e-04 -1.379299999999999991e-05 1.372652700000000052e-02 -2.388304299999999963e-02 -3.882108930000000013e-01 5.562290999999999590e-03 9.212442640000000349e-01
1.702688183823087931e+09 3.624610000000000115e-04 -1.515300000000000044e-05 1.379045800000000023e-02 -2.523444600000000065e-02 -4.257668849999999838e-01 8.003213999999999814e-03 9.044455890000000498e-01
1.702688183988583326e+09 3.356610000000000106e-04 -7.917999999999999407e-06 1.381015600000000051e-02 -2.365231500000000014e-02 -4.367704390000000103e-01 7.968009999999999329e-03 8.992267250000000045e-01
1.702688184197786093e+09 3.024650000000000255e-04 -8.240000000000000728e-06 1.383583799999999961e-02 -2.269812499999999955e-02 -4.530162509999999809e-01 7.406384000000000231e-03 8.911825420000000220e-01
1.702688184403981686e+09 2.602729999999999931e-04 -1.822999999999999952e-06 1.385652599999999922e-02 -2.157995700000000031e-02 -4.686919749999999829e-01 7.448668999999999776e-03 8.830665949999999542e-01
1.702688184576878309e+09 2.324609999999999958e-04 -5.711999999999999691e-06 1.386921800000000086e-02 -2.277350100000000155e-02 -4.807607529999999851e-01 8.546622000000000247e-03 8.765143749999999567e-01
1.702688184779060841e+09 1.995210000000000028e-04 -2.911999999999999817e-06 1.388996099999999928e-02 -2.244637199999999916e-02 -5.002312660000000077e-01 9.611621000000000747e-03 8.655474779999999813e-01
1.702688184948586941e+09 1.730199999999999935e-04 -4.758000000000000016e-06 1.389899799999999921e-02 -2.200420200000000048e-02 -5.120136739999999742e-01 1.028398099999999933e-02 8.586338159999999942e-01
1.702688185159322262e+09 1.392040000000000042e-04 -4.468999999999999903e-06 1.391229400000000040e-02 -2.183063699999999996e-02 -5.273614530000000356e-01 1.183437099999999978e-02 8.492780920000000400e-01
1.702688185363918543e+09 9.981599999999999436e-05 -1.791000000000000089e-06 1.392617300000000002e-02 -2.162621500000000072e-02 -5.445474390000000220e-01 1.230908999999999996e-02 8.383608460000000484e-01
1.702688185864423513e+09 9.799999999999999345e-06 -2.930999999999999974e-06 1.394780900000000025e-02 -2.289304299999999834e-02 -5.829765199999999981e-01 1.239019799999999984e-02 8.120719189999999754e-01
1.702688186032140255e+09 -1.594500000000000065e-05 -3.800000000000000278e-08 1.395480099999999932e-02 -2.298101199999999858e-02 -5.933670399999999567e-01 1.230157800000000051e-02 8.045099380000000355e-01
1.702688186195514202e+09 -3.479800000000000124e-05 1.221999999999999904e-06 1.396012800000000047e-02 -2.143170700000000123e-02 -6.025895479999999749e-01 1.277063500000000067e-02 7.976612450000000187e-01
1.702688186319125175e+09 -5.539500000000000072e-05 3.246999999999999998e-06 1.395910000000000033e-02 -2.085743799999999898e-02 -6.116781829999999864e-01 1.350984600000000070e-02 7.907162899999999883e-01
1.702688186654223442e+09 -9.431300000000000317e-05 5.027999999999999972e-06 1.396608400000000014e-02 -2.091231799999999919e-02 -6.275527480000000491e-01 1.374748800000000042e-02 7.781717179999999567e-01
1.702688186818877459e+09 -1.017199999999999951e-04 5.937999999999999729e-06 1.396967200000000069e-02 -1.854213299999999884e-02 -6.307395700000000272e-01 1.567355000000000137e-02 7.756146790000000291e-01
1.702688186985560894e+09 -1.208379999999999974e-04 5.669000000000000272e-06 1.397026699999999975e-02 -2.140615900000000099e-02 -6.342356199999999999e-01 1.392203200000000085e-02 7.727180120000000096e-01
1.702688187110407114e+09 -1.454729999999999945e-04 5.825000000000000133e-06 1.397362000000000083e-02 -2.056828100000000076e-02 -6.283915039999999896e-01 1.423058800000000061e-02 7.774951460000000258e-01
1.702688187282107353e+09 -1.811989999999999977e-04 3.689000000000000171e-06 1.397877699999999952e-02 -2.231176600000000024e-02 -6.250855920000000232e-01 1.285048700000000071e-02 7.801315189999999955e-01
1.702688188108237743e+09 -3.585199999999999759e-04 4.799999999999999783e-06 1.401099599999999952e-02 -2.211908400000000066e-02 -6.314738389999999812e-01 1.224282800000000074e-02 7.749849559999999471e-01
1.702688188780746937e+09 -4.971500000000000224e-04 7.852999999999999182e-06 1.405208999999999972e-02 -2.151386300000000112e-02 -6.233429310000000445e-01 1.312233999999999970e-02 7.815424199999999599e-01
1.702688188985489130e+09 -5.408680000000000128e-04 1.011899999999999917e-05 1.405960300000000038e-02 -2.117758999999999961e-02 -6.229239699999999935e-01 1.395290199999999967e-02 7.818711999999999884e-01
1.702688189190366030e+09 -5.867160000000000387e-04 9.943999999999999999e-06 1.406505299999999924e-02 -2.137483100000000039e-02 -6.377569440000000478e-01 1.404312299999999937e-02 7.698129419999999445e-01
1.702688189400793076e+09 -6.304779999999999629e-04 9.727000000000000213e-06 1.406662600000000048e-02 -2.083287199999999881e-02 -6.438410879999999503e-01 1.365303200000000071e-02 7.647536990000000090e-01
1.702688189814556599e+09 -7.220300000000000242e-04 1.379800000000000071e-05 1.408638199999999972e-02 -2.106680000000000011e-02 -6.442307229999999496e-01 1.201472200000000025e-02 7.644466159999999677e-01
1.702688190027931929e+09 -7.671359999999999681e-04 1.339700000000000065e-05 1.408690599999999973e-02 -2.214880099999999921e-02 -6.529217959999999987e-01 1.131722800000000036e-02 7.570168379999999697e-01
1.702688190236847401e+09 -8.113099999999999826e-04 1.666899999999999914e-05 1.409194799999999997e-02 -2.006734199999999843e-02 -6.617093680000000200e-01 1.203408899999999955e-02 7.493951920000000433e-01
1.702688190439844131e+09 -8.555499999999999520e-04 1.514499999999999984e-05 1.409529399999999953e-02 -1.956050800000000076e-02 -6.682578329999999678e-01 1.220604399999999923e-02 7.435724139999999593e-01
1.702688190607600927e+09 -8.911379999999999779e-04 1.875400000000000035e-05 1.409898600000000085e-02 -1.864338999999999927e-02 -6.610321399999999903e-01 1.133768400000000065e-02 7.500402330000000006e-01
1.702688190938861609e+09 -9.609129999999999798e-04 1.716799999999999894e-05 1.411645800000000013e-02 -1.985811999999999994e-02 -6.536108259999999781e-01 1.268646099999999957e-02 7.564638849999999470e-01
1.702688191152343512e+09 -1.007843000000000020e-03 1.709600000000000030e-05 1.412127799999999926e-02 -2.009510800000000041e-02 -6.616728899999999580e-01 1.219732899999999981e-02 7.494240399999999580e-01
1.702688191358403444e+09 -1.048787000000000027e-03 1.580600000000000079e-05 1.412326300000000048e-02 -1.974537200000000062e-02 -6.673093439999999710e-01 1.211655300000000039e-02 7.444202899999999845e-01
1.702688191774575710e+09 -1.134636999999999972e-03 1.638899999999999843e-05 1.413666700000000033e-02 -1.875129299999999874e-02 -6.499714850000000155e-01 1.411064199999999963e-02 7.595961690000000432e-01
1.702688191980682611e+09 -1.177501999999999976e-03 1.692900000000000004e-05 1.414082900000000059e-02 -1.838997399999999990e-02 -6.496230960000000110e-01 1.568988500000000064e-02 7.598720190000000096e-01
1.702688192230899811e+09 -1.233359999999999968e-03 1.701799999999999868e-05 1.415829499999999956e-02 -2.049884899999999954e-02 -6.373630169999999762e-01 1.406241499999999998e-02 7.701626419999999529e-01
1.702688192646316767e+09 -1.319691000000000006e-03 2.011400000000000088e-05 1.418132299999999915e-02 -2.112371299999999882e-02 -6.219088440000000162e-01 1.290485499999999980e-02 7.826983929999999923e-01
1.702688192857187033e+09 -1.360871000000000042e-03 2.082800000000000116e-05 1.419226600000000026e-02 -2.186430099999999918e-02 -6.168074009999999774e-01 1.233741200000000073e-02 7.867136599999999813e-01
1.702688193069578648e+09 -1.405762000000000071e-03 2.252699999999999963e-05 1.419851599999999957e-02 -2.119793700000000003e-02 -6.248129609999999445e-01 1.236765100000000034e-02 7.803886530000000432e-01
1.702688193312842131e+09 -1.458857999999999943e-03 2.262899999999999967e-05 1.420868699999999936e-02 -2.220502900000000113e-02 -6.322956680000000329e-01 1.233978699999999963e-02 7.743106480000000458e-01
1.702688193562391758e+09 -1.512513999999999959e-03 2.305399999999999984e-05 1.422062099999999926e-02 -2.283726300000000001e-02 -6.224770549999999458e-01 1.162239299999999996e-02 7.822184559999999509e-01
1.702688193855952501e+09 -1.569943000000000076e-03 2.518800000000000008e-05 1.423583900000000013e-02 -2.005760700000000160e-02 -6.128510830000000187e-01 1.240210400000000060e-02 7.898464800000000174e-01
1.702688194108810425e+09 -1.621199000000000034e-03 2.703099999999999920e-05 1.425738300000000021e-02 -1.976322200000000043e-02 -6.070281859999999696e-01 1.205032399999999941e-02 7.943430540000000484e-01
1.702688194355690956e+09 -1.673947999999999972e-03 2.932399999999999910e-05 1.426858899999999993e-02 -1.929158300000000104e-02 -6.068706510000000387e-01 1.136450599999999991e-02 7.944852110000000245e-01
1.702688194604223967e+09 -1.723476000000000044e-03 2.790800000000000114e-05 1.428592400000000019e-02 -1.944819100000000009e-02 -6.017671820000000116e-01 1.213210600000000014e-02 7.983425859999999652e-01
1.702688194854336739e+09 -1.776936999999999918e-03 3.097800000000000054e-05 1.430052300000000075e-02 -2.069121800000000080e-02 -6.038694380000000361e-01 1.141748499999999979e-02 7.967328430000000239e-01
1.702688195104681492e+09 -1.826080000000000108e-03 3.072599999999999686e-05 1.431202399999999958e-02 -2.022552999999999851e-02 -6.029905079999999806e-01 1.296398500000000079e-02 7.973865869999999800e-01
1.702688195395807028e+09 -1.885025999999999933e-03 3.013300000000000101e-05 1.433078699999999935e-02 -1.925069700000000064e-02 -5.969538089999999464e-01 1.308690499999999937e-02 8.019378780000000484e-01
1.702688195645828724e+09 -1.936725000000000035e-03 3.122099999999999805e-05 1.434442600000000040e-02 -1.860411099999999957e-02 -5.891923310000000136e-01 1.170366999999999935e-02 8.076938989999999929e-01
1.702688195854430914e+09 -1.979738999999999891e-03 3.241099999999999851e-05 1.435784099999999966e-02 -1.782139900000000166e-02 -5.909413100000000529e-01 1.191697700000000047e-02 8.064296250000000388e-01
1.702688196060420036e+09 -2.022807000000000164e-03 3.249099999999999775e-05 1.436822999999999920e-02 -1.910591500000000109e-02 -5.853570099999999554e-01 1.099395799999999986e-02 8.104759449999999754e-01
1.702688196271027088e+09 -2.067265999999999895e-03 3.315700000000000120e-05 1.438438700000000021e-02 -2.004216799999999910e-02 -5.788300629999999503e-01 1.033199999999999917e-02 8.151364330000000491e-01
1.702688196482151270e+09 -2.106344000000000011e-03 3.364500000000000059e-05 1.440076300000000045e-02 -1.936562000000000006e-02 -5.730986000000000136e-01 1.151962999999999945e-02 8.191765549999999729e-01
1.702688196728017092e+09 -2.154043000000000017e-03 3.648600000000000270e-05 1.442152600000000048e-02 -1.794142099999999906e-02 -5.651472810000000013e-01 1.164186799999999966e-02 8.247128129999999890e-01
1.702688196933773994e+09 -2.199901000000000200e-03 3.882399999999999962e-05 1.443333800000000042e-02 -1.963026999999999828e-02 -5.543420909999999813e-01 1.084984699999999927e-02 8.319866660000000413e-01
1.702688197143969774e+09 -2.248833999999999902e-03 4.310500000000000150e-05 1.444961099999999936e-02 -1.928766999999999981e-02 -5.471705199999999936e-01 1.058861900000000050e-02 8.367319699999999916e-01
1.702688197396642208e+09 -2.286275999999999847e-03 4.039599999999999745e-05 1.448089299999999989e-02 -2.103939499999999893e-02 -5.403901930000000187e-01 1.021591500000000076e-02 8.410894869999999690e-01
1.702688197684453011e+09 -2.330034999999999832e-03 3.723199999999999860e-05 1.452111000000000027e-02 -2.218112499999999945e-02 -5.306440000000000046e-01 9.562476999999999783e-03 8.472506400000000548e-01
1.702688197977220058e+09 -2.392664999999999983e-03 4.207900000000000149e-05 1.454369399999999937e-02 -2.080134900000000023e-02 -5.155538320000000452e-01 1.028865600000000019e-02 8.565429449999999445e-01
1.702688198267511368e+09 -2.445624999999999882e-03 4.383899999999999820e-05 1.457582699999999953e-02 -2.217951799999999876e-02 -5.028211470000000238e-01 9.616651999999999839e-03 8.640523549999999942e-01
1.702688198809097290e+09 -2.542318000000000008e-03 4.924500000000000031e-05 1.463866200000000020e-02 -2.062778499999999918e-02 -4.784734849999999762e-01 9.287491000000000149e-03 8.778105969999999703e-01
1.702688199059116602e+09 -2.585515999999999943e-03 4.989800000000000236e-05 1.466645500000000012e-02 -2.012436100000000033e-02 -4.739190939999999852e-01 1.022612399999999963e-02 8.802790050000000033e-01
1.702688199308119774e+09 -2.624828000000000057e-03 5.152600000000000100e-05 1.470180800000000024e-02 -1.949913199999999888e-02 -4.687319400000000136e-01 1.065563899999999974e-02 8.830609320000000206e-01
1.702688199683215857e+09 -2.691241000000000032e-03 5.621599999999999845e-05 1.475705799999999998e-02 -1.913545300000000018e-02 -4.636735020000000151e-01 1.058563700000000017e-02 8.857362869999999555e-01
1.702688199889508724e+09 -2.725378999999999996e-03 5.295799999999999678e-05 1.477080000000000060e-02 -1.900667300000000171e-02 -4.601423439999999809e-01 1.049182700000000044e-02 8.875796790000000103e-01
1.702688200100477219e+09 -2.761973999999999940e-03 4.969499999999999769e-05 1.478895399999999999e-02 -1.967912399999999923e-02 -4.603220820000000213e-01 9.884329000000000726e-03 8.874788279999999974e-01
1.702688200308521986e+09 -2.800890999999999798e-03 5.042399999999999698e-05 1.480740900000000054e-02 -2.088184499999999957e-02 -4.611870049999999832e-01 9.701041999999999998e-03 8.870041969999999942e-01
1.702688200598961830e+09 -2.850971999999999795e-03 4.206799999999999770e-05 1.482359299999999949e-02 -2.245963200000000021e-02 -4.604846539999999933e-01 8.100749000000000838e-03 8.873465659999999477e-01
1.702688200807152271e+09 -2.883627000000000152e-03 4.966900000000000167e-05 1.486181100000000081e-02 -2.055911300000000039e-02 -4.677906929999999797e-01 1.063233300000000076e-02 8.835361600000000148e-01
1.702688201022895813e+09 -2.921575000000000040e-03 3.878800000000000200e-05 1.486874699999999987e-02 -2.298890400000000098e-02 -4.687424900000000116e-01 7.583689999999999702e-03 8.830031750000000290e-01
1.702688201181699276e+09 -2.954521999999999791e-03 3.753799999999999872e-05 1.488217099999999959e-02 -2.359962300000000013e-02 -4.798551200000000239e-01 7.859714999999999757e-03 8.769950869999999510e-01
1.702688201600091934e+09 -3.028415999999999920e-03 4.589600000000000239e-05 1.493419900000000043e-02 -2.317672999999999955e-02 -4.867071809999999887e-01 6.931500000000000161e-03 8.732301590000000058e-01
1.702688201812285900e+09 -3.064256000000000011e-03 4.976100000000000011e-05 1.496490600000000004e-02 -2.361469899999999941e-02 -4.860556420000000100e-01 6.240014000000000324e-03 8.735865350000000529e-01
1.702688202059644461e+09 -3.110737000000000137e-03 5.526600000000000246e-05 1.499366400000000030e-02 -2.408533200000000096e-02 -4.890353379999999861e-01 6.045316000000000231e-03 8.719104530000000297e-01
1.702688202227379084e+09 -3.142984000000000142e-03 5.445099999999999756e-05 1.500806099999999962e-02 -2.409396299999999949e-02 -4.922027290000000055e-01 6.152099999999999756e-03 8.701254130000000142e-01
1.702688202388726711e+09 -3.168914000000000106e-03 5.910700000000000177e-05 1.503367199999999966e-02 -2.346974799999999861e-02 -4.958549440000000197e-01 7.940384999999999457e-03 8.680518870000000220e-01
1.702688202808984041e+09 -3.243527999999999863e-03 6.071100000000000200e-05 1.507206399999999960e-02 -2.324452999999999936e-02 -4.939030110000000029e-01 7.521331000000000024e-03 8.691737059999999904e-01
1.702688203263014317e+09 -3.325695999999999947e-03 6.130800000000000323e-05 1.511849499999999916e-02 -2.328053899999999940e-02 -4.831566809999999768e-01 6.029711000000000098e-03 8.752035500000000523e-01
1.702688203847037554e+09 -3.419725000000000195e-03 6.257199999999999655e-05 1.519305599999999992e-02 -2.238824999999999843e-02 -4.483429789999999748e-01 7.316147999999999749e-03 8.935512899999999981e-01
1.702688204010977030e+09 -3.444340000000000162e-03 6.263399999999999697e-05 1.521251900000000074e-02 -2.210604000000000041e-02 -4.416502119999999865e-01 7.716302999999999877e-03 8.968817590000000006e-01
1.702688204179609537e+09 -3.471058999999999863e-03 6.212099999999999697e-05 1.523319300000000077e-02 -2.293547099999999894e-02 -4.319923820000000081e-01 7.024756000000000056e-03 9.015582199999999657e-01
1.702688204928294897e+09 -3.583119000000000061e-03 7.823999999999999629e-05 1.534435399999999929e-02 -2.039959699999999848e-02 -3.947553630000000258e-01 8.105707000000000190e-03 9.185240270000000207e-01
1.702688205137715101e+09 -3.610002000000000176e-03 6.876900000000000515e-05 1.537313400000000010e-02 -2.292669599999999988e-02 -3.802274170000000120e-01 5.681397999999999830e-03 9.245914219999999961e-01
1.702688205303340197e+09 -3.632244000000000184e-03 8.119800000000000422e-05 1.540576400000000061e-02 -2.046999000000000041e-02 -3.724975589999999781e-01 7.291157000000000367e-03 9.277787210000000284e-01
1.702688205512762785e+09 -3.657188000000000019e-03 7.496900000000000677e-05 1.542956200000000083e-02 -2.211611000000000132e-02 -3.591566979999999965e-01 6.371716999999999832e-03 9.329934720000000459e-01
1.702688205678390741e+09 -3.682401999999999984e-03 6.677499999999999679e-05 1.544776900000000008e-02 -2.480765600000000085e-02 -3.468789159999999816e-01 3.695874999999999942e-03 9.375745060000000297e-01
1.702688206013332129e+09 -3.713661000000000045e-03 7.977100000000000586e-05 1.551330499999999980e-02 -2.299489299999999889e-02 -3.169848020000000099e-01 4.655160000000000201e-03 9.481403830000000310e-01
1.702688206179199457e+09 -3.730808999999999861e-03 7.695300000000000675e-05 1.553676600000000046e-02 -2.194415200000000149e-02 -3.020438249999999880e-01 4.198974999999999756e-03 9.530321959999999981e-01
1.702688206347591877e+09 -3.748436999999999863e-03 7.568599999999999330e-05 1.556700400000000060e-02 -2.284227499999999869e-02 -2.854547499999999793e-01 2.638589000000000212e-03 9.581163529999999762e-01
1.702688206845090151e+09 -3.790017000000000125e-03 8.319199999999999902e-05 1.566073299999999960e-02 -2.300218100000000002e-02 -2.389544550000000100e-01 2.115230999999999969e-03 9.707559940000000109e-01
1.702688207009563208e+09 -3.803659000000000033e-03 8.373399999999999485e-05 1.569320100000000037e-02 -2.330865699999999999e-02 -2.229987230000000098e-01 1.263662999999999939e-03 9.745392200000000393e-01
1.702688207306366444e+09 -3.820850000000000201e-03 8.453400000000000074e-05 1.574516899999999983e-02 -2.305064399999999861e-02 -1.954072420000000088e-01 -2.050599999999999984e-05 9.804512859999999774e-01
1.702688207469698668e+09 -3.831539000000000125e-03 8.770600000000000358e-05 1.577974700000000022e-02 -2.382182099999999997e-02 -1.826462889999999895e-01 -8.147750000000000044e-04 9.828897119999999710e-01
1.702688207636090279e+09 -3.839901000000000165e-03 9.127100000000000078e-05 1.581340300000000018e-02 -2.300548599999999860e-02 -1.690624360000000104e-01 -1.013826000000000007e-03 9.853363040000000517e-01
1.702688208344605207e+09 -3.874132000000000183e-03 9.998299999999999462e-05 1.595174099999999845e-02 -2.210583199999999887e-02 -1.219776870000000013e-01 -1.617839999999999947e-03 9.922853109999999477e-01
1.702688208676268101e+09 -3.887821999999999979e-03 1.025770000000000040e-04 1.601804999999999896e-02 -2.352685700000000171e-02 -1.158648800000000034e-01 -1.296931999999999989e-03 9.929854870000000000e-01
1.702688208840121508e+09 -3.894110000000000106e-03 1.037599999999999959e-04 1.605144500000000099e-02 -2.426754899999999937e-02 -1.128647920000000054e-01 -1.226199999999999881e-04 9.933139680000000471e-01
1.702688210091393948e+09 -3.972700000000000016e-03 1.210010000000000024e-04 1.629849200000000123e-02 -2.554500700000000152e-02 -1.395172480000000104e-01 -1.004695599999999925e-02 9.898391370000000355e-01
1.702688210300883055e+09 -3.983808999999999614e-03 1.207339999999999997e-04 1.633769800000000119e-02 -2.520986799999999986e-02 -1.595077659999999953e-01 -9.717220000000000371e-03 9.868268970000000362e-01
1.702688210515516043e+09 -3.994728000000000341e-03 1.199950000000000056e-04 1.637174200000000163e-02 -1.974390999999999993e-02 -1.742403359999999957e-01 -7.898746999999999366e-03 9.844735260000000432e-01
1.702688210716919899e+09 -4.010808000000000255e-03 1.208040000000000042e-04 1.640417099999999864e-02 -1.218603799999999973e-02 -1.875484880000000132e-01 -3.335851999999999828e-03 9.821740979999999954e-01
1.702688211132476091e+09 -4.029094999999999899e-03 1.228489999999999888e-04 1.647586700000000168e-02 -1.233193599999999994e-02 -1.632151900000000100e-01 -2.833589999999999980e-03 9.865093830000000175e-01
1.702688211338993073e+09 -4.040745000000000101e-03 1.267610000000000015e-04 1.651265299999999867e-02 -1.374997600000000056e-02 -1.513468920000000106e-01 -2.946172999999999847e-03 9.883806710000000439e-01
1.702688211561096191e+09 -4.052056000000000061e-03 1.332489999999999977e-04 1.655935700000000024e-02 -1.699609300000000031e-02 -1.380929200000000079e-01 -2.568770000000000168e-03 9.902701379999999665e-01
1.702688212175014734e+09 -4.069576999999999570e-03 1.267800000000000025e-04 1.667548699999999925e-02 -1.453003800000000033e-02 -1.078595519999999974e-01 -4.969432000000000189e-03 9.940475819999999851e-01
1.702688212379238844e+09 -4.077303000000000004e-03 1.285389999999999970e-04 1.672047899999999990e-02 -1.620020700000000119e-02 -9.605069500000000537e-02 -4.588542999999999615e-03 9.952340720000000251e-01
1.702688212588829279e+09 -4.080303999999999875e-03 1.316570000000000034e-04 1.676338700000000112e-02 -1.734157299999999902e-02 -8.527437599999999895e-02 -3.014894000000000168e-03 9.962020520000000046e-01
1.702688212795155048e+09 -4.086226000000000094e-03 1.348210000000000023e-04 1.680540499999999896e-02 -1.939243100000000164e-02 -7.336043600000000109e-02 -4.527991000000000307e-03 9.971066710000000555e-01
1.702688213461039782e+09 -4.092987999999999661e-03 1.422680000000000006e-04 1.694233200000000092e-02 -2.307584500000000108e-02 -3.936362599999999878e-02 -5.390754000000000205e-03 9.989439249999999548e-01
1.702688213670601368e+09 -4.097464000000000314e-03 1.425909999999999905e-04 1.698405100000000001e-02 -2.404067999999999830e-02 -2.761295299999999911e-02 -6.254118999999999824e-03 9.993100169999999949e-01
1.702688213882029057e+09 -4.101742999999999709e-03 1.438009999999999874e-04 1.702364699999999939e-02 -2.283045599999999897e-02 -1.643689200000000156e-02 -6.812270999999999951e-03 9.995810389999999490e-01
1.702688214085433245e+09 -4.105496000000000145e-03 1.428690000000000038e-04 1.706777300000000136e-02 -2.427113800000000113e-02 -2.673476000000000151e-03 -9.354180000000000134e-03 9.996581079999999897e-01
1.702688214546439886e+09 -4.091334000000000290e-03 1.513940000000000077e-04 1.715695999999999888e-02 -2.320243199999999853e-02 1.804354199999999922e-02 -8.272565000000000821e-03 9.995337130000000458e-01
1.702688214756098032e+09 -4.090795000000000368e-03 1.514400000000000002e-04 1.719767399999999960e-02 -2.302397200000000019e-02 2.910612300000000111e-02 -8.560029000000000249e-03 9.992744919999999587e-01
1.702688215003734827e+09 -4.089111000000000308e-03 1.544829999999999912e-04 1.724478000000000122e-02 -2.218947400000000070e-02 4.327029400000000081e-02 -9.273516000000000745e-03 9.987739319999999754e-01
1.702688215254939556e+09 -4.084873000000000150e-03 1.550909999999999962e-04 1.729324800000000065e-02 -2.165069099999999969e-02 5.131739800000000018e-02 -9.630157999999999774e-03 9.984012840000000555e-01
1.702688215960348129e+09 -4.072974000000000039e-03 1.590010000000000045e-04 1.742631399999999831e-02 -2.081185600000000011e-02 2.928009599999999851e-02 -9.502040999999999266e-03 9.993093610000000071e-01
1.702688216167394876e+09 -4.073712000000000166e-03 1.641409999999999994e-04 1.747162600000000052e-02 -2.040421400000000038e-02 2.160781599999999844e-02 -9.482226999999999323e-03 9.995133280000000342e-01
1.702688216333974361e+09 -4.074274000000000125e-03 1.637879999999999978e-04 1.750323499999999893e-02 -2.078536500000000009e-02 1.316038999999999924e-02 -9.225306000000000825e-03 9.996547700000000258e-01
1.702688216834064484e+09 -4.076230999999999605e-03 1.675389999999999963e-04 1.760067599999999913e-02 -1.971405400000000169e-02 -5.952175999999999995e-03 -7.946893000000000012e-03 9.997563959999999916e-01
1.702688217083516359e+09 -4.081737000000000212e-03 1.707219999999999962e-04 1.765071799999999927e-02 -2.110319800000000010e-02 -8.976344000000000684e-03 -7.833332999999999616e-03 9.997063280000000329e-01
1.702688217375742912e+09 -4.080931000000000315e-03 1.749490000000000084e-04 1.770848800000000139e-02 -2.214961099999999961e-02 -7.631363999999999856e-03 -7.945073000000000413e-03 9.996939900000000323e-01
1.702688217627594709e+09 -4.079707000000000125e-03 1.778170000000000087e-04 1.775788299999999861e-02 -2.190390999999999866e-02 -1.184109000000000030e-03 -7.712201000000000126e-03 9.997296329999999509e-01
1.702688218166671753e+09 -4.079961000000000004e-03 1.785330000000000066e-04 1.786225699999999944e-02 -2.149611900000000103e-02 7.261249000000000002e-03 -8.357540000000000108e-03 9.997076390000000368e-01
1.702688218415490866e+09 -4.078817999999999680e-03 1.812829999999999921e-04 1.791080800000000028e-02 -2.187400700000000087e-02 7.370472999999999782e-03 -7.866705999999999352e-03 9.997026319999999799e-01
1.702688218877532721e+09 -4.074529000000000345e-03 1.874669999999999993e-04 1.799870500000000026e-02 -2.230027899999999924e-02 1.161519500000000003e-02 -9.096984000000000667e-03 9.996424910000000219e-01
1.702688219126700401e+09 -4.076134999999999828e-03 1.904639999999999979e-04 1.804866800000000035e-02 -2.218153700000000117e-02 1.316024000000000013e-02 -9.364763999999999380e-03 9.996234769999999825e-01
1.702688219582042217e+09 -4.074056999999999852e-03 1.926289999999999882e-04 1.813734700000000158e-02 -2.175956399999999860e-02 1.733825199999999844e-02 -8.957776000000000627e-03 9.995727540000000078e-01
1.702688219831834555e+09 -4.069876000000000049e-03 1.946999999999999892e-04 1.818568099999999868e-02 -2.096710900000000113e-02 2.758530899999999883e-02 -8.454176000000000746e-03 9.993637800000000349e-01
1.702688220081994772e+09 -4.068032000000000072e-03 1.971519999999999989e-04 1.823577300000000026e-02 -2.201779200000000131e-02 3.219772900000000132e-02 -9.378436999999999885e-03 9.991949799999999549e-01
1.702688220374678373e+09 -4.064833000000000335e-03 2.009459999999999968e-04 1.829017299999999985e-02 -2.157267200000000107e-02 3.512929399999999841e-02 -9.268702000000000191e-03 9.991069439999999968e-01
1.702688221289048433e+09 -4.040275999999999763e-03 2.098869999999999913e-04 1.846975500000000089e-02 -2.002020900000000062e-02 6.654138900000000634e-02 -9.224948000000000176e-03 9.975401760000000007e-01
1.702688221413303137e+09 -4.035185999999999634e-03 2.109810000000000049e-04 1.849348500000000048e-02 -2.022863399999999881e-02 7.090888900000000272e-02 -9.369069000000000702e-03 9.972336889999999787e-01
1.702688221996752501e+09 -4.014239999999999649e-03 2.153310000000000022e-04 1.860581700000000019e-02 -1.982910400000000017e-02 9.065822499999999506e-02 -1.058672199999999980e-02 9.956283569999999639e-01
1.702688222248629570e+09 -4.004932999999999584e-03 2.159680000000000031e-04 1.865225499999999953e-02 -1.978569300000000003e-02 9.711884699999999426e-02 -9.660550999999999860e-03 9.950292109999999690e-01
1.702688222496747971e+09 -3.993710999999999615e-03 2.180250000000000005e-04 1.869974500000000026e-02 -1.921618699999999916e-02 1.010756569999999993e-01 -9.459611999999999188e-03 9.946481590000000317e-01
1.702688222749086380e+09 -3.984058000000000391e-03 2.190460000000000031e-04 1.874661299999999878e-02 -1.817840299999999923e-02 1.005974560000000018e-01 -9.419501000000000263e-03 9.947165249999999626e-01
1.702688222995658159e+09 -3.974931999999999598e-03 2.205130000000000078e-04 1.879542299999999860e-02 -1.883889500000000133e-02 9.812950300000000681e-02 -9.889926999999999746e-03 9.949461819999999568e-01
1.702688223579206944e+09 -3.956122000000000284e-03 2.255319999999999948e-04 1.890802399999999897e-02 -1.985578400000000132e-02 8.402612099999999529e-02 -9.077922000000000421e-03 9.962243440000000394e-01
1.702688224037439823e+09 -3.945139999999999758e-03 2.296440000000000124e-04 1.899139400000000172e-02 -1.799329200000000101e-02 7.127263400000000138e-02 -8.678975000000000231e-03 9.972568149999999632e-01
1.702688224330397367e+09 -3.942746999999999918e-03 2.301129999999999972e-04 1.903817600000000040e-02 -1.965985099999999902e-02 6.144874499999999906e-02 -7.917366999999999808e-03 9.978852270000000413e-01
1.702688224704028845e+09 -3.936827999999999855e-03 2.325440000000000016e-04 1.908649499999999846e-02 -1.908891100000000007e-02 5.860414700000000227e-02 -8.083849000000000590e-03 9.980660679999999729e-01
1.702688225038375378e+09 -3.925937000000000003e-03 2.369519999999999905e-04 1.915329099999999937e-02 -2.010766400000000079e-02 7.344308500000000517e-02 -9.407749999999999446e-03 9.970523119999999961e-01
1.702688225409334898e+09 -3.914047000000000359e-03 2.385289999999999926e-04 1.922267500000000157e-02 -2.061146900000000032e-02 8.224497699999999689e-02 -9.642072999999999269e-03 9.963523749999999568e-01
1.702688225744826555e+09 -3.899216999999999961e-03 2.431289999999999959e-04 1.928495399999999999e-02 -2.020813299999999965e-02 9.721533999999999731e-02 -1.005604099999999994e-02 9.950073959999999884e-01
1.702688226078522921e+09 -3.885753000000000037e-03 2.446020000000000139e-04 1.934934599999999991e-02 -2.106408599999999923e-02 9.850313500000000555e-02 -1.107517199999999945e-02 9.948521259999999478e-01
1.702688226408514738e+09 -3.870361000000000114e-03 2.461049999999999891e-04 1.940655499999999895e-02 -2.058089499999999836e-02 1.150375010000000003e-01 -1.124480400000000060e-02 9.930843110000000529e-01
1.702688226741419077e+09 -3.851219999999999817e-03 2.484780000000000018e-04 1.946772100000000033e-02 -1.989062700000000100e-02 1.290181280000000097e-01 -1.061927399999999973e-02 9.913858770000000264e-01
1.702688227033463717e+09 -3.836046999999999981e-03 2.513400000000000161e-04 1.952174099999999871e-02 -2.045531000000000085e-02 1.306831089999999918e-01 -1.101460400000000076e-02 9.911519890000000110e-01
1.702688227330985785e+09 -3.820436999999999878e-03 2.533680000000000177e-04 1.957565199999999894e-02 -2.013967900000000061e-02 1.352652159999999937e-01 -1.088032899999999935e-02 9.905449750000000497e-01
1.702688227740939379e+09 -3.793556000000000011e-03 2.570059999999999988e-04 1.965342999999999951e-02 -1.970854400000000145e-02 1.426992709999999887e-01 -1.095278700000000029e-02 9.895092840000000445e-01
1.702688228120533943e+09 -3.776840000000000058e-03 2.581269999999999767e-04 1.972035100000000055e-02 -1.977654499999999954e-02 1.328137219999999952e-01 -1.091247499999999961e-02 9.908836479999999503e-01
1.702688228534579754e+09 -3.752072999999999867e-03 2.610509999999999914e-04 1.979646800000000109e-02 -1.894719300000000106e-02 1.506596360000000134e-01 -1.159763599999999971e-02 9.883360860000000025e-01
1.702688228907167673e+09 -3.725925000000000157e-03 2.627579999999999803e-04 1.986254599999999829e-02 -1.736608499999999985e-02 1.702596839999999945e-01 -1.188636499999999943e-02 9.851744770000000484e-01
1.702688229238532305e+09 -3.699879000000000102e-03 2.634970000000000151e-04 1.991969199999999926e-02 -1.697668100000000041e-02 1.834608020000000062e-01 -1.336045100000000062e-02 9.827896360000000220e-01
1.702688229573817253e+09 -3.675772999999999801e-03 2.651199999999999824e-04 1.997797399999999904e-02 -1.687351200000000023e-02 1.957482399999999900e-01 -1.299065100000000063e-02 9.804229740000000026e-01
1.702688229952912807e+09 -3.643564000000000178e-03 2.648990000000000264e-04 2.004403100000000035e-02 -1.635751100000000166e-02 2.068608999999999865e-01 -1.139268199999999946e-02 9.781672949999999922e-01
1.702688230327097893e+09 -3.612499999999999826e-03 2.682849999999999970e-04 2.010665500000000105e-02 -1.581494300000000144e-02 2.138746079999999938e-01 -1.100162399999999978e-02 9.766711590000000109e-01
1.702688230656572104e+09 -3.585141000000000022e-03 2.685200000000000108e-04 2.016770799999999947e-02 -1.833112199999999831e-02 2.142859850000000121e-01 -1.210084699999999965e-02 9.765239949999999780e-01
1.702688230992670536e+09 -3.559739000000000132e-03 2.694309999999999891e-04 2.022861899999999977e-02 -1.988262299999999858e-02 2.019124330000000023e-01 -1.150577900000000070e-02 9.791341420000000406e-01
1.702688231660059929e+09 -3.520516000000000010e-03 2.740150000000000116e-04 2.034886899999999860e-02 -2.020101599999999872e-02 1.657967419999999970e-01 -1.104307000000000032e-02 9.858911630000000148e-01
1.702688231986952305e+09 -3.501793999999999914e-03 2.770229999999999936e-04 2.041221799999999933e-02 -2.105397900000000044e-02 1.486004740000000102e-01 -9.969821999999999712e-03 9.886229039999999690e-01
1.702688232327083588e+09 -3.490472000000000106e-03 2.809719999999999926e-04 2.047598000000000126e-02 -2.129937900000000023e-02 1.307405829999999936e-01 -1.061309600000000068e-02 9.911309480000000116e-01
1.702688232699694157e+09 -3.475218999999999878e-03 2.839639999999999938e-04 2.054553699999999913e-02 -2.080657699999999971e-02 1.106465680000000007e-01 -9.231602000000000210e-03 9.935991170000000317e-01
1.702688233118612528e+09 -3.467141999999999880e-03 2.861399999999999946e-04 2.062462600000000007e-02 -2.116040099999999882e-02 9.345692399999999678e-02 -9.363331000000000778e-03 9.953544140000000207e-01
1.702688233487832308e+09 -3.458589000000000194e-03 2.908470000000000022e-04 2.069935200000000072e-02 -2.060659800000000028e-02 7.655168299999999537e-02 -8.023484000000000865e-03 9.968203900000000006e-01
1.702688233903774738e+09 -3.449924999999999953e-03 2.923049999999999737e-04 2.077730699999999833e-02 -2.071395700000000159e-02 5.783330600000000099e-02 -7.280952999999999731e-03 9.980847840000000026e-01
1.702688234276890516e+09 -3.447804000000000060e-03 2.941150000000000123e-04 2.084908300000000089e-02 -2.240004199999999848e-02 4.710733500000000018e-02 -7.993382999999999738e-03 9.986066820000000233e-01
1.702688234610731840e+09 -3.445554999999999885e-03 2.987239999999999947e-04 2.091411699999999943e-02 -2.301449499999999940e-02 3.729292000000000024e-02 -6.841347999999999700e-03 9.990159269999999703e-01
1.702688234983748198e+09 -3.438373000000000210e-03 2.980699999999999973e-04 2.098278699999999927e-02 -2.207185299999999892e-02 3.501955000000000345e-02 -7.536547999999999685e-03 9.991144539999999852e-01
1.702688235526839972e+09 -3.435369000000000183e-03 3.043610000000000087e-04 2.108673800000000070e-02 -2.318868400000000107e-02 2.366834699999999930e-02 -7.314346999999999689e-03 9.994241600000000059e-01
1.702688236069581032e+09 -3.435587999999999836e-03 3.076449999999999996e-04 2.118708899999999923e-02 -2.262256899999999862e-02 5.859757000000000160e-03 -7.604806999999999886e-03 9.996979830000000122e-01
1.702688236406031370e+09 -3.431832000000000112e-03 3.082030000000000034e-04 2.124811199999999956e-02 -2.189954599999999890e-02 1.258462999999999943e-02 -8.385069999999999676e-03 9.996458289999999858e-01
1.702688236778249264e+09 -3.425642000000000010e-03 3.126709999999999884e-04 2.131914700000000010e-02 -2.318052799999999886e-02 1.787643499999999955e-02 -8.105094000000000187e-03 9.995386000000000548e-01
1.702688237568800688e+09 -3.415993999999999888e-03 3.230299999999999751e-04 2.147260700000000119e-02 -2.432264199999999849e-02 4.400686200000000076e-02 -9.236773000000000206e-03 9.986923930000000116e-01
1.702688237900719166e+09 -3.411249999999999786e-03 3.237569999999999836e-04 2.153331799999999921e-02 -2.203927400000000106e-02 5.908307399999999932e-02 -9.938901999999999459e-03 9.979602690000000109e-01
1.702688238317879438e+09 -3.393352000000000087e-03 3.286499999999999925e-04 2.161561099999999985e-02 -2.274940699999999927e-02 7.561438500000000618e-02 -1.004022199999999969e-02 9.968270660000000394e-01
1.702688238814379930e+09 -3.378471999999999986e-03 3.316969999999999923e-04 2.170798599999999856e-02 -2.244804099999999844e-02 6.832890199999999692e-02 -9.567495000000000513e-03 9.973644019999999832e-01
1.702688239358281612e+09 -3.356524999999999960e-03 3.364519999999999967e-04 2.180873599999999871e-02 -2.233437799999999848e-02 7.139170899999999764e-02 -9.715532000000000681e-03 9.971509579999999762e-01
1.702688239815783501e+09 -3.351621999999999848e-03 3.414539999999999871e-04 2.189861099999999838e-02 -2.199926199999999860e-02 7.440452300000000019e-02 -9.554187000000000443e-03 9.969397190000000020e-01
1.702688240315544844e+09 -3.340450999999999924e-03 3.443109999999999769e-04 2.199355100000000007e-02 -2.229430899999999827e-02 7.257197799999999532e-02 -9.680981999999999435e-03 9.970670339999999632e-01
1.702688240812864542e+09 -3.327590999999999969e-03 3.466639999999999999e-04 2.208802299999999830e-02 -2.193950700000000045e-02 7.602874199999999638e-02 -8.722983000000000126e-03 9.968260530000000452e-01
1.702688241230705738e+09 -3.323477000000000028e-03 3.462009999999999740e-04 2.216784999999999936e-02 -2.279174700000000109e-02 7.620565599999999662e-02 -9.082586999999999605e-03 9.967902299999999993e-01
1.702688241652239799e+09 -3.313696000000000089e-03 3.494990000000000228e-04 2.224529199999999984e-02 -2.260447900000000024e-02 7.757965499999999737e-02 -9.081382000000000690e-03 9.966885450000000368e-01
1.702688242104535341e+09 -3.296633000000000202e-03 3.539710000000000165e-04 2.233028999999999917e-02 -2.089788399999999852e-02 8.001555500000000209e-02 -8.619616000000000083e-03 9.965372679999999761e-01
1.702688242478490353e+09 -3.279353000000000042e-03 3.584390000000000015e-04 2.240105699999999853e-02 -2.246360099999999971e-02 8.135987100000000027e-02 -8.637821000000000388e-03 9.963941570000000025e-01
1.702688242896991491e+09 -3.269679000000000162e-03 3.642990000000000030e-04 2.248236500000000068e-02 -2.466867299999999860e-02 8.524763600000000163e-02 -9.583239999999999814e-03 9.960082770000000529e-01
1.702688243353327990e+09 -3.247762999999999865e-03 3.675199999999999778e-04 2.256627900000000159e-02 -2.400658799999999884e-02 8.568604300000000340e-02 -9.512908999999999948e-03 9.959875350000000349e-01
1.702688243685340405e+09 -3.253448999999999838e-03 3.704490000000000170e-04 2.263151899999999925e-02 -2.624989700000000120e-02 8.180208499999999661e-02 -9.629514000000000476e-03 9.962563509999999845e-01
1.702688244103419304e+09 -3.233465000000000037e-03 3.710709999999999985e-04 2.270639899999999864e-02 -2.436882099999999884e-02 6.752137800000000689e-02 -8.039707000000000103e-03 9.973878259999999774e-01
1.702688244435039282e+09 -3.230803999999999881e-03 3.763899999999999928e-04 2.276793699999999851e-02 -2.203681500000000126e-02 5.876121699999999753e-02 -7.801928999999999982e-03 9.979982969999999787e-01
1.702688244726606369e+09 -3.228954999999999933e-03 3.795849999999999919e-04 2.282488900000000098e-02 -2.213535299999999997e-02 5.103317999999999743e-02 -7.165351000000000359e-03 9.984259009999999490e-01
1.702688245018846273e+09 -3.222763999999999924e-03 3.810400000000000245e-04 2.287753099999999956e-02 -2.132286499999999987e-02 5.281867099999999760e-02 -6.958607999999999807e-03 9.983522299999999516e-01
1.702688245354644299e+09 -3.225270000000000133e-03 3.824340000000000183e-04 2.293829199999999902e-02 -2.039466599999999880e-02 5.322441499999999714e-02 -6.692795999999999988e-03 9.983518719999999735e-01
1.702688245682865858e+09 -3.218506999999999792e-03 3.850099999999999746e-04 2.299384200000000045e-02 -2.084756100000000056e-02 5.233878299999999983e-02 -6.175337999999999834e-03 9.983926419999999968e-01
1.702688245974857330e+09 -3.212029999999999833e-03 3.842799999999999732e-04 2.301053000000000126e-02 -2.192791900000000058e-02 5.264904699999999743e-02 -6.645087000000000042e-03 9.983502029999999916e-01
1.702688246266717196e+09 -3.212809000000000064e-03 3.840739999999999823e-04 2.301066699999999854e-02 -2.221017000000000130e-02 5.453839199999999804e-02 -6.684922000000000260e-03 9.982422589999999651e-01
1.702688246558779716e+09 -3.212513000000000174e-03 3.845820000000000119e-04 2.301059800000000016e-02 -2.162139100000000022e-02 5.433768800000000204e-02 -6.766023000000000349e-03 9.982656239999999626e-01
1.702688246933677197e+09 -3.212267999999999894e-03 3.843879999999999931e-04 2.301091099999999848e-02 -2.188835500000000170e-02 5.399763199999999680e-02 -6.681427000000000199e-03 9.982787969999999955e-01
