1703784360022506240.000000 0.000000000 0.000000000 0.000000000 -0.000000000 -0.000000000 -0.000000000 1.000000000
1703784360143980544.000000 -0.000153026 0.000074667 0.009345422 0.000199105 0.000246814 -0.000267034 0.999999940
1703784360186384896.000000 -0.000019293 0.000064518 0.012359443 0.000165523 -0.000161259 -0.000198012 1.000000000
1703784360312967936.000000 -0.000318484 0.000017665 0.021351913 0.000984829 -0.001404462 -0.000717813 0.999998271
1703784360481251840.000000 -0.000443487 0.000018718 0.033663124 0.001169388 -0.001971500 -0.001134289 0.999996722
1703784361642393600.000000 -0.001321336 -0.000374946 0.118688188 0.002374365 -0.006143995 -0.000269210 0.999978304
1703784361767729920.000000 -0.001568818 -0.000472622 0.127732441 0.003228299 -0.008159019 -0.000132216 0.999961495
1703784361893409280.000000 -0.001487512 -0.000659777 0.136701286 0.003469423 -0.008311504 0.000011504 0.999959469
1703784362104622592.000000 -0.002050035 -0.000595897 0.152344510 0.003058620 -0.007452736 -0.000139296 0.999967575
1703784363891480576.000000 -0.004086848 -0.001173100 0.284628958 0.001492753 -0.008966388 -0.000369503 0.999958634
1703784364932721664.000000 -0.006247499 -0.001139263 0.361917824 0.001908388 -0.013547601 0.000332972 0.999906361
1703784365059247360.000000 -0.007073061 -0.001035904 0.371532351 0.002664721 -0.014551746 0.000074650 0.999890566
1703784365389751296.000000 -0.007440950 -0.001043841 0.395578235 0.002092859 -0.015290029 0.000165758 0.999880910
1703784365556113664.000000 -0.008842472 -0.001503994 0.407984197 0.002565553 -0.014880516 0.000080647 0.999885976
1703784369137587968.000000 -0.020550311 -0.000572507 0.672060251 -0.000096226 -0.021038605 0.002047239 0.999776602
1703784369344375296.000000 -0.021028383 -0.000626383 0.687049687 0.000244852 -0.017068194 0.001762247 0.999852777
1703784369513425920.000000 -0.021485981 -0.000522637 0.699937463 -0.000885186 -0.016990650 0.002010384 0.999853253
1703784369759958784.000000 -0.022171685 -0.000756013 0.718179226 -0.001023804 -0.018467808 0.001885747 0.999827147
1703784371426641920.000000 -0.027291948 -0.001906492 0.838329792 0.004383938 -0.009081827 -0.000277994 0.999949098
1703784371675909888.000000 -0.028249040 -0.002334121 0.853402615 0.003894395 -0.015880097 0.000605495 0.999866128
1703784372428327680.000000 -0.034588564 -0.002695438 0.906591535 0.005712301 -0.052062955 0.000669191 0.998627245
1703784372923496192.000000 -0.039042771 -0.002902833 0.943249464 0.003646841 -0.058211178 0.000840196 0.998297274
1703784373178196992.000000 -0.040958129 -0.002828333 0.961273730 0.003796930 -0.059060059 0.001508692 0.998246074
1703784373466591488.000000 -0.043852903 -0.002815810 0.983044982 0.002156929 -0.063094147 0.001383069 0.998004317
1703784374048839680.000000 -0.048409753 -0.001969584 1.026483178 -0.000617761 -0.053477880 0.002344949 0.998566091
1703784374340732672.000000 -0.050822865 -0.002135643 1.048112154 -0.000746204 -0.046244837 0.001195567 0.998929203
1703784375216461824.000000 -0.054004788 -0.002553160 1.111434102 0.001045384 -0.023175867 0.001022499 0.999730349
1703784375547644672.000000 -0.054795351 -0.002556732 1.135103703 0.001192418 -0.021578355 0.000386114 0.999766409
1703784375924800000.000000 -0.056880109 -0.002677520 1.162998199 -0.000155953 -0.026296739 -0.000011126 0.999654174
1703784376341199360.000000 -0.058140136 -0.002571991 1.193020225 0.000288150 -0.018693142 -0.000307661 0.999825180
1703784376672067840.000000 -0.058506276 -0.002079175 1.217479110 -0.001041475 -0.014870571 -0.000943652 0.999888480
1703784377007226368.000000 -0.059254274 -0.002091590 1.241775870 -0.002310339 -0.015856192 -0.000917393 0.999871194
1703784377380127232.000000 -0.060402628 -0.002030427 1.268933058 -0.002079640 -0.013114696 -0.002612514 0.999908447
1703784377837789440.000000 -0.060954697 -0.002060734 1.302429438 -0.001612169 -0.017437929 -0.000720813 0.999846399
1703784378297250816.000000 -0.062487122 -0.001844188 1.335785031 -0.001453223 -0.019426031 -0.000620687 0.999810040
1703784378794466304.000000 -0.063926660 -0.002177171 1.372474432 -0.001618047 -0.020112785 -0.000785805 0.999796093
1703784379252372992.000000 -0.065611884 -0.001310970 1.406499743 -0.002521962 -0.021651970 -0.001244096 0.999761641
1703784379668681984.000000 -0.066703908 -0.001712245 1.436251640 -0.001801217 -0.017393067 -0.001002094 0.999846637
1703784380129389056.000000 -0.067346506 -0.001444139 1.469557762 -0.001176577 -0.016334144 -0.000351551 0.999865890
1703784380586558208.000000 -0.068993345 -0.001610446 1.502825618 -0.000986446 -0.023723036 -0.000646200 0.999717891
1703784381005775104.000000 -0.070311017 -0.001470833 1.533309460 -0.000738461 -0.024126271 0.000962161 0.999708176
1703784381418283776.000000 -0.071900621 -0.001583525 1.562518120 -0.000432865 -0.028774161 0.001201903 0.999585152
1703784381791591936.000000 -0.071180917 -0.001177321 1.591030836 -0.002025011 -0.008037179 0.000801093 0.999965310
1703784382251308544.000000 -0.069135711 -0.001536432 1.624123454 -0.000381435 0.016423453 0.001273131 0.999864280
1703784383166155776.000000 -0.062409963 -0.001904066 1.690216184 0.001528069 0.054738156 0.000214463 0.998499572
1703784383582515200.000000 -0.057711966 -0.002147547 1.719985127 0.002344361 0.072007395 -0.000262842 0.997401357
1703784384039674880.000000 -0.051390991 -0.001722291 1.753561854 0.000739977 0.077480048 0.000721562 0.996993363
1703784384544103424.000000 -0.046790421 -0.002544263 1.790721416 -0.000436381 0.072718740 0.000122034 0.997352421
1703784384998497792.000000 -0.041424554 -0.002337638 1.823997736 -0.000439861 0.068646826 0.000262097 0.997640908
1703784386498088960.000000 -0.028776167 -0.002733671 1.932534814 -0.000617986 0.060972277 0.000539075 0.998139143
1703784387038962944.000000 -0.024286561 -0.002635726 1.971553564 0.001540988 0.060708299 -0.000021260 0.998154402
1703784388037490688.000000 -0.015851725 -0.002917445 2.044020653 0.001758663 0.058610920 0.000016897 0.998279333
1703784388576959488.000000 -0.010459277 -0.002783977 2.083555937 0.001342807 0.070979811 0.000827430 0.997476518
1703784389083643392.000000 -0.005946083 -0.002602362 2.119160891 0.000786760 0.059624553 0.000634723 0.998220384
1703784389665032192.000000 -0.003728693 -0.002936292 2.161421061 0.002700277 0.033327334 0.001599828 0.999439597
1703784390246065664.000000 -0.001302149 -0.002814321 2.205093384 0.000475584 0.029462107 0.001916959 0.999563992
1703784390783964160.000000 0.003014600 -0.002750308 2.244419813 0.001085958 0.046862382 0.000557069 0.998900652
1703784391451585024.000000 0.007502402 -0.002571346 2.293470621 -0.000015431 0.046418294 0.000425260 0.998922050
1703784392241395968.000000 0.012729081 -0.002953081 2.351050377 0.001400484 0.044596612 0.000969040 0.999003649
1703784392952522240.000000 0.017850181 -0.002996817 2.401224852 0.003577697 0.047651246 0.001465274 0.998856544
1703784393626829568.000000 0.022662580 -0.003228499 2.450144053 0.002794768 0.051562164 0.001345560 0.998664975
1703784394203167232.000000 0.026596092 -0.003021717 2.492612123 0.003376960 0.051883355 0.001764357 0.998645902
1703784395034668800.000000 0.034979213 -0.003480384 2.553707361 0.000678199 0.062809564 0.000782326 0.998025000
1703784395656391168.000000 0.042150702 -0.003823252 2.598347187 0.001575892 0.077260807 0.000709283 0.997009456
1703784396238164480.000000 0.050508231 -0.003446600 2.640862465 0.001184794 0.090005271 0.000800127 0.995940268
1703784396736968192.000000 0.057033062 -0.003647006 2.676911354 0.000789874 0.096708082 -0.000074173 0.995312452
1703784397279750400.000000 0.063975677 -0.003977168 2.715465069 0.000734571 0.091833472 0.000008522 0.995774090
1703784397862036992.000000 0.069910698 -0.004135005 2.757151842 0.003432588 0.074983180 0.000056716 0.997178912
1703784398409216000.000000 0.073500626 -0.004152942 2.796672106 0.002821936 0.051822003 0.000261946 0.998652339
1703784398908652800.000000 0.074049331 -0.004040898 2.833848000 0.001086688 0.029752273 -0.000456330 0.999556661
1703784399442791168.000000 0.074245319 -0.004177487 2.874443054 -0.001013079 0.004593697 -0.000029353 0.999988973
1703784400070503168.000000 0.070865393 -0.003825665 2.919124365 -0.001139225 -0.023014080 0.000416356 0.999734402
1703784400609543680.000000 0.068038329 -0.003205164 2.959470510 -0.001178405 -0.028354356 -0.000695037 0.999597013
1703784401066779648.000000 0.065254472 -0.002811705 2.993441105 -0.002179262 -0.028610509 -0.001046157 0.999587715
1703784401567448064.000000 0.062342249 -0.002412728 3.029801130 -0.001698703 -0.028996969 -0.002232322 0.999575555
1703784402150418176.000000 0.060746957 -0.002530026 3.072194815 -0.000969992 -0.032145489 -0.000697386 0.999482512
1703784402732513024.000000 0.057496041 -0.002401935 3.114791870 -0.001450118 -0.034009721 -0.001650463 0.999419093
1703784403190059008.000000 0.055833653 -0.002232140 3.148403406 -0.002855474 -0.022326851 -0.001402419 0.999745667
1703784403649603840.000000 0.054190788 -0.001892990 3.181475163 -0.001172816 -0.026516141 -0.001254795 0.999646962
1703784404231219712.000000 0.052135061 -0.002188837 3.224239349 -0.002420884 -0.024973867 -0.000875294 0.999684811
1703784404771872000.000000 0.049824655 -0.002487332 3.262752295 0.001128840 -0.028034599 -0.000559347 0.999606133
1703784405329666304.000000 0.048680387 -0.001902587 3.302330971 0.000801406 -0.015984902 -0.000007097 0.999871910
1703784405859408640.000000 0.048328605 -0.001725300 3.342028856 -0.000097917 -0.005951001 -0.000362858 0.999982238
1703784406356488704.000000 0.048104428 -0.001785185 3.378408432 0.000203265 -0.001657127 0.000085796 0.999998629
1703784406936085248.000000 0.049292613 -0.001864442 3.421387434 0.000349819 0.005491243 0.000075265 0.999984860
1703784407479896576.000000 0.050632074 -0.001860302 3.460579872 0.001260990 0.014649525 -0.000585131 0.999891758
1703784408018391296.000000 0.052450560 -0.001756477 3.500232935 0.000991655 0.019792082 -0.000904181 0.999803245
1703784408560763136.000000 0.053840399 -0.001610238 3.540153742 -0.000053558 0.025414398 -0.001090206 0.999676406
1703784409102978048.000000 0.055107091 -0.001267083 3.580072165 -0.001119419 0.014602739 -0.001274607 0.999891937
1703784409686966272.000000 0.054769702 -0.000935688 3.622285366 0.000902996 -0.000626022 -0.001248159 0.999998629
1703784410231238912.000000 0.056962729 -0.000494115 3.661302567 -0.002671341 0.021639084 -0.001240966 0.999761522
1703784410895402240.000000 0.055529758 -0.001075582 3.685068846 -0.000614630 -0.002136675 -0.001691493 0.999996126
1703784411481023488.000000 0.059202228 -0.000438490 3.725991964 0.000748559 0.023099352 -0.000088382 0.999732912
1703784412016225536.000000 0.061842173 0.000078458 3.765954494 -0.001985577 0.034301616 -0.000163656 0.999409556
1703784412559817984.000000 0.067714483 0.000108698 3.805068970 0.000729968 0.054609876 0.000118117 0.998507500
1703784413139529984.000000 0.076067559 -0.000080866 3.846541405 -0.000307378 0.083984174 0.000601389 0.996466875
1703784413682351360.000000 0.084469534 -0.000503642 3.884817362 -0.000795186 0.109430082 0.000812550 0.993993878
1703784414806374656.000000 0.109059498 -0.001877131 3.962452412 0.000834113 0.144689217 -0.000685837 0.989476562
1703784415347641600.000000 0.121959642 -0.001357932 4.000367165 -0.000430591 0.158231676 -0.000374962 0.987401903
1703784415845721600.000000 0.132723704 -0.001667876 4.033831120 0.000154856 0.151162654 0.000032767 0.988508940
1703784416346784000.000000 0.142638743 -0.001924149 4.068541050 -0.000593120 0.144084767 -0.001651222 0.989563823
1703784419343833088.000000 0.131193906 0.003350720 4.249769688 0.000223004 -0.101981744 0.000677238 0.994786024
1703784419893578240.000000 0.118850820 0.003344568 4.286456108 -0.002494855 -0.127298877 0.002433308 0.991858304
1703784420424743168.000000 0.105954990 0.003143023 4.325509071 -0.003189084 -0.150796160 0.000641573 0.988559544
1703784421010624512.000000 0.089262798 0.002737516 4.364041805 -0.001826354 -0.176254585 0.000734617 0.984342635
1703784421509067264.000000 0.075392425 0.002190281 4.397580624 -0.002486518 -0.199107066 0.000690326 0.979974329
1703784422052173568.000000 0.056788757 0.002820259 4.433208466 -0.003598077 -0.223946542 -0.000489290 0.974594653
1703784422516175872.000000 0.041037172 0.002096755 4.462481022 -0.003993860 -0.244785056 0.000096378 0.969569147
1703784423009670144.000000 0.020756721 0.002732833 4.493124008 -0.003611088 -0.266612440 0.000077849 0.963797092
1703784424509125888.000000 -0.045725703 0.002012685 4.579154968 -0.003876034 -0.334264547 0.001927614 0.942469358
1703784425421473024.000000 -0.093730092 0.001884098 4.627400398 -0.003899452 -0.380749494 0.001860487 0.924668133
1703784425841462272.000000 -0.115843654 0.001025986 4.646250248 -0.003054355 -0.401811928 0.000937755 0.915716708
1703784426295123456.000000 -0.142383218 0.001434508 4.666529655 -0.003596479 -0.425218642 0.001778047 0.905081749
1703784426754387968.000000 -0.170788527 0.002402485 4.685828686 -0.005687054 -0.450128049 0.000756943 0.892945588
1703784428417596928.000000 -0.273835659 0.002680471 4.732146263 -0.005124524 -0.563878417 0.002201527 0.825838983
1703784428793510656.000000 -0.296167374 0.002537822 4.737127304 -0.004204832 -0.591240942 0.001640320 0.806482375
1703784429168010752.000000 -0.322564602 0.003178257 4.741815567 -0.005802249 -0.619859755 0.001609776 0.784689486
1703784429542188800.000000 -0.341574907 0.003057355 4.742396355 -0.004919847 -0.648571551 0.001644802 0.761136055
1703784429924036096.000000 -0.358109236 0.003437607 4.742485523 -0.004479559 -0.669832885 0.002792186 0.742493212
1703784430376052992.000000 -0.375689030 0.003463659 4.742619038 -0.003785870 -0.684091389 0.004258621 0.729374051
1703784430791922176.000000 -0.405456543 0.003655612 4.743463993 -0.006055434 -0.693029225 0.002559653 0.720879495
1703784431250886656.000000 -0.438264370 0.003739867 4.745254040 -0.005346857 -0.687676668 0.001473838 0.725995898
1703784431675343616.000000 -0.468443871 0.004384048 4.748634815 -0.005408531 -0.680162549 0.001952106 0.733038783
1703784432087243264.000000 -0.498439789 0.004759533 4.748317242 -0.005174709 -0.698231936 0.001865068 0.715850472
1703784432456080896.000000 -0.524522305 0.004612597 4.746906757 -0.004982295 -0.710887551 0.001964895 0.703285277
1703784432919450880.000000 -0.557843685 0.004786799 4.745576382 -0.004752234 -0.713620067 0.001840491 0.700514436
1703784433288340736.000000 -0.585354805 0.005304441 4.746042728 -0.005475939 -0.709173679 0.001578912 0.705010831
1703784433747887104.000000 -0.617697716 0.005697111 4.743943214 -0.005145407 -0.723475873 0.002990864 0.690324008
1703784434204754944.000000 -0.650652885 0.005723981 4.742545128 -0.004536778 -0.717394948 0.000900486 0.696651399
1703784434621040896.000000 -0.679667950 0.005579872 4.743321419 -0.004497344 -0.704133809 0.001345010 0.710051775
1703784435039770624.000000 -0.708920002 0.005691018 4.745388031 -0.002879227 -0.690901637 0.002710734 0.722938061
1703784435495979264.000000 -0.742010832 0.005352747 4.749853611 -0.003311086 -0.673683703 0.003449186 0.739004314
1703784435911016704.000000 -0.771470547 0.005848296 4.754606247 -0.002362275 -0.659360647 0.002580337 0.751818597
1703784436369227520.000000 -0.804056406 0.005983438 4.758322716 -0.004032087 -0.662411213 0.002285797 0.749126196
1703784436785152256.000000 -0.834785461 0.006446298 4.761072636 -0.006533171 -0.671953022 0.000146277 0.740564942
1703784437243511552.000000 -0.866662264 0.006559875 4.760835648 -0.004465466 -0.691783607 0.001523432 0.722089469
1703784437704177408.000000 -0.898383856 0.006666257 4.766138077 -0.003377689 -0.669379592 0.003041644 0.742906749
1703784438158672640.000000 -0.931016684 0.006800346 4.769820690 -0.002836945 -0.663980246 0.002798879 0.747739494
1703784438621182976.000000 -0.963022709 0.006963364 4.770721436 -0.003183129 -0.681434691 0.002491161 0.731867790
1703784439122312448.000000 -0.997878313 0.006805872 4.775679111 -0.002251073 -0.664729655 0.002047764 0.747077882
1703784439618345728.000000 -1.032417297 0.006339327 4.781886578 -0.002432861 -0.646255910 0.003507208 0.763108850
1703784440121641984.000000 -1.067028046 0.006615393 4.789062977 -0.002058205 -0.631042898 0.002949690 0.775739610
1703784440617167872.000000 -1.101302624 0.007056095 4.798031807 -0.003411291 -0.615539491 0.002295767 0.788095295
1703784441078886144.000000 -1.131902695 0.007663399 4.807571888 -0.002686672 -0.600252390 0.002214860 0.799803078
1703784441492898304.000000 -1.160377383 0.008093040 4.816824436 -0.003251916 -0.586179852 0.000942171 0.810173869
1703784441918869760.000000 -1.186935782 0.008285512 4.828314781 -0.002547810 -0.571006954 0.001257036 0.820940375
1703784442410991872.000000 -1.219120741 0.008021733 4.842057228 -0.001932310 -0.554860890 0.002469544 0.831937253
1703784442948893952.000000 -1.254346132 0.008150343 4.857536316 -0.002383951 -0.545584559 0.003000784 0.838047087
1703784443530624000.000000 -1.290892124 0.008269440 4.875150204 -0.000391759 -0.536055446 0.004434487 0.844171047
1703784443987205632.000000 -1.320741653 0.009003321 4.888740540 -0.001181623 -0.538076162 0.004016553 0.842885852
1703784444407568384.000000 -1.347170830 0.008742769 4.900063515 -0.000283602 -0.544635534 0.004457399 0.838660955
1703784444820491776.000000 -1.372525692 0.008772657 4.912510872 -0.002253416 -0.539388359 0.004803640 0.842040479
1703784445238239232.000000 -1.398660183 0.009282669 4.926574707 -0.002285771 -0.524261475 0.003751088 0.851545990
1703784445741558784.000000 -1.429807901 0.009397278 4.944000721 -0.003230115 -0.504869699 0.002220052 0.863186657
1703784446194812928.000000 -1.458353758 0.009385173 4.958164215 -0.003248620 -0.516445696 0.002610498 0.856309831
1703784446568116992.000000 -1.482083440 0.009623262 4.969572067 -0.003598598 -0.521421492 0.002847161 0.853286862
1703784446943868928.000000 -1.504704475 0.009673364 4.982354164 -0.002511798 -0.511234581 0.003539257 0.859430254
1703784447281284608.000000 -1.524630189 0.009734577 4.994393349 -0.001856167 -0.502530158 0.003650119 0.864550054
1703784447611311104.000000 -1.544214487 0.009968097 5.006728172 -0.001854228 -0.491084367 0.003357867 0.871103644
1703784447942962176.000000 -1.562455177 0.009533634 5.020015240 -0.001349164 -0.474239349 0.004795040 0.880381882
1703784448276717312.000000 -1.580491781 0.010076597 5.034766197 -0.000553694 -0.461065322 0.006046045 0.887345433
1703784448614529792.000000 -1.599485159 0.010355175 5.049249649 -0.001085885 -0.448752403 0.005362878 0.893639386
1703784448983522560.000000 -1.618683696 0.010212304 5.067618370 -0.002363123 -0.429521143 0.005720494 0.903035581
1703784449316970496.000000 -1.635105848 0.009990627 5.083539009 -0.001758578 -0.410126537 0.006200536 0.912005842
1703784449691729152.000000 -1.653115988 0.009661209 5.102677345 -0.001389693 -0.383859932 0.005636364 0.923373103
1703784450275902464.000000 -1.676926851 0.009434298 5.135795116 -0.002521995 -0.331082463 0.004716342 0.943586648
1703784450565627136.000000 -1.687562108 0.009770094 5.153698921 -0.002041044 -0.304464549 0.004427272 0.952511191
1703784450857978624.000000 -1.697767258 0.010236786 5.171309948 -0.001671043 -0.279752642 0.004647854 0.960059404
1703784451150136320.000000 -1.707726121 0.009953695 5.189246178 -0.003183533 -0.259797484 0.002747906 0.965654016
1703784451485425920.000000 -1.718687534 0.010493229 5.209619045 -0.002511957 -0.250846446 0.003592380 0.968016982
1703784451734976512.000000 -1.726349354 0.010399668 5.224700928 0.000137368 -0.244547933 0.004070661 0.969628692
1703784453313257728.000000 -1.775285959 0.012350554 5.326142311 -0.008177785 -0.222889259 0.000460019 0.974809349
1703784453983546112.000000 -1.797474742 0.011695486 5.362768173 0.002651209 -0.240787700 -0.003587022 0.970567584
1703784454563269120.000000 -1.812475443 0.009593869 5.391030788 0.011747622 -0.245900437 0.002434488 0.969220877
1703784455647078912.000000 -1.841372013 0.009808358 5.462008953 0.005665293 -0.186292380 -0.000175097 0.982478023
1703784456310715904.000000 -1.854453683 0.010318277 5.507384777 0.001095034 -0.151583418 0.000232674 0.988443851
1703784457561182208.000000 -1.871330380 0.010504064 5.593694210 -0.003092277 -0.089515284 -0.000871669 0.995980263
1703784458230830848.000000 -1.875942826 0.010990039 5.639988422 -0.003058624 -0.054941967 -0.001334443 0.998483956
1703784459603581696.000000 -1.885192871 0.011128468 5.733335972 -0.000111004 -0.059949387 -0.000608068 0.998201251
1703784459937239040.000000 -1.888965487 0.011214404 5.756000996 -0.000783210 -0.070155501 -0.001183251 0.997535050
1703784460265170688.000000 -1.892362595 0.010644902 5.778615475 0.000723601 -0.078965023 -0.001174121 0.996876419
1703784460933340928.000000 -1.899942279 0.010973346 5.824659824 -0.001617700 -0.075785920 -0.001240439 0.997122049
1703784461268145664.000000 -1.903634667 0.011447874 5.847535610 -0.001256835 -0.074635498 -0.001139787 0.997209430
1703784462099614720.000000 -1.912402749 0.011900749 5.904801846 -0.002623996 -0.068558708 -0.001605249 0.997642338
1703784462474198016.000000 -1.914198875 0.012228907 5.930294514 -0.001544751 -0.055363696 -0.001281158 0.998464227
1703784463265740032.000000 -1.918368816 0.012377342 5.984472752 -0.000871517 -0.041041180 -0.001316819 0.999156237
1703784463639989504.000000 -1.919841647 0.012526787 6.009773731 -0.000653542 -0.032752547 -0.001119082 0.999462664
1703784464387882496.000000 -1.921673298 0.012600389 6.062278748 -0.002461178 -0.019419139 -0.001317820 0.999807537
1703784464761944576.000000 -1.921198010 0.012241252 6.088090420 -0.002184635 -0.004053059 -0.000941435 0.999988973
1703784465179252736.000000 -1.919981718 0.012299797 6.116463184 -0.001362938 0.008149045 -0.000926020 0.999965429
1703784465593988608.000000 -1.918281078 0.012344144 6.144635677 -0.001170531 0.020671038 -0.000919659 0.999785244
1703784466012424192.000000 -1.916534424 0.012203578 6.172753334 0.000970362 0.023855228 -0.000280492 0.999714971
1703784466441144320.000000 -1.915839076 0.012325550 6.201406479 -0.000227258 0.022761500 -0.000428718 0.999740839
1703784466885472000.000000 -1.915536046 0.012554420 6.233005524 -0.000789497 0.012650006 -0.000489611 0.999919593
1703784467388131328.000000 -1.916419387 0.012429371 6.266950130 0.000414617 0.002494105 -0.001596062 0.999995530
1703784467886725376.000000 -1.917105675 0.013228592 6.301771164 -0.001619381 -0.010952521 -0.001315791 0.999937832
1703784468344585728.000000 -1.919835448 0.012839066 6.326653481 -0.001699287 -0.028814813 -0.001711234 0.999581873
1703784468883388672.000000 -1.918365359 0.013067689 6.362559795 -0.001985200 -0.000091482 -0.001581635 0.999996781
1703784469388759552.000000 -1.916859031 0.013398115 6.396943092 -0.001568559 0.020710135 -0.001930585 0.999782443
1703784469924350208.000000 -1.912389040 0.013779426 6.434025288 -0.000959204 0.044723757 -0.001798754 0.998997331
1703784470384771840.000000 -1.908251643 0.013896298 6.465888977 -0.002116806 0.062108129 -0.002345727 0.998064458
1703784470884932608.000000 -1.902951002 0.014208122 6.500504971 -0.001114576 0.066052936 -0.001786118 0.997813940
1703784471381677824.000000 -1.899287462 0.014291066 6.534020424 -0.000208800 0.058715876 -0.000417251 0.998274624
1703784471881525760.000000 -1.893257618 0.014381885 6.568290234 -0.000934480 0.077495120 -0.001297009 0.996991456
1703784472426494464.000000 -1.884509802 0.013773298 6.604578018 0.001762701 0.095588870 -0.000416662 0.995419264
1703784472922556672.000000 -1.879962444 0.012947176 6.638500690 0.001563099 0.068671785 -0.000443801 0.997637987
1703784473422819584.000000 -1.875371933 0.012401154 6.671001911 0.001762151 0.073204093 -0.001015451 0.997314930
1703784473878541056.000000 -1.869679689 0.012510390 6.702848434 0.000509135 0.087425321 0.000069339 0.996170998
1703784474377659392.000000 -1.862423539 0.012462258 6.737256050 0.000040839 0.093493149 0.000324505 0.995619893
1703784474919929344.000000 -1.858152390 0.012192801 6.774601460 -0.001025259 0.074818045 -0.000970384 0.997196257
1703784475418912512.000000 -1.855207801 0.012080893 6.808650494 -0.001901753 0.052184407 0.000142925 0.998635650
1703784475919638784.000000 -1.853359103 0.011690704 6.842669964 -0.001283799 0.028766375 0.000433838 0.999585271
1703784476376712448.000000 -1.852593303 0.011983423 6.874350071 -0.002840828 0.010080646 0.000816236 0.999944806
1703784476835718912.000000 -1.852924347 0.011983169 6.905244827 -0.002951854 -0.005171275 0.001343188 0.999981403
1703784477384664832.000000 -1.854032040 0.011988611 6.942101479 -0.002801778 -0.011463867 0.001348995 0.999929488
1703784477833156352.000000 -1.854631782 0.012004288 6.973047733 -0.004192594 -0.008885915 0.001465761 0.999950647
1703784478291509504.000000 -1.855068564 0.011661308 7.003556252 -0.003147344 -0.010459497 0.000169968 0.999940336
1703784479334775040.000000 -1.858586192 0.011655242 7.074405193 -0.002490234 -0.011484776 0.000763897 0.999930680
1703784481418055680.000000 -1.865010858 0.011705184 7.215037346 -0.004736950 -0.007683643 0.000519027 0.999959171
1703784481871390720.000000 -1.866284847 0.011900135 7.245492935 -0.002652589 -0.015230145 0.000731318 0.999880254
1703784482289315584.000000 -1.866524458 0.012614572 7.274254322 -0.004183734 -0.015562500 0.000184919 0.999870181
1703784483332620032.000000 -1.867148995 0.013627092 7.344852448 -0.003594827 -0.015396153 0.000565662 0.999874890
1703784483872101632.000000 -1.867341042 0.014584407 7.381418705 -0.002926826 -0.014324070 0.000658974 0.999892950
1703784484327495168.000000 -1.866860986 0.014220046 7.412562370 -0.002991361 -0.015036596 0.001203041 0.999881804
1703784484746025728.000000 -1.868441105 0.013688688 7.440289021 -0.001424258 -0.015919669 0.001831219 0.999870598
1703784485204776960.000000 -1.868825555 0.014014569 7.470941067 -0.001064162 -0.016900711 0.001295858 0.999855816
1703784485619839232.000000 -1.869517565 0.014333250 7.498487949 -0.003397203 -0.014972905 0.000888673 0.999881744
1703784486951471104.000000 -1.871998906 0.015260636 7.589569569 -0.007354049 -0.012527218 0.000975307 0.999894023
1703784487325419008.000000 -1.871008873 0.015207548 7.614430428 -0.005057933 -0.012424173 0.001404504 0.999909043
1703784487700248064.000000 -1.871292233 0.014968485 7.639657497 -0.004003347 -0.013250130 0.001758717 0.999902666
1703784488036878592.000000 -1.872146130 0.015104309 7.662329674 -0.003819632 -0.013379323 0.002017483 0.999901175
1703784488784774656.000000 -1.874594092 0.015670253 7.712615013 -0.002734873 -0.023366030 0.002034708 0.999721169
1703784489365447168.000000 -1.875460029 0.015319513 7.729661465 -0.005431540 -0.023136776 0.002111258 0.999715328
1703784489616868608.000000 -1.875666618 0.015311173 7.728700161 -0.004239804 -0.022990456 0.002261655 0.999724150
