1702688152640086528.000000 0.000000000 0.000000000 0.000000000 -0.000000000 -0.000000000 -0.000000000 1.000000000
1702688152931229952.000000 0.000731762 0.000096525 0.009275424 -0.000324380 0.010627476 -0.000098517 0.999943495
1702688153267913216.000000 0.001337440 0.000012777 0.019831093 0.000603275 0.021381484 -0.000362268 0.999771178
1702688153348134400.000000 0.001573446 0.000092660 0.022604002 0.001596089 0.023538470 -0.000454578 0.999721587
1702688153475735808.000000 0.001697666 0.000088335 0.026584957 0.001260611 0.025863862 -0.001127504 0.999664068
1702688153804666112.000000 0.002357561 0.000097905 0.037286866 0.001738787 0.025844168 -0.001585223 0.999663234
1702688153977144576.000000 0.002730837 0.000217727 0.042833395 0.001040200 0.025473490 -0.002257721 0.999672413
1702688154473976832.000000 0.002902447 0.000127692 0.058497086 0.003179905 0.019331912 -0.003510969 0.999801934
1702688154555123200.000000 0.002886457 0.000223614 0.061142284 0.003719664 0.017418221 -0.003753806 0.999834359
1702688154638869760.000000 0.002969464 0.000159691 0.063946404 0.003956487 0.014755278 -0.003585722 0.999876916
1702688154722091776.000000 0.002885381 0.000351781 0.066659138 0.004554785 0.011676747 -0.003802014 0.999914229
1702688154973164544.000000 0.002698241 0.000133935 0.074640833 0.004196199 0.002774092 -0.002969253 0.999982953
1702688155097371392.000000 0.002833296 0.000023808 0.078988537 0.003036910 -0.000775155 -0.002158773 0.999992788
1702688155225627136.000000 0.002623032 -0.000018993 0.082856506 0.002961040 -0.002654616 -0.002353529 0.999989331
1702688155345086208.000000 0.002479985 -0.000030498 0.087236963 0.001961043 -0.006820126 -0.002978081 0.999970436
1702688155511144960.000000 0.002269896 -0.000083615 0.092319883 0.000632812 -0.011573130 -0.002133747 0.999930561
1702688155641277184.000000 0.001822240 0.000054827 0.095872998 0.001204923 -0.015692232 -0.003012656 0.999871612
1702688155886714112.000000 0.001353357 0.000376048 0.104301728 0.000411076 -0.028032271 -0.003047749 0.999602258
1702688156054668032.000000 0.000833716 0.000424189 0.108877517 -0.000601618 -0.033173915 -0.002731649 0.999445736
1702688156178727424.000000 0.000542629 0.000415407 0.112009652 0.000776708 -0.035661317 -0.003472305 0.999357641
1702688156522657536.000000 -0.000881010 0.000162111 0.123513125 0.000150698 -0.054468501 -0.002675926 0.998511910
1702688156678430208.000000 -0.001662434 -0.000044027 0.128320441 0.000785546 -0.064320095 -0.002128265 0.997926772
1702688156846200832.000000 -0.002959670 0.000084941 0.133883461 0.001270961 -0.072302818 -0.002559256 0.997378647
1702688158426708992.000000 -0.014301623 0.000706904 0.184587225 -0.001034372 -0.113769479 -0.003676567 0.993499815
1702688158637795328.000000 -0.015306543 0.001042349 0.191281408 -0.000243538 -0.106086224 -0.004179746 0.994348109
1702688159176200960.000000 -0.019281389 0.001338432 0.207919821 0.000952971 -0.109340608 -0.003356695 0.993998230
1702688159510745344.000000 -0.021581572 0.001125141 0.218941048 -0.000397514 -0.117801927 -0.003554102 0.993030667
1702688159927341312.000000 -0.024764143 0.001551846 0.232692510 -0.000181861 -0.123508602 -0.003392437 0.992337704
1702688161548185344.000000 -0.035680331 0.001310707 0.283789039 0.002530942 -0.091347426 -0.003211182 0.995810747
1702688162299653888.000000 -0.039995536 0.001552434 0.307635069 0.001945383 -0.085164666 -0.001895339 0.996363223
1702688163174157056.000000 -0.043853041 0.001643134 0.336212337 0.002139769 -0.073153578 -0.002026530 0.997316360
1702688163379859456.000000 -0.044897653 0.001689521 0.343150705 0.001669724 -0.069389090 -0.001682115 0.997586846
1702688163590433024.000000 -0.046365626 0.001896276 0.349785388 0.001704692 -0.065118700 -0.002660294 0.997872531
1702688165003051008.000000 -0.050146751 0.001954575 0.396476626 0.002080450 -0.057645570 -0.003839685 0.998327553
1702688165257032448.000000 -0.051200435 0.002093879 0.404023707 0.002642502 -0.056628447 -0.003889728 0.998384237
1702688165465056512.000000 -0.051831283 0.002303183 0.410973907 0.003273296 -0.055438142 -0.003871082 0.998449266
1702688167712405760.000000 -0.057609241 0.002314204 0.483510345 0.003404805 -0.032811787 -0.003819011 0.999448478
1702688167921336320.000000 -0.057911355 0.003445227 0.490939081 0.003944895 -0.027889099 -0.002935804 0.999598920
1702688171043517952.000000 -0.078667499 -0.001195196 0.580367804 0.002223448 0.092186727 -0.002933084 0.995734990
1702688171335400704.000000 -0.081740752 -0.002531488 0.587732077 -0.000043726 0.104122974 -0.000909694 0.994563997
1702688171543298304.000000 -0.084018841 -0.002566561 0.593909085 -0.001394687 0.108537696 -0.000566597 0.994091213
1702688174168249856.000000 -0.112679370 -0.003852702 0.656573832 -0.005731720 -0.006415666 0.002754131 0.999959230
1702688174537330432.000000 -0.112202719 -0.003740343 0.665435731 -0.005665636 -0.043179963 0.001943897 0.999049366
1702688175042083840.000000 -0.110742614 -0.003064987 0.679433525 -0.003062869 -0.089309596 0.000485935 0.995999098
1702688176244094464.000000 -0.104821704 -0.001151167 0.718290091 -0.005532518 -0.178352699 -0.003152549 0.983946025
1702688176618507264.000000 -0.102987610 -0.000532044 0.733746827 -0.004233041 -0.205394223 -0.004433705 0.978660166
1702688176784389376.000000 -0.102298565 -0.000422186 0.739944875 -0.004216452 -0.216285795 -0.005245014 0.976306915
1702688177455182592.000000 -0.100793116 -0.000471789 0.755003989 -0.005404372 -0.236428782 -0.006589177 0.971611500
1702688177747878144.000000 -0.102413751 -0.000785941 0.756404161 -0.005662373 -0.238602266 -0.007039423 0.971075416
1702688177827694848.000000 -0.102618039 -0.000807552 0.756891966 -0.006104105 -0.239904970 -0.007051948 0.970751643
1702688178202335232.000000 -0.103540406 -0.000813637 0.758801460 -0.005507033 -0.249898791 -0.009392655 0.968210757
1702688178452182272.000000 -0.104371563 -0.000890587 0.760014296 -0.006719596 -0.257238895 -0.012671459 0.966241419
1702688178749221632.000000 -0.105720043 -0.001240787 0.761335731 -0.007398631 -0.268819362 -0.014018039 0.963060200
1702688179075419392.000000 -0.107013732 -0.001439381 0.763143063 -0.009659589 -0.281612188 -0.014863417 0.959364593
1702688179160036352.000000 -0.107305303 -0.001787483 0.763310671 -0.011868918 -0.283968598 -0.018035753 0.958590448
1702688179245624576.000000 -0.107753247 -0.001837576 0.763814330 -0.012646992 -0.286404639 -0.018123200 0.957853854
1702688179826010112.000000 -0.110441312 -0.003344399 0.765716910 -0.021108042 -0.304840922 -0.026141519 0.951810420
1702688179907404544.000000 -0.110736072 -0.003574112 0.766089201 -0.023534046 -0.308829308 -0.026839843 0.950447381
1702688180241099776.000000 -0.112130657 -0.003895342 0.767591298 -0.025391929 -0.322894454 -0.026481960 0.945723653
1702688180448678144.000000 -0.112989500 -0.004200844 0.768501401 -0.028545162 -0.330307841 -0.025925068 0.943085253
1702688181363631872.000000 -0.117412910 -0.003150057 0.772934675 -0.025342992 -0.376397491 -0.020599674 0.925882459
1702688182156037888.000000 -0.121831104 -0.003012322 0.777040243 -0.028768532 -0.416962862 -0.021340044 0.908217430
1702688182329205504.000000 -0.122754149 -0.002860742 0.777708232 -0.029946251 -0.424610794 -0.021017112 0.904636502
1702688182866460416.000000 -0.125981286 -0.002576029 0.779919684 -0.032499719 -0.454979539 -0.021180844 0.889656603
1702688183488054272.000000 -0.129736215 -0.002255468 0.781906009 -0.031760652 -0.493200660 -0.019827198 0.869109511
1702688183700091904.000000 -0.131018385 -0.001976119 0.782567382 -0.030134846 -0.507634282 -0.019379003 0.860827446
1702688183780685312.000000 -0.131493852 -0.002038566 0.782846808 -0.031367157 -0.513711274 -0.019516315 0.857167423
1702688184197786112.000000 -0.134000540 -0.002095636 0.783740163 -0.035066143 -0.540923595 -0.016910573 0.840170264
1702688184278225152.000000 -0.134670854 -0.002058659 0.784012377 -0.036268510 -0.547285199 -0.017112356 0.835984886
1702688184361381888.000000 -0.135218173 -0.002014887 0.784371555 -0.036380768 -0.554566443 -0.016981911 0.831170321
1702688184576878336.000000 -0.136458546 -0.002023842 0.784508586 -0.037471164 -0.567738950 -0.014984705 0.822218835
1702688184737477120.000000 -0.137424767 -0.001837414 0.784776926 -0.036362637 -0.582291722 -0.014305213 0.812040329
1702688184822968832.000000 -0.137957215 -0.001770526 0.785004020 -0.035670236 -0.588316679 -0.013998388 0.807722211
1702688184902908160.000000 -0.138410777 -0.001745917 0.785104871 -0.035113387 -0.594176292 -0.013738546 0.803450584
1702688186155927296.000000 -0.145444691 -0.001248781 0.785697758 -0.038781930 -0.679019988 -0.010017026 0.733026266
1702688186985560832.000000 -0.148514390 -0.000991445 0.785225391 -0.038764857 -0.708918989 -0.008798222 0.704168856
1702688187734517248.000000 -0.153533220 -0.000619266 0.785305083 -0.038169540 -0.706293046 -0.009378981 0.706827581
1702688188608985600.000000 -0.159476817 -0.000305884 0.785330653 -0.038366329 -0.700028539 -0.008550292 0.713032246
1702688189151738368.000000 -0.163189650 -0.000079967 0.785270631 -0.038957082 -0.711101651 -0.007950928 0.701964080
1702688189316132864.000000 -0.164331675 0.000052575 0.785230160 -0.038023688 -0.714619339 -0.007343061 0.698440731
1702688189400793088.000000 -0.164869547 0.000087582 0.785172462 -0.038645528 -0.719119310 -0.006967965 0.693776190
1702688189483044096.000000 -0.165471733 0.000089992 0.785119712 -0.039224803 -0.722257614 -0.007446629 0.690470815
1702688189649378048.000000 -0.166597605 0.000195492 0.785036385 -0.038344905 -0.721581340 -0.008185633 0.691218615
1702688190108116992.000000 -0.169833243 0.000539280 0.784853160 -0.038310908 -0.731673241 -0.009373227 0.680513561
1702688190236847360.000000 -0.170682013 0.000583116 0.784838557 -0.038429521 -0.735513031 -0.008432853 0.676367283
1702688190360705536.000000 -0.171465635 0.000669546 0.784612954 -0.036931761 -0.740755200 -0.007143206 0.670721173
1702688190484710144.000000 -0.172338367 0.000627834 0.784566343 -0.037912939 -0.739773631 -0.007422116 0.671745837
1702688190564355328.000000 -0.172917306 0.000687983 0.784442723 -0.037478991 -0.735793829 -0.008117046 0.676119089
1702688190982280704.000000 -0.175719023 0.000734780 0.784371734 -0.039344929 -0.727786541 -0.008371168 0.684623003
1702688191106841856.000000 -0.176630259 0.000798952 0.784321308 -0.039551325 -0.733052731 -0.007979255 0.678974092
1702688191236978432.000000 -0.177452743 0.000757270 0.784236312 -0.040487062 -0.738395095 -0.006586858 0.673119783
1702688191358403328.000000 -0.178287089 0.000797521 0.784283757 -0.040225640 -0.740958989 -0.006399671 0.670313895
1702688191730968576.000000 -0.180819571 0.000986900 0.783938885 -0.038595729 -0.725038350 -0.007408180 0.687586308
1702688192108992256.000000 -0.183480680 0.001176547 0.784150720 -0.038950212 -0.717777729 -0.005631006 0.695159197
1702688192438267392.000000 -0.185797453 0.001326375 0.784138858 -0.039153062 -0.709786355 -0.006558833 0.703297496
1702688192564346624.000000 -0.186746299 0.001411911 0.784141123 -0.039545365 -0.702525973 -0.008018152 0.710513294
1702688192688865792.000000 -0.187585115 0.001475934 0.784218848 -0.039369546 -0.697087288 -0.008993426 0.715848088
1702688192857187072.000000 -0.188685000 0.001558941 0.784296274 -0.039817818 -0.694342136 -0.009401784 0.718481123
1702688193151263488.000000 -0.190769792 0.001739752 0.784160614 -0.040139277 -0.703650296 -0.009979637 0.709341586
1702688193897326848.000000 -0.195971489 0.002028581 0.784496844 -0.039035417 -0.690022469 -0.008894964 0.722679853
1702688194147161600.000000 -0.197659016 0.002143152 0.784554243 -0.039450575 -0.684687078 -0.009452790 0.727707326
1702688194312483840.000000 -0.198802948 0.002249487 0.784600258 -0.039157633 -0.686652064 -0.009746173 0.725865543
1702688194446048000.000000 -0.199664056 0.002241299 0.784721076 -0.039179798 -0.682704628 -0.009209789 0.729585171
1702688194604224000.000000 -0.200787604 0.002290510 0.784766972 -0.040142007 -0.680333018 -0.008895281 0.731748939
1702688194727857152.000000 -0.201711297 0.002405655 0.784848869 -0.040340900 -0.681072474 -0.009272426 0.731045127
1702688194854336768.000000 -0.202617586 0.002505347 0.784844697 -0.040368453 -0.681956708 -0.009332190 0.730218053
1702688195436059136.000000 -0.206509531 0.002714299 0.785056710 -0.038323164 -0.674074233 -0.008033979 0.737625062
1702688195606745344.000000 -0.207734048 0.002748847 0.785175323 -0.038687292 -0.668843269 -0.009156285 0.742339730
1702688195769635840.000000 -0.208894432 0.002862692 0.785223961 -0.038687386 -0.669358134 -0.008903405 0.741878510
1702688196102466304.000000 -0.211131692 0.003138311 0.785581589 -0.038624190 -0.665503323 -0.008934878 0.745341301
1702688197475346688.000000 -0.220603347 0.003652267 0.787734449 -0.039171342 -0.621599972 -0.012470183 0.782255471
1702688197603773952.000000 -0.221415490 0.003824838 0.787963629 -0.039289076 -0.616734266 -0.012655718 0.786088467
1702688198020699136.000000 -0.224066556 0.003885016 0.788962603 -0.039458994 -0.600724101 -0.012474812 0.798384607
1702688198362723840.000000 -0.226382628 0.003999989 0.789715886 -0.039927725 -0.586557806 -0.014959145 0.808784246
1702688198644781056.000000 -0.228011176 0.004119761 0.790600777 -0.037810273 -0.574986339 -0.014529598 0.817159712
1702688199973019136.000000 -0.236379907 0.004702579 0.794201314 -0.036973335 -0.551720202 -0.014931927 0.833075523
1702688200308521984.000000 -0.238486946 0.004908027 0.795082092 -0.037785862 -0.555136323 -0.013910260 0.830784202
1702688200476429824.000000 -0.239453882 0.004934404 0.795394301 -0.038368244 -0.556469977 -0.013952627 0.829864144
1702688200765596160.000000 -0.241403699 0.005167758 0.796227634 -0.038158525 -0.561772764 -0.012524437 0.826316178
1702688201022895872.000000 -0.242858872 0.005397266 0.796829343 -0.038280871 -0.565615714 -0.012358423 0.823687255
1702688201181699328.000000 -0.244088292 0.005424690 0.797243059 -0.039729167 -0.577349365 -0.011140397 0.815454006
1702688201305832704.000000 -0.244884834 0.005392086 0.797323465 -0.040502641 -0.579398990 -0.011692008 0.813953161
1702688201516457472.000000 -0.246340141 0.005621962 0.797873139 -0.040896028 -0.582339227 -0.012261245 0.811823964
1702688202721447168.000000 -0.254325539 0.006266475 0.800591230 -0.040781900 -0.588427126 -0.013291020 0.807411730
1702688202970739200.000000 -0.255999178 0.006444037 0.800920904 -0.040095188 -0.582745612 -0.014135403 0.811541796
1702688203055158272.000000 -0.256632030 0.006548934 0.801222503 -0.039954398 -0.580771744 -0.015119561 0.812944770
1702688204761393664.000000 -0.266944647 0.008064760 0.806466103 -0.033947945 -0.503406405 -0.010010020 0.863324583
1702688205303340288.000000 -0.270150274 0.008465894 0.808714151 -0.033335052 -0.472612858 -0.010710381 0.880574346
1702688205360034816.000000 -0.270343125 0.008451792 0.808812797 -0.033203486 -0.470350087 -0.010727954 0.881789804
1702688205760909312.000000 -0.272113115 0.008752495 0.810721636 -0.033185489 -0.445512086 -0.010599737 0.894597888
1702688205885358848.000000 -0.273453921 0.008942213 0.811024010 -0.032219607 -0.429799616 -0.011867557 0.902271271
1702688206013332224.000000 -0.274350703 0.009064724 0.811445832 -0.031929910 -0.417362660 -0.012170332 0.908097327
1702688206091813120.000000 -0.274746090 0.009122267 0.811610639 -0.030446403 -0.409764349 -0.011441553 0.911611378
1702688208259052544.000000 -0.281380266 0.009106082 0.823602676 -0.029057875 -0.233154729 -0.023433417 0.971722901
1702688208509132544.000000 -0.282029033 0.009237920 0.825103998 -0.029289382 -0.227021068 -0.024522865 0.973140359
1702688208676268032.000000 -0.282523304 0.009313277 0.826046050 -0.030470237 -0.224578738 -0.023447227 0.973697186
1702688209845655296.000000 -0.286032408 0.010076115 0.833073616 -0.036100887 -0.239155352 -0.026393794 0.969950914
1702688210091394048.000000 -0.287052810 0.010085776 0.834226906 -0.032089248 -0.248781472 -0.034006946 0.967430413
1702688210215263488.000000 -0.287379354 0.010157185 0.834933460 -0.032817267 -0.260585517 -0.033319335 0.964317441
1702688210465261568.000000 -0.288147181 0.010209543 0.836131990 -0.028086852 -0.280310929 -0.030818718 0.959003210
1702688210716919808.000000 -0.289075285 0.010294627 0.837213337 -0.019957474 -0.294919282 -0.024386166 0.955002427
1702688211132476160.000000 -0.290047020 0.010427161 0.839423776 -0.019336026 -0.271910578 -0.024623176 0.961813152
1702688211256303104.000000 -0.290466964 0.010432080 0.840088606 -0.020323282 -0.264203757 -0.025332233 0.963919938
1702688211561096192.000000 -0.291359365 0.010510789 0.841533780 -0.024565220 -0.246074274 -0.028487820 0.968520761
1702688212052156416.000000 -0.292371869 0.010664355 0.843867302 -0.020520398 -0.221183538 -0.027535841 0.974627376
1702688212505236224.000000 -0.293112695 0.010651548 0.846113980 -0.022660203 -0.198808983 -0.027687458 0.979384959
1702688212674033920.000000 -0.293392926 0.010766661 0.846990049 -0.023306783 -0.189427137 -0.027521342 0.981232285
1702688213050624256.000000 -0.294124335 0.010874724 0.848943830 -0.027040321 -0.170067415 -0.029564388 0.984617651
1702688213296007680.000000 -0.294470251 0.010982585 0.850308001 -0.028837647 -0.156733423 -0.030468741 0.986749589
1702688214254782720.000000 -0.295585126 0.011476198 0.855526388 -0.026394680 -0.104743950 -0.031723324 0.993642628
1702688214629415168.000000 -0.296028733 0.011581058 0.857529342 -0.026084391 -0.086529091 -0.032315880 0.995383322
1702688214880846592.000000 -0.296272337 0.011550543 0.858862877 -0.026192704 -0.072381631 -0.033644084 0.996465206
1702688216211666944.000000 -0.297238052 0.011969728 0.865943074 -0.024059793 -0.090812504 -0.033347242 0.995018721
1702688216378652928.000000 -0.297402173 0.012062487 0.866842449 -0.024378210 -0.099680156 -0.031907313 0.994208992
1702688217461167104.000000 -0.298918009 0.012496566 0.872652113 -0.025808549 -0.117180906 -0.030660052 0.992301643
1702688217542275584.000000 -0.298963428 0.012498736 0.873081565 -0.025319973 -0.115505442 -0.030683139 0.992509961
1702688218166671872.000000 -0.299734265 0.012625935 0.876455188 -0.024572950 -0.102992028 -0.030369997 0.993914723
1702688218581624832.000000 -0.300138593 0.012845743 0.878771007 -0.025171135 -0.103381030 -0.029927090 0.993872821
1702688218753191680.000000 -0.300298184 0.012863260 0.879673660 -0.025669552 -0.101459719 -0.031227674 0.994018018
1702688219709184512.000000 -0.301359922 0.013197597 0.884865582 -0.023518134 -0.088632204 -0.030720744 0.995312750
1702688220081994752.000000 -0.301672608 0.013290105 0.886944592 -0.024315130 -0.078879394 -0.031016119 0.996104836
1702688220331354624.000000 -0.301876783 0.013375670 0.888311744 -0.024600057 -0.077815123 -0.030791951 0.996188521
1702688220622666240.000000 -0.302000284 0.013413748 0.889934540 -0.024289640 -0.071266957 -0.030383566 0.996698499
1702688221079750656.000000 -0.302220941 0.013589814 0.892540216 -0.022804964 -0.055179819 -0.030368447 0.997753918
1702688221705978624.000000 -0.302410126 0.013727644 0.895986438 -0.021729106 -0.032529879 -0.030301988 0.998775005
1702688222412844288.000000 -0.302479833 0.013880080 0.899907351 -0.021751091 -0.010680092 -0.030664777 0.999235928
1702688222662907904.000000 -0.302442878 0.013928203 0.901284695 -0.020266134 -0.010789765 -0.030071137 0.999284029
1702688222995658240.000000 -0.302555382 0.014012230 0.903188109 -0.020807615 -0.012452531 -0.030757630 0.999232650
1702688223161712896.000000 -0.302593946 0.014093151 0.904108763 -0.020685665 -0.014975834 -0.031360015 0.999181867
1702688223660254976.000000 -0.302766860 0.014212361 0.906896949 -0.021885110 -0.029246828 -0.029811190 0.998887837
1702688223993714688.000000 -0.302873850 0.014274399 0.908651412 -0.021932693 -0.038572554 -0.029543333 0.998578131
1702688224161460992.000000 -0.302987695 0.014257251 0.909346640 -0.021987004 -0.044977386 -0.028506607 0.998339117
1702688224372550656.000000 -0.303138763 0.014311349 0.910332024 -0.022387186 -0.050564773 -0.028328773 0.998067856
1702688224581775104.000000 -0.303189069 0.014395284 0.911136568 -0.022829283 -0.055363700 -0.028265655 0.997804999
1702688224785209088.000000 -0.303298980 0.014363077 0.911930382 -0.022138253 -0.047726292 -0.028298978 0.998214066
1702688225952118528.000000 -0.303427041 0.014787439 0.918466210 -0.022309819 -0.010933402 -0.030809619 0.999216437
1702688226408514816.000000 -0.303398818 0.014893604 0.920846283 -0.022049351 0.004373631 -0.031766824 0.999242485
1702688226741419008.000000 -0.303227276 0.014989889 0.922692597 -0.020710189 0.018112108 -0.031408478 0.999127865
1702688227241759744.000000 -0.303038716 0.015071630 0.925412893 -0.020909311 0.021025436 -0.031341892 0.999068797
1702688227453447936.000000 -0.302934617 0.015131344 0.926600456 -0.021160696 0.026431194 -0.031406913 0.998933077
1702688227661374976.000000 -0.302802861 0.015174944 0.927707553 -0.019879086 0.031371500 -0.031472985 0.998814344
1702688228075241728.000000 -0.302699596 0.015255872 0.929953218 -0.020019973 0.018122483 -0.030943166 0.999156296
1702688228281667584.000000 -0.302516192 0.015262286 0.931135774 -0.020380516 0.036558948 -0.032024499 0.998610318
1702688228451203584.000000 -0.302429795 0.015329677 0.932043493 -0.020084171 0.035347801 -0.032428473 0.998646855
1702688229074207488.000000 -0.301893443 0.015348359 0.935336947 -0.017945003 0.069506764 -0.032515470 0.996889949
1702688229697317376.000000 -0.301327050 0.015344059 0.938763857 -0.017273538 0.085812740 -0.032259364 0.995639086
1702688230327097856.000000 -0.300461680 0.015495023 0.942109585 -0.015854698 0.103514455 -0.031783104 0.993993580
1702688230572820224.000000 -0.300263643 0.015554884 0.943447769 -0.017051488 0.107547335 -0.032137454 0.993534148
1702688231573607680.000000 -0.299613357 0.015690586 0.948895872 -0.019886723 0.060139004 -0.031726986 0.997487485
1702688232030223616.000000 -0.299404979 0.015798572 0.951463759 -0.021794308 0.036077399 -0.030978499 0.998630941
1702688232487362304.000000 -0.299511999 0.015952639 0.954093993 -0.022758652 0.010482995 -0.030129829 0.999231875
1702688232826483712.000000 -0.299488425 0.016066987 0.955881119 -0.023382589 -0.005668474 -0.028473081 0.999305010
1702688233364483328.000000 -0.299606472 0.016211968 0.958880723 -0.023545032 -0.030971145 -0.027812047 0.998855829
1702688234194332416.000000 -0.300294966 0.016342232 0.963423550 -0.025205603 -0.064705655 -0.029066373 0.997162521
1702688234487484928.000000 -0.300464809 0.016408067 0.965037704 -0.027312556 -0.073293589 -0.027508497 0.996556759
1702688234776224256.000000 -0.300758630 0.016536329 0.966664612 -0.026440863 -0.079003423 -0.027527442 0.996143341
1702688235109162496.000000 -0.301111460 0.016530445 0.968434691 -0.026575699 -0.081338339 -0.027851626 0.995942831
1702688235359878656.000000 -0.301260263 0.016627658 0.969749093 -0.027006248 -0.084628284 -0.028415792 0.995641112
1702688238025077760.000000 -0.303477079 0.017314730 0.983959317 -0.027649701 -0.049982093 -0.030930143 0.997888088
1702688238275112704.000000 -0.303586304 0.017361609 0.985343456 -0.028465990 -0.038857199 -0.032232475 0.998319030
1702688238529691392.000000 -0.303517222 0.017486880 0.986754596 -0.026683612 -0.044034868 -0.031756375 0.998168588
1702688238814380032.000000 -0.303698748 0.017590031 0.988312721 -0.026872145 -0.046114806 -0.030707968 0.998102367
1702688239190417408.000000 -0.303681165 0.017668582 0.990408778 -0.026769767 -0.044708829 -0.031645183 0.998139799
1702688240189439488.000000 -0.304112345 0.017940097 0.995886743 -0.027414806 -0.044782437 -0.031436138 0.998125613
1702688240480953856.000000 -0.304046154 0.018079476 0.997422814 -0.027228510 -0.042504363 -0.030834174 0.998249114
1702688240775227904.000000 -0.304098517 0.018132750 0.999032080 -0.026042132 -0.043188114 -0.030764431 0.998253584
1702688241148451840.000000 -0.304205179 0.018191470 1.001099944 -0.026377395 -0.044635586 -0.030782986 0.998180509
1702688241603808000.000000 -0.304557592 0.018343875 1.003636956 -0.026011350 -0.044919893 -0.030268380 0.998193085
1702688242478490368.000000 -0.304487735 0.018620772 1.008324027 -0.026692526 -0.041737907 -0.029819230 0.998326719
1702688242810931712.000000 -0.304762363 0.018785121 1.010182738 -0.028600274 -0.037657201 -0.031511500 0.998384178
1702688243103864832.000000 -0.304794908 0.018836645 1.011685967 -0.027713839 -0.036177222 -0.031244546 0.998472333
1702688243395886592.000000 -0.304745942 0.018951882 1.013353348 -0.027614532 -0.038389526 -0.031147301 0.998395503
1702688243770609920.000000 -0.305223107 0.019013872 1.015347481 -0.028713282 -0.045085497 -0.030751528 0.998096764
1702688244684594944.000000 -0.305564970 0.019313131 1.020259380 -0.027761202 -0.077256121 -0.028835574 0.996207476
1702688244935395072.000000 -0.305678219 0.019217961 1.021403909 -0.028701628 -0.075788327 -0.030026449 0.996258378
1702688245183914496.000000 -0.306051195 0.019481417 1.022733688 -0.024967644 -0.074849911 -0.028053150 0.996487379
1702688245938695168.000000 -0.305674195 0.019553831 1.025148630 -0.026458595 -0.087507471 -0.026232243 0.995466828
1702688246104519168.000000 -0.305712134 0.019575698 1.025174260 -0.025704857 -0.086012416 -0.027441448 0.995584309
1702688246644516352.000000 -0.305733830 0.019590259 1.025143266 -0.025190324 -0.084690534 -0.027091486 0.995720387
1702688246976751872.000000 -0.305723399 0.019576322 1.025176406 -0.025263119 -0.085097112 -0.026690466 0.995694697
