1.702688123750164747e+09 0.000000000000000000e+00 0.000000000000000000e+00 0.000000000000000000e+00 -0.000000000000000000e+00 -0.000000000000000000e+00 -0.000000000000000000e+00 1.000000000000000000e+00
1.702688124081733227e+09 -2.040000000000000003e-07 1.075000000000000084e-06 5.960299999999999838e-05 -4.764820000000000231e-04 8.788729999999999589e-04 -1.117599999999999938e-05 9.999995229999999458e-01
1.702688124330904007e+09 -2.479999999999999972e-06 2.222000000000000071e-06 1.043150000000000067e-04 1.156709999999999976e-04 7.616030000000000195e-04 -7.191310000000000237e-04 9.999994639999999491e-01
1.702688125043920755e+09 -1.500000000000000038e-05 2.003000000000000135e-06 2.267810000000000095e-04 -1.119488999999999988e-03 -1.784344999999999898e-03 -9.427269999999999747e-04 9.999973770000000206e-01
1.702688125207111120e+09 -1.852199999999999986e-05 2.000999999999999985e-06 2.546399999999999879e-04 -8.543129999999999908e-04 -2.266592999999999906e-03 9.895299999999999940e-05 9.999970790000000109e-01
1.702688125288025856e+09 -1.682300000000000139e-05 1.004999999999999907e-06 2.696399999999999730e-04 -1.240505000000000036e-03 -2.230805000000000201e-03 5.241900000000000075e-05 9.999967810000000012e-01
1.702688126038130522e+09 -1.060000000000000016e-05 8.420000000000000487e-07 4.015280000000000086e-04 -1.412080000000000019e-03 -1.595276999999999980e-03 5.516489999999999762e-04 9.999975559999999541e-01
1.702688126370384932e+09 -1.553700000000000049e-05 2.030000000000000046e-07 4.592469999999999756e-04 -1.180709999999999963e-03 -1.838191000000000087e-03 5.544929999999999781e-04 9.999974369999999890e-01
1.702688126461143494e+09 -1.340899999999999986e-05 5.199999999999999976e-07 4.741079999999999947e-04 -1.321466000000000090e-03 -2.032331000000000068e-03 9.991500000000000815e-04 9.999966030000000394e-01
1.702688126539796829e+09 -1.211500000000000005e-05 2.300000000000000081e-08 4.885879999999999780e-04 -1.449453999999999977e-03 -2.184984000000000058e-03 7.435570000000000504e-04 9.999963050000000298e-01
1.702688126620058298e+09 -1.005499999999999944e-05 -1.779999999999999898e-06 5.033140000000000400e-04 -1.629386999999999936e-03 -1.065774999999999926e-03 8.922760000000000066e-04 9.999977349999999987e-01
1.702688126703040838e+09 -8.712999999999999418e-06 -1.385999999999999944e-06 5.153409999999999979e-04 3.435000000000000146e-05 -4.335329999999999978e-04 1.555766000000000093e-03 9.999986889999999962e-01
1.702688126789506912e+09 -9.010000000000000132e-06 -4.001999999999999969e-06 5.302840000000000071e-04 -5.816239999999999865e-04 -1.058275000000000014e-03 1.318582999999999908e-03 9.999983909999999865e-01
1.702688126913067341e+09 -1.210999999999999925e-05 -4.624999999999999764e-06 5.510219999999999702e-04 -1.560579999999999888e-04 -1.266551999999999999e-03 1.806288000000000078e-03 9.999975559999999541e-01
1.702688127541034222e+09 -2.272100000000000150e-05 -6.455999999999999682e-06 6.567380000000000266e-04 2.000509999999999994e-04 -5.922333000000000111e-03 2.734069999999999795e-04 9.999824170000000123e-01
1.702688127959379911e+09 -2.815399999999999844e-05 -5.896999999999999614e-06 7.288369999999999745e-04 2.843950000000000037e-04 -1.522012600000000049e-02 2.065570000000000080e-04 9.998841290000000104e-01
1.702688128120300770e+09 -2.750399999999999959e-05 -4.855000000000000103e-06 7.568349999999999730e-04 1.802921000000000081e-03 -1.462066599999999918e-02 -9.420809999999999948e-04 9.998911019999999761e-01
1.702688128244825840e+09 -2.883099999999999891e-05 -4.116999999999999715e-06 7.802199999999999804e-04 2.861153999999999867e-03 -1.434283499999999996e-02 -7.791649999999999575e-04 9.998927709999999580e-01
1.702688128578850508e+09 -3.506199999999999736e-05 -4.714000000000000098e-06 8.341689999999999479e-04 2.636470000000000133e-03 -1.915397900000000153e-02 -9.903200000000000457e-04 9.998126029999999664e-01
1.702688128746195316e+09 -3.192400000000000131e-05 -3.453999999999999880e-06 8.653320000000000152e-04 1.151916000000000008e-03 -2.590588099999999866e-02 -3.294559999999999980e-04 9.996637109999999549e-01
1.702688128910663605e+09 -3.553499999999999774e-05 -2.263999999999999838e-06 8.911290000000000530e-04 2.255136999999999940e-03 -2.874157800000000026e-02 -2.051400000000000044e-05 9.995843770000000239e-01
1.702688129075731754e+09 -3.730100000000000082e-05 -3.858999999999999814e-06 9.208219999999999600e-04 2.216004000000000151e-03 -2.894212300000000015e-02 -5.214700000000000064e-04 9.995785360000000175e-01
1.702688129411471128e+09 -3.551800000000000112e-05 -3.774999999999999856e-06 9.773600000000000343e-04 2.911144999999999965e-03 -2.191747399999999929e-02 4.562680000000000164e-04 9.997554419999999942e-01
1.702688129619128942e+09 -3.789299999999999786e-05 -5.516000000000000212e-06 1.010023999999999991e-03 4.074612000000000026e-03 -2.356209000000000081e-02 5.103119999999999618e-04 9.997139569999999864e-01
1.702688129785769463e+09 -4.009299999999999713e-05 -5.050999999999999582e-06 1.041087000000000002e-03 3.407443999999999924e-03 -2.556168799999999908e-02 2.146538999999999826e-03 9.996651410000000348e-01
1.702688129995001554e+09 -3.996699999999999868e-05 -5.429000000000000029e-06 1.078575999999999927e-03 1.638289999999999929e-03 -2.831795599999999830e-02 2.196201999999999963e-03 9.995952249999999761e-01
1.702688130200977802e+09 -4.565999999999999990e-05 -1.608000000000000105e-06 1.114214999999999997e-03 6.780080000000000178e-04 -2.833298399999999856e-02 2.153411999999999948e-03 9.995960000000000401e-01
1.702688130412891626e+09 -4.608599999999999887e-05 -1.577999999999999969e-06 1.151380999999999932e-03 -1.456460000000000079e-04 -2.521639499999999909e-02 1.738787000000000102e-03 9.996805189999999897e-01
1.702688130619312525e+09 -4.381199999999999998e-05 -4.840000000000000459e-07 1.184778000000000046e-03 -6.506829999999999906e-04 -2.230590199999999898e-02 2.084019999999999796e-03 9.997488260000000349e-01
1.702688130824449539e+09 -4.793500000000000099e-05 -3.280000000000000254e-07 1.222577000000000082e-03 -2.643492999999999798e-03 -2.039858900000000169e-02 1.710329000000000016e-03 9.997869729999999677e-01
1.702688131074332476e+09 -4.803199999999999684e-05 -7.880000000000000152e-07 1.263964999999999924e-03 -2.339776000000000009e-03 -1.675663900000000026e-02 1.382799000000000094e-03 9.998559360000000007e-01
1.702688131328139067e+09 -4.447299999999999924e-05 -9.350000000000000477e-07 1.304697000000000062e-03 -9.019629999999999835e-04 -1.099478299999999929e-02 1.904667999999999986e-03 9.999373559999999994e-01
1.702688131576884985e+09 -4.693199999999999721e-05 -2.284000000000000070e-06 1.350314999999999935e-03 -1.680606999999999978e-03 -6.505847999999999839e-03 9.683099999999999498e-05 9.999774099999999555e-01
1.702688131825572491e+09 -4.678099999999999815e-05 -1.063000000000000029e-06 1.393219000000000011e-03 -1.554737999999999953e-03 4.013460000000000161e-04 -1.876399999999999856e-05 9.999986889999999962e-01
1.702688132282315731e+09 -3.930100000000000200e-05 3.329999999999999775e-07 1.468235000000000026e-03 -5.357079999999999741e-04 3.899352999999999934e-03 -5.061800000000000224e-05 9.999922509999999987e-01
1.702688132531828880e+09 -4.072300000000000296e-05 -1.153000000000000015e-06 1.511292999999999925e-03 -8.649639999999999673e-04 3.579770999999999821e-03 1.361280000000000085e-04 9.999932049999999961e-01
1.702688132783902168e+09 -4.018299999999999796e-05 -1.115999999999999988e-06 1.553153000000000042e-03 -1.315278000000000020e-03 3.823619999999999797e-03 -5.689259999999999803e-04 9.999917149999999477e-01
1.702688133033560991e+09 -3.914099999999999676e-05 -9.969999999999999411e-07 1.597211999999999981e-03 -1.314293000000000015e-03 4.234464999999999757e-03 -6.101770000000000501e-04 9.999899859999999974e-01
1.702688133244497776e+09 -4.065400000000000074e-05 -1.222999999999999980e-06 1.630801999999999989e-03 -1.807507000000000081e-03 4.443329999999999676e-03 -2.030417999999999980e-03 9.999864699999999607e-01
1.702688133532340288e+09 -4.448600000000000064e-05 2.107999999999999977e-06 1.680819000000000063e-03 -2.409470999999999835e-03 2.851527999999999875e-03 -1.858321999999999925e-03 9.999913569999999696e-01
1.702688133824088335e+09 -4.360900000000000209e-05 2.298999999999999927e-06 1.731085999999999953e-03 -3.145263000000000139e-03 2.889244000000000014e-03 -2.360110999999999806e-03 9.999881390000000536e-01
1.702688134154682398e+09 -4.130199999999999860e-05 1.101999999999999995e-06 1.786416000000000089e-03 -2.998665000000000184e-03 4.638673000000000275e-03 -3.116957000000000061e-03 9.999799129999999980e-01
1.702688134492103577e+09 -4.017000000000000334e-05 1.342000000000000026e-06 1.842588000000000038e-03 -2.780616000000000077e-03 4.830367999999999815e-03 -1.984796000000000043e-03 9.999825359999999774e-01
1.702688134822543144e+09 -4.253300000000000087e-05 1.618000000000000009e-06 1.897657999999999984e-03 -4.234006999999999701e-03 4.852007000000000195e-03 -2.589151999999999947e-03 9.999759200000000181e-01
1.702688135115931511e+09 -3.864300000000000254e-05 2.223999999999999798e-06 1.946250000000000063e-03 -3.420583999999999951e-03 5.738917999999999971e-03 -1.990708999999999795e-03 9.999756810000000051e-01
1.702688135446045160e+09 -3.925700000000000039e-05 1.038000000000000057e-06 2.003705000000000156e-03 -2.241300999999999797e-03 5.988175999999999569e-03 -1.740608000000000042e-03 9.999780649999999715e-01
1.702688135783713579e+09 -4.215499999999999873e-05 1.977999999999999951e-06 2.060606999999999890e-03 -3.114591999999999795e-03 4.763634000000000097e-03 -1.858045000000000009e-03 9.999820590000000342e-01
1.702688136113586426e+09 -3.954099999999999970e-05 4.451999999999999896e-06 2.117598999999999957e-03 -3.381630000000000053e-03 6.842487000000000395e-03 -1.659653999999999990e-03 9.999694820000000206e-01
1.702688136446591854e+09 -3.873399999999999879e-05 3.689000000000000171e-06 2.172626999999999892e-03 -2.496361999999999800e-03 7.632314000000000286e-03 -2.353085999999999893e-03 9.999650119999999864e-01
1.702688136779149294e+09 -3.832100000000000122e-05 3.496000000000000070e-06 2.228775000000000114e-03 -2.386515999999999985e-03 6.049833999999999594e-03 -1.828212000000000066e-03 9.999771710000000535e-01
1.702688137112512827e+09 -3.716000000000000336e-05 5.086000000000000094e-06 2.284357999999999788e-03 -5.280309999999999865e-04 6.499900000000000296e-03 -1.911162000000000104e-03 9.999769330000000123e-01
1.702688137445410967e+09 -3.953300000000000249e-05 3.516999999999999954e-06 2.340683999999999994e-03 -2.239674000000000092e-03 2.188757999999999850e-03 -9.179389999999999945e-04 9.999946950000000445e-01
1.702688137776322603e+09 -3.936099999999999804e-05 4.731000000000000105e-06 2.398459999999999828e-03 -2.715915000000000169e-03 2.349080999999999825e-03 -9.834789999999999938e-04 9.999930860000000310e-01
1.702688138151272774e+09 -3.567300000000000218e-05 4.193000000000000343e-06 2.461193999999999882e-03 -1.860239999999999984e-03 4.994459999999999612e-04 1.547230000000000025e-04 9.999981519999999735e-01
1.702688138403427362e+09 -3.683899999999999745e-05 5.212999999999999894e-06 2.504307999999999795e-03 -2.322460000000000149e-03 -8.572350000000000282e-04 4.481959999999999894e-04 9.999968409999999697e-01
1.702688138696838379e+09 -4.004200000000000050e-05 3.666000000000000137e-06 2.548930000000000032e-03 -2.429746999999999896e-03 -5.829166000000000208e-03 -3.084900000000000229e-05 9.999800920000000426e-01
1.702688139033727646e+09 -3.864900000000000215e-05 5.261999999999999764e-06 2.606400000000000036e-03 -5.157599999999999815e-04 1.192472399999999939e-02 1.881169999999999880e-04 9.999287719999999657e-01
1.702688139238245964e+09 -3.563099999999999818e-05 5.601000000000000245e-06 2.641764999999999912e-03 3.556100000000000054e-05 2.366086800000000157e-02 -9.179929999999999774e-04 9.997196200000000310e-01
1.702688139443001509e+09 -3.455299999999999935e-05 5.995999999999999851e-06 2.676771000000000098e-03 8.530420000000000363e-04 3.536114099999999871e-02 -1.245402000000000054e-03 9.993734960000000278e-01
1.702688139693775654e+09 -3.196200000000000332e-05 7.023000000000000352e-06 2.719108000000000028e-03 1.643499000000000088e-03 4.709192000000000239e-02 -1.912597000000000038e-03 9.988873600000000019e-01
1.702688140735255003e+09 -3.990000000000000126e-07 5.421999999999999926e-06 2.887244000000000182e-03 5.299260000000000081e-04 9.207081799999999872e-02 -2.129720999999999784e-03 9.957500700000000426e-01
1.702688141486972570e+09 3.352899999999999696e-05 6.807999999999999870e-06 3.009407999999999875e-03 5.346349999999999930e-04 1.054754700000000017e-01 -6.385990000000000026e-04 9.944215419999999916e-01
1.702688142775388718e+09 6.506600000000000350e-05 4.050000000000000187e-06 3.216707999999999981e-03 1.554630999999999895e-03 9.557610800000000684e-02 -1.039423000000000040e-03 9.954203959999999851e-01
1.702688142981350422e+09 7.280900000000000035e-05 3.453999999999999880e-06 3.251452000000000161e-03 7.710720000000000334e-04 9.389832600000000418e-02 -8.238499999999999946e-04 9.955811500000000258e-01
1.702688143192118883e+09 7.814300000000000044e-05 5.210000000000000092e-06 3.287801999999999825e-03 8.863430000000000484e-04 9.314408200000000304e-02 -1.417732000000000107e-03 9.956512450000000181e-01
1.702688144022531033e+09 9.957800000000000104e-05 1.952000000000000115e-06 3.420682999999999883e-03 2.850999999999999978e-05 8.942460300000000528e-02 -1.425835999999999987e-03 9.959926009999999774e-01
1.702688144688884020e+09 1.209859999999999966e-04 6.850000000000000061e-07 3.528308999999999872e-03 1.779334999999999944e-03 8.851652599999999815e-02 -2.034900000000000077e-03 9.960710409999999904e-01
1.702688145313872576e+09 1.492990000000000083e-04 1.966999999999999971e-06 3.632228999999999840e-03 1.074042000000000096e-03 9.796961399999999653e-02 -2.287382000000000130e-03 9.951862099999999600e-01
1.702688145522630453e+09 1.482970000000000067e-04 -2.720000000000000004e-07 3.663799000000000135e-03 4.746500000000000176e-04 9.801325199999999516e-02 -1.996318999999999871e-03 9.951829909999999613e-01
1.702688145729303598e+09 1.592689999999999959e-04 2.020999999999999793e-06 3.697251999999999830e-03 4.639630000000000165e-04 9.530094299999999907e-02 -2.477216999999999874e-03 9.954453109999999993e-01
1.702688146190619469e+09 1.728909999999999952e-04 4.215000000000000302e-06 3.770535000000000206e-03 3.757419000000000123e-03 7.326044099999999559e-02 -2.206167000000000197e-03 9.973033070000000277e-01
1.702688146603670359e+09 1.784509999999999894e-04 2.005999999999999937e-06 3.839940000000000020e-03 1.629383999999999997e-03 5.924320599999999964e-02 -2.399394999999999913e-03 9.982393980000000555e-01
1.702688146978892803e+09 1.854869999999999945e-04 3.114999999999999822e-06 3.904266999999999894e-03 -1.096937000000000086e-03 4.144210400000000044e-02 -2.810889000000000009e-03 9.991363290000000452e-01
1.702688147147459984e+09 1.872239999999999950e-04 3.696999999999999925e-06 3.931257999999999975e-03 2.463899999999999771e-04 5.340027399999999758e-02 -2.772263000000000071e-03 9.985693100000000433e-01
1.702688147727670670e+09 2.036109999999999992e-04 2.765999999999999860e-06 4.028096999999999581e-03 1.335671000000000080e-03 6.806778199999999335e-02 -4.165003999999999929e-03 9.976711270000000464e-01
1.702688147978293419e+09 2.063319999999999889e-04 4.575999999999999895e-06 4.068050000000000138e-03 5.846939999999999690e-04 6.639004499999999476e-02 -4.273045999999999962e-03 9.977844359999999968e-01
1.702688148227873325e+09 2.135480000000000093e-04 4.354000000000000157e-06 4.108309000000000093e-03 1.121349999999999962e-04 6.579525799999999536e-02 -4.440719000000000090e-03 9.978232980000000252e-01
1.702688148476681709e+09 2.191980000000000111e-04 3.112000000000000020e-06 4.149360999999999848e-03 6.126839999999999500e-04 6.643239400000000572e-02 -5.097909999999999768e-03 9.977777599999999580e-01
1.702688148727200985e+09 2.256670000000000063e-04 3.841000000000000155e-06 4.191288999999999952e-03 1.479623000000000006e-03 6.562279199999999924e-02 -5.168245000000000131e-03 9.978300329999999496e-01
1.702688149892779350e+09 2.523639999999999846e-04 2.907999999999999940e-06 4.383330000000000386e-03 3.297710000000000138e-03 6.768417399999999973e-02 -4.040227000000000401e-03 9.976931810000000400e-01
1.702688150103770256e+09 2.601260000000000096e-04 1.365000000000000060e-06 4.416703000000000122e-03 2.900376000000000083e-03 6.873057000000000472e-02 -3.866103999999999982e-03 9.976235629999999910e-01
1.702688150350371599e+09 2.656530000000000263e-04 2.169999999999999976e-06 4.457151000000000342e-03 3.399047000000000093e-03 7.098393100000000011e-02 -4.207157999999999905e-03 9.974628089999999503e-01
1.702688150644988060e+09 2.748629999999999737e-04 2.034999999999999998e-06 4.505946999999999730e-03 4.180182000000000168e-03 7.557351900000000566e-02 -4.227431999999999718e-03 9.971225259999999535e-01
1.702688150893731833e+09 2.801209999999999833e-04 -4.130000000000000057e-07 4.546729000000000222e-03 3.698475000000000113e-03 7.571411899999999640e-02 -3.303431999999999810e-03 9.971172209999999980e-01
1.702688151140532494e+09 2.884610000000000017e-04 2.043000000000000175e-06 4.589672999999999843e-03 3.575281000000000032e-03 7.785084800000000027e-02 -4.534441999999999640e-03 9.969483019999999529e-01
1.702688151639652014e+09 2.976289999999999925e-04 2.651000000000000114e-06 4.671769999999999569e-03 1.000666000000000099e-03 8.192744899999999941e-02 -5.412852000000000115e-03 9.966231580000000090e-01
1.702688151933344364e+09 3.085610000000000024e-04 1.241999999999999925e-06 4.720369000000000301e-03 1.664637000000000061e-03 8.269824100000000566e-02 -4.939459999999999684e-03 9.965610499999999483e-01
1.702688152183281898e+09 3.129930000000000169e-04 7.199999999999999886e-07 4.759390999999999969e-03 2.693238000000000142e-03 8.406592899999999757e-02 -5.424947999999999750e-03 9.964418409999999948e-01
1.702688152436959982e+09 3.232870000000000101e-04 8.050000000000000218e-07 4.801800000000000165e-03 2.320856000000000047e-03 8.494689299999999554e-02 -5.672449000000000414e-03 9.963666799999999490e-01
1.702688152681483746e+09 3.280909999999999729e-04 2.949000000000000056e-06 4.842962999999999608e-03 1.250355000000000086e-03 9.246847800000000672e-02 -6.719624000000000430e-03 9.956921939999999749e-01
1.702688152931230068e+09 3.393289999999999761e-04 1.294000000000000020e-06 4.882843000000000426e-03 8.756389999999999963e-04 1.006828699999999938e-01 -5.373280000000000244e-03 9.949036839999999549e-01
1.702688153224511862e+09 3.518060000000000262e-04 3.955000000000000250e-06 4.929563999999999994e-03 2.653634000000000201e-03 1.102889549999999941e-01 -7.459740999999999768e-03 9.938680530000000291e-01
1.702688153513669491e+09 3.623410000000000194e-04 2.082999999999999792e-06 4.974804999999999679e-03 3.663962000000000208e-03 1.153528840000000028e-01 -6.662244000000000325e-03 9.932954910000000304e-01
1.702688153804666042e+09 3.735979999999999965e-04 2.095999999999999922e-06 5.024586000000000156e-03 3.655162999999999902e-03 1.164547060000000051e-01 -7.326733999999999677e-03 9.931622740000000116e-01
1.702688154099971771e+09 3.833509999999999826e-04 1.560999999999999962e-06 5.069668999999999738e-03 2.981067000000000005e-03 1.150076089999999968e-01 -8.051376000000000713e-03 9.933274979999999754e-01
1.702688154388037205e+09 3.934879999999999975e-04 7.339999999999999816e-07 5.116200999999999909e-03 4.811654999999999752e-03 1.110328359999999959e-01 -8.036269999999999872e-03 9.937726260000000478e-01
1.702688154680392981e+09 4.037970000000000101e-04 1.097999999999999906e-06 5.163214999999999645e-03 5.841059000000000008e-03 1.028829140000000059e-01 -8.337805999999999690e-03 9.946413640000000278e-01
1.702688154973164558e+09 4.113580000000000144e-04 2.894999999999999811e-06 5.211025999999999679e-03 6.389419999999999822e-03 9.248097199999999463e-02 -9.637972999999999332e-03 9.956473110000000348e-01
1.702688155315102100e+09 4.206910000000000011e-04 1.269999999999999911e-06 5.267558000000000309e-03 3.761047999999999909e-03 8.505304900000000556e-02 -9.750112999999999489e-03 9.963216190000000472e-01
1.702688155641277075e+09 4.243219999999999804e-04 3.373999999999999799e-06 5.317620000000000333e-03 3.382239999999999899e-03 7.550363999999999687e-02 -1.063444399999999984e-02 9.970830680000000168e-01
1.702688155970658302e+09 4.303339999999999900e-04 3.749000000000000020e-06 5.369941999999999944e-03 1.660861999999999929e-03 5.887794100000000308e-02 -9.241433999999999760e-03 9.982210400000000039e-01
1.702688156301827431e+09 4.323700000000000091e-04 5.604000000000000047e-06 5.421994999999999766e-03 1.213003000000000041e-03 4.691675700000000337e-02 -1.087983000000000006e-02 9.988388419999999490e-01
1.702688156638221264e+09 4.346619999999999933e-04 3.324999999999999929e-06 5.474256999999999734e-03 3.654507999999999888e-03 2.921136300000000061e-02 -1.040507599999999921e-02 9.995124340000000052e-01
1.702688156973223925e+09 4.368150000000000114e-04 1.075999999999999947e-06 5.534279999999999929e-03 1.870602999999999979e-03 8.833660999999999597e-03 -7.923348999999999670e-03 9.999278780000000477e-01
1.702688157262421131e+09 4.325080000000000135e-04 8.819999999999999834e-07 5.579192999999999653e-03 2.471630000000000051e-04 1.074230000000000047e-04 -9.314779000000000461e-03 9.999566079999999690e-01
1.702688157597278118e+09 4.292699999999999880e-04 1.912000000000000074e-06 5.634804999999999675e-03 -2.271999999999999931e-04 -1.748623499999999928e-02 -1.027986499999999914e-02 9.997942450000000258e-01
1.702688157926846266e+09 4.242110000000000217e-04 1.371999999999999951e-06 5.687483000000000122e-03 -9.499649999999999891e-04 -2.396484999999999935e-02 -1.029129600000000012e-02 9.996594189999999935e-01
1.702688158218498468e+09 4.239429999999999761e-04 2.876000000000000077e-06 5.738303000000000154e-03 1.545080000000000054e-04 -2.474897399999999997e-02 -1.196096599999999996e-02 9.996221659999999787e-01
1.702688158883162260e+09 4.166330000000000207e-04 4.274000000000000076e-06 5.848716000000000331e-03 -2.987339999999999896e-04 -1.018276899999999950e-02 -1.071820100000000012e-02 9.998906850000000013e-01
1.702688159220160723e+09 4.143850000000000246e-04 3.796000000000000163e-06 5.902659999999999678e-03 1.673664999999999962e-03 -1.852920499999999998e-02 -1.039071100000000039e-02 9.997729659999999852e-01
1.702688159799795866e+09 4.082930000000000023e-04 3.481999999999999866e-06 5.999059999999999636e-03 -3.369380000000000053e-04 -3.283037199999999656e-02 -9.833153000000000726e-03 9.994125369999999897e-01
1.702688160143533707e+09 4.038059999999999892e-04 2.306000000000000029e-06 6.054335999999999572e-03 -1.135848999999999973e-03 -3.263462699999999939e-02 -1.029083199999999976e-02 9.994137290000000284e-01
1.702688160508201361e+09 4.047300000000000095e-04 3.199999999999999855e-06 6.115963000000000302e-03 -4.570849999999999783e-04 -2.246862100000000112e-02 -1.100493299999999973e-02 9.996868970000000187e-01
1.702688160841707230e+09 4.058439999999999856e-04 3.464000000000000207e-06 6.170964999999999610e-03 -5.314609999999999994e-04 -8.424871000000000443e-03 -1.098675399999999962e-02 9.999040369999999678e-01
1.702688162006306410e+09 4.078549999999999905e-04 2.680999999999999827e-06 6.355419999999999646e-03 1.999552999999999834e-03 4.497377000000000319e-03 -9.062831000000000359e-03 9.999468329999999794e-01
1.702688162381815910e+09 4.074990000000000231e-04 4.327000000000000246e-06 6.413695999999999980e-03 2.768258999999999911e-03 5.864778000000000178e-03 -9.171271999999999411e-03 9.999369380000000529e-01
1.702688163094022989e+09 4.102530000000000174e-04 3.233999999999999868e-06 6.530153999999999820e-03 3.100779000000000122e-03 1.752998500000000140e-02 -8.871667999999999221e-03 9.998021719999999890e-01
1.702688163379859447e+09 4.099889999999999806e-04 2.263000000000000187e-06 6.574713999999999732e-03 2.198313999999999824e-03 2.218361400000000080e-02 -9.324644999999999462e-03 9.997080560000000116e-01
1.702688163843146563e+09 4.151720000000000020e-04 4.760000000000000166e-06 6.650851999999999632e-03 2.975863000000000032e-03 2.777225499999999916e-02 -9.637226000000000473e-03 9.995633959999999929e-01
1.702688164255248070e+09 4.242909999999999802e-04 3.443999999999999975e-06 6.718703000000000349e-03 4.854332000000000265e-03 3.644275300000000134e-02 -9.770001000000000380e-03 9.992762210000000200e-01
1.702688164754449129e+09 4.294559999999999892e-04 3.742999999999999993e-06 6.800032000000000125e-03 3.732221999999999883e-03 3.325036499999999701e-02 -1.028648599999999920e-02 9.993871450000000323e-01
1.702688165046766281e+09 4.310639999999999914e-04 4.420000000000000033e-06 6.844891999999999990e-03 2.897846999999999836e-03 3.379179499999999947e-02 -1.037846800000000007e-02 9.993708129999999690e-01
1.702688165504096508e+09 4.380470000000000023e-04 5.035000000000000074e-06 6.919218999999999890e-03 3.687642999999999997e-03 3.480189999999999673e-02 -1.055978299999999967e-02 9.993316530000000419e-01
1.702688165840541601e+09 4.372089999999999809e-04 4.249000000000000315e-06 6.972004000000000395e-03 3.770303000000000022e-03 3.179170600000000291e-02 -1.057800499999999970e-02 9.994314309999999812e-01
1.702688166294901848e+09 4.408389999999999987e-04 4.444000000000000142e-06 7.045659999999999597e-03 3.823678000000000059e-03 4.653371500000000327e-02 -1.237949399999999957e-02 9.988327030000000439e-01
1.702688166628041506e+09 4.357930000000000202e-04 4.327999999999999897e-06 7.098664999999999663e-03 4.047432999999999587e-03 3.829803300000000216e-02 -1.304607999999999983e-02 9.991730450000000374e-01
1.702688167004059315e+09 4.383610000000000132e-04 3.695000000000000198e-06 7.159147000000000254e-03 2.936129999999999903e-03 4.002758499999999747e-02 -1.271571699999999965e-02 9.991133810000000226e-01
1.702688167377027988e+09 4.483639999999999783e-04 2.285999999999999797e-06 7.219139000000000285e-03 3.496810999999999843e-03 6.012207299999999810e-02 -1.192918700000000082e-02 9.981136320000000284e-01
1.702688167794887781e+09 4.455239999999999851e-04 2.199000000000000037e-06 7.283587999999999694e-03 4.370113000000000122e-03 6.630767099999999858e-02 -1.208751899999999969e-02 9.977164269999999613e-01
1.702688169627766848e+09 5.001199999999999483e-04 -1.914999999999999876e-06 7.561283999999999714e-03 3.949503000000000041e-03 1.106801550000000023e-01 -9.504853000000000607e-03 9.938027860000000491e-01
1.702688169922340631e+09 4.981640000000000503e-04 -1.661999999999999927e-06 7.607767999999999996e-03 4.136525000000000271e-03 1.229541450000000008e-01 -9.650529999999999178e-03 9.923568369999999916e-01
1.702688170249803305e+09 4.932959999999999472e-04 -5.599999999999999852e-08 7.658958000000000432e-03 6.663605000000000396e-03 1.375269000000000075e-01 -8.747065999999999522e-03 9.904370310000000233e-01
1.702688170669401646e+09 4.970519999999999973e-04 -8.736000000000000723e-06 7.735152000000000347e-03 5.323905000000000304e-03 1.600041990000000136e-01 -8.595246000000000830e-03 9.870645999999999587e-01
1.702688171002532959e+09 4.879980000000000125e-04 -1.410899999999999993e-05 7.788179999999999582e-03 3.950816999999999697e-03 1.739780310000000052e-01 -6.360412999999999657e-03 9.847210650000000065e-01
1.702688171335400820e+09 4.846970000000000250e-04 -1.773499999999999876e-05 7.837886999999999979e-03 3.434467000000000075e-03 1.870565859999999969e-01 -4.951289999999999684e-03 9.823306800000000116e-01
1.702688171956597805e+09 4.544230000000000231e-04 -2.300500000000000082e-05 7.883872000000000102e-03 -1.630029999999999977e-03 1.985998449999999971e-01 -5.802047000000000281e-03 9.800621870000000291e-01
1.702688172502281427e+09 3.988439999999999781e-04 -4.805000000000000243e-05 7.940969000000000846e-03 -8.580374999999999461e-03 2.077987789999999890e-01 -8.629845000000000571e-03 9.780958889999999961e-01
1.702688172787898779e+09 3.716880000000000097e-04 -5.908999999999999837e-05 7.967867000000000005e-03 -1.267317999999999917e-02 2.118553820000000087e-01 -9.856616999999999809e-03 9.771691559999999832e-01
1.702688173412312269e+09 3.689669999999999929e-04 -4.950999999999999862e-05 8.036322000000000257e-03 -1.188025300000000034e-02 1.520799700000000088e-01 -7.270483000000000327e-03 9.882700439999999587e-01
1.702688173788103819e+09 3.804759999999999804e-04 -4.307299999999999909e-05 8.090214000000000086e-03 -1.057667200000000050e-02 1.161147950000000068e-01 -8.061774000000000717e-03 9.931467769999999806e-01
1.702688175122865438e+09 4.078660000000000011e-04 -7.174499999999999834e-05 8.242222999999999911e-03 -1.604038299999999834e-02 -1.045531499999999975e-02 -5.255980000000000374e-03 9.998028869999999735e-01
1.702688175331788063e+09 3.782379999999999792e-04 -7.629899999999999573e-05 8.257354999999999209e-03 -2.126178899999999969e-02 -2.289159199999999880e-02 -3.749502000000000043e-03 9.995048050000000517e-01
1.702688175500180483e+09 3.837369999999999887e-04 -7.074199999999999456e-05 8.287869999999999265e-03 -1.965226399999999915e-02 -3.627939100000000111e-02 -2.629015000000000171e-03 9.991449709999999929e-01
1.702688175660303593e+09 3.891070000000000271e-04 -7.108899999999999649e-05 8.308397999999999825e-03 -2.048970899999999831e-02 -4.094783600000000134e-02 -2.684292000000000015e-03 9.989475610000000394e-01
1.702688176244094372e+09 3.723309999999999966e-04 -5.591800000000000232e-05 8.400997999999999799e-03 -2.105704099999999857e-02 -6.805148699999999384e-02 -2.597541999999999993e-03 9.974561929999999910e-01
1.702688176371306896e+09 3.733949999999999986e-04 -5.712699999999999701e-05 8.416958000000000426e-03 -2.186426899999999868e-02 -7.301901299999999373e-02 -3.265047000000000088e-03 9.970855119999999516e-01
1.702688176534467697e+09 3.716020000000000109e-04 -5.519200000000000283e-05 8.448462000000000333e-03 -2.047719200000000170e-02 -8.335779599999999789e-02 -3.321639999999999836e-03 9.963037369999999671e-01
1.702688176662036896e+09 3.728089999999999876e-04 -5.865799999999999980e-05 8.470721999999999974e-03 -2.096851900000000143e-02 -9.060872300000000212e-02 -4.415521999999999850e-03 9.956560129999999509e-01
1.702688177455182552e+09 3.710590000000000264e-04 -6.880400000000000058e-05 8.535459000000000448e-03 -2.701464300000000138e-02 -1.080307660000000003e-01 -7.186296000000000003e-03 9.937545060000000374e-01
1.702688177619721651e+09 3.690669999999999953e-04 -6.802899999999999529e-05 8.551598000000000532e-03 -2.699837799999999996e-02 -1.116414069999999981e-01 -7.026316999999999806e-03 9.933569429999999922e-01
1.702688177783465385e+09 3.641170000000000105e-04 -6.912899999999999492e-05 8.567444000000000448e-03 -2.705683700000000025e-02 -1.147849709999999995e-01 -8.535511000000000834e-03 9.929851290000000219e-01
1.702688178871766329e+09 3.077889999999999901e-04 -5.779400000000000265e-05 8.718827000000000174e-03 -2.676733200000000132e-02 -1.539652649999999900e-01 -4.327888000000000221e-03 9.877041579999999987e-01
1.702688179032839775e+09 3.022489999999999856e-04 -5.908999999999999837e-05 8.741969000000000475e-03 -2.748429399999999939e-02 -1.621443029999999896e-01 -4.741882999999999689e-03 9.863728280000000348e-01
1.702688179202244759e+09 2.934759999999999799e-04 -5.817799999999999762e-05 8.760517000000000651e-03 -2.796207900000000079e-02 -1.684720219999999991e-01 -4.139992999999999798e-03 9.853010770000000251e-01
1.702688179536723852e+09 2.700429999999999758e-04 -4.848200000000000101e-05 8.801867999999999151e-03 -2.484060100000000035e-02 -1.820977930000000078e-01 -5.262000000000000184e-03 9.829525350000000161e-01
1.702688180034022808e+09 2.421900000000000105e-04 -3.413000000000000018e-05 8.870805000000000703e-03 -2.215644300000000136e-02 -2.060112950000000109e-01 -4.622254999999999593e-03 9.782878160000000323e-01
1.702688180407467127e+09 2.191870000000000005e-04 -3.247100000000000133e-05 8.916676000000000116e-03 -2.056616000000000000e-02 -2.227018179999999958e-01 -3.182645999999999913e-03 9.746645090000000122e-01
1.702688180574746847e+09 2.075500000000000034e-04 -3.506100000000000194e-05 8.934674999999999562e-03 -2.175675700000000157e-02 -2.298758029999999897e-01 -3.803036000000000090e-03 9.729693529999999813e-01
1.702688180741354465e+09 1.935840000000000087e-04 -3.108700000000000238e-05 8.951071999999999154e-03 -2.187491199999999983e-02 -2.369002249999999921e-01 -3.155226000000000124e-03 9.712826009999999677e-01
1.702688182116979122e+09 8.303599999999999577e-05 -3.030999999999999949e-05 9.114320999999999881e-03 -2.446323099999999848e-02 -3.101351259999999832e-01 3.381680000000000189e-04 9.503776430000000497e-01
1.702688182282747746e+09 6.967200000000000649e-05 -3.373399999999999923e-05 9.132476000000000482e-03 -2.723954599999999990e-02 -3.191128080000000256e-01 1.357730000000000026e-04 9.473251700000000497e-01
1.702688182491040230e+09 5.028299999999999952e-05 -3.261199999999999879e-05 9.154446999999999585e-03 -2.773508800000000149e-02 -3.305288259999999978e-01 3.542560000000000045e-04 9.433882239999999975e-01
1.702688182698923588e+09 3.085599999999999731e-05 -2.691300000000000135e-05 9.177582999999999575e-03 -2.661871899999999902e-02 -3.432715539999999788e-01 2.753739999999999964e-04 9.388589259999999825e-01
1.702688182908474445e+09 9.714000000000000507e-06 -2.167500000000000169e-05 9.198411999999999561e-03 -2.607572799999999941e-02 -3.554140929999999865e-01 2.729459999999999851e-04 9.343451259999999703e-01
1.702688183115879536e+09 -1.083599999999999925e-05 -1.921399999999999934e-05 9.218096999999999749e-03 -2.444218700000000064e-02 -3.679284159999999804e-01 -1.446449999999999949e-04 9.295328259999999787e-01
1.702688183326176405e+09 -3.018100000000000123e-05 -2.101600000000000004e-05 9.235247999999999721e-03 -2.539515900000000048e-02 -3.802999559999999946e-01 3.564940000000000058e-04 9.245144130000000349e-01
1.702688183529803514e+09 -5.495600000000000035e-05 -2.459899999999999945e-05 9.253109000000000681e-03 -2.736937399999999840e-02 -3.964098389999999861e-01 1.089831999999999997e-03 9.176650050000000336e-01
1.702688183947933674e+09 -9.856500000000000244e-05 -2.007299999999999907e-05 9.286512999999999712e-03 -2.739741500000000135e-02 -4.260657429999999968e-01 2.997124999999999789e-03 9.042723179999999639e-01
1.702688184110902548e+09 -1.142599999999999936e-04 -1.773900000000000075e-05 9.297042999999999627e-03 -2.572058500000000067e-02 -4.369709789999999816e-01 3.228430999999999922e-03 8.991020320000000510e-01
1.702688184278225183e+09 -1.348730000000000079e-04 -1.639999999999999883e-05 9.313014999999999141e-03 -2.609266699999999994e-02 -4.517256319999999881e-01 2.578664999999999950e-03 8.917715550000000491e-01
1.702688184446985245e+09 -1.544139999999999890e-04 -1.548000000000000087e-05 9.320696999999999316e-03 -2.566045000000000131e-02 -4.639524819999999994e-01 3.187025000000000014e-03 8.854826089999999761e-01
1.702688184653297186e+09 -1.748399999999999998e-04 -1.561100000000000012e-05 9.332306999999999755e-03 -2.545686100000000077e-02 -4.813848729999999909e-01 4.916654999999999810e-03 8.761257529999999516e-01
1.702688184860982895e+09 -1.984339999999999910e-04 -1.441999999999999916e-05 9.344312000000000451e-03 -2.580588899999999852e-02 -4.972690049999999862e-01 4.981333999999999589e-03 8.671982289999999871e-01
1.702688185073422670e+09 -2.186819999999999910e-04 -1.328599999999999951e-05 9.354858000000000617e-03 -2.410817300000000010e-02 -5.140575170000000194e-01 6.418423000000000357e-03 8.573928480000000407e-01
1.702688185652658939e+09 -2.888950000000000047e-04 -1.068900000000000049e-05 9.374815999999999358e-03 -2.455906399999999851e-02 -5.579636100000000543e-01 7.723426000000000249e-03 8.294660449999999852e-01
1.702688185821190834e+09 -3.056110000000000120e-04 -9.480999999999999519e-06 9.384685999999999723e-03 -2.583159299999999992e-02 -5.733445879999999883e-01 8.081625000000000267e-03 8.188671469999999619e-01
1.702688186032140255e+09 -3.255339999999999905e-04 -9.684999999999999599e-06 9.388782999999999504e-03 -2.628485900000000069e-02 -5.866727229999999516e-01 7.520788999999999946e-03 8.093625309999999962e-01
1.702688186195514202e+09 -3.393080000000000250e-04 -1.122300000000000080e-05 9.388280000000000583e-03 -2.557445300000000046e-02 -5.946301819999999516e-01 7.828061000000000741e-03 8.035543560000000252e-01
1.702688186364480734e+09 -3.537489999999999905e-04 -1.112599999999999986e-05 9.394210999999999534e-03 -2.529388999999999943e-02 -6.083149310000000032e-01 7.589895000000000148e-03 7.932562829999999510e-01
1.702688186776847363e+09 -3.750299999999999923e-04 -5.684999999999999780e-06 9.393913999999999737e-03 -2.179618200000000075e-02 -6.214877370000000401e-01 1.002819999999999927e-02 7.830564380000000213e-01
1.702688188445574999e+09 -5.913920000000000461e-04 -1.165000000000000069e-06 9.440132000000000384e-03 -2.422323100000000132e-02 -6.240377430000000336e-01 8.586803999999999965e-03 7.809715270000000542e-01
1.702688188693451405e+09 -6.224530000000000254e-04 -4.950000000000000252e-07 9.450353999999999352e-03 -2.360728600000000163e-02 -6.146504280000000264e-01 8.480382999999999324e-03 7.884007690000000013e-01
1.702688188900831461e+09 -6.521850000000000043e-04 9.919999999999999890e-07 9.454316000000000803e-03 -2.400820099999999985e-02 -6.130655409999999916e-01 8.075316000000000785e-03 7.896258830000000284e-01
1.702688189108078957e+09 -6.799179999999999504e-04 1.703000000000000043e-06 9.460988000000000037e-03 -2.418617500000000073e-02 -6.257902379999999987e-01 9.899148999999999449e-03 7.795534729999999968e-01
1.702688189316132784e+09 -7.077259999999999931e-04 2.881000000000000030e-06 9.467476000000000710e-03 -2.380348399999999975e-02 -6.330657600000000329e-01 1.042421399999999936e-02 7.736616729999999942e-01
1.702688189525609970e+09 -7.360640000000000325e-04 1.906999999999999911e-06 9.470803999999999334e-03 -2.479687900000000084e-02 -6.421578529999999452e-01 9.806920000000000220e-03 7.661085130000000465e-01
1.702688189690997839e+09 -7.590469999999999986e-04 3.138999999999999931e-06 9.471579000000000803e-03 -2.459687600000000016e-02 -6.384335759999999471e-01 7.789836999999999977e-03 7.692444320000000335e-01
1.702688189940470457e+09 -7.919399999999999834e-04 4.960999999999999597e-06 9.484140000000000278e-03 -2.386685300000000037e-02 -6.402608749999999516e-01 7.297391000000000294e-03 7.677519919999999942e-01
1.702688190151007652e+09 -8.224979999999999574e-04 6.019999999999999961e-06 9.484176999999999885e-03 -2.477216499999999877e-02 -6.530512569999999961e-01 7.681272000000000273e-03 7.568694950000000032e-01
1.702688190360705614e+09 -8.504330000000000483e-04 7.573000000000000169e-06 9.485043000000000293e-03 -2.268447399999999961e-02 -6.611528989999999606e-01 9.520746999999999544e-03 7.498477700000000246e-01
1.702688190564355373e+09 -8.789899999999999580e-04 9.099000000000000466e-06 9.487512999999999502e-03 -2.164947399999999841e-02 -6.553075310000000542e-01 7.692677000000000195e-03 7.550126910000000136e-01
1.702688190774636507e+09 -9.055759999999999504e-04 8.668000000000000696e-06 9.492768999999999860e-03 -2.232345800000000088e-02 -6.487612719999999999e-01 7.898631999999999181e-03 7.606235740000000245e-01
1.702688191025105238e+09 -9.405229999999999667e-04 9.205000000000000806e-06 9.501683999999999825e-03 -2.354040199999999847e-02 -6.481324429999999470e-01 8.376227999999999452e-03 7.611176969999999820e-01
1.702688191236978531e+09 -9.690029999999999651e-04 9.391999999999999185e-06 9.505493999999999749e-03 -2.312770499999999840e-02 -6.584624650000000523e-01 8.881774999999999740e-03 7.522057890000000135e-01
1.702688191438739300e+09 -9.963070000000000953e-04 8.077999999999999569e-06 9.505556999999999548e-03 -2.347774799999999967e-02 -6.567648649999999755e-01 9.064617999999999981e-03 7.536753419999999704e-01
1.702688191650027514e+09 -1.023683999999999965e-03 9.114999999999999974e-06 9.514266999999999863e-03 -2.267784600000000150e-02 -6.472597719999999555e-01 9.277004999999999627e-03 7.618755699999999464e-01
1.702688191856834650e+09 -1.051340000000000000e-03 8.773999999999999342e-06 9.520031999999999453e-03 -2.307636700000000041e-02 -6.401244400000000168e-01 1.005416699999999927e-02 7.678588029999999787e-01
1.702688192062933922e+09 -1.078975000000000030e-03 9.884999999999999378e-06 9.526325000000000418e-03 -2.278527099999999930e-02 -6.382477279999999586e-01 1.144409799999999977e-02 7.694087029999999716e-01
1.702688192523174286e+09 -1.141021000000000092e-03 1.326199999999999940e-05 9.541756000000000196e-03 -2.321014000000000063e-02 -6.214157940000000213e-01 9.533984000000000555e-03 7.830789689999999581e-01
1.702688192729799986e+09 -1.170552999999999958e-03 1.331100000000000012e-05 9.550819999999999796e-03 -2.454351399999999891e-02 -6.109651329999999936e-01 8.856242000000000281e-03 7.912274000000000251e-01
1.702688192938962221e+09 -1.196011999999999987e-03 1.448199999999999958e-05 9.557108999999999396e-03 -2.434816199999999958e-02 -6.125010850000000007e-01 9.197432000000000177e-03 7.900412079999999948e-01
1.702688193151263475e+09 -1.226188000000000018e-03 1.545700000000000126e-05 9.562951999999999564e-03 -2.574669799999999842e-02 -6.199237109999999884e-01 7.895305000000000031e-03 7.841998340000000400e-01
1.702688193398554802e+09 -1.257455999999999895e-03 1.654099999999999969e-05 9.570276000000000824e-03 -2.435951500000000172e-02 -6.267077330000000446e-01 8.306818000000000535e-03 7.788292770000000420e-01
1.702688193648948193e+09 -1.290927999999999997e-03 1.599099999999999987e-05 9.580458999999999503e-03 -2.551357599999999962e-02 -6.127637620000000451e-01 8.878455999999999848e-03 7.898042800000000252e-01
1.702688193897326946e+09 -1.322321000000000000e-03 1.656900000000000010e-05 9.589438999999999949e-03 -2.454878599999999952e-02 -6.050930620000000149e-01 9.664298999999999459e-03 7.957174780000000336e-01
1.702688194147161484e+09 -1.356458999999999963e-03 1.861200000000000070e-05 9.600812000000000235e-03 -2.428176599999999977e-02 -5.997020010000000401e-01 8.439484000000000569e-03 7.998104099999999717e-01
1.702688194397277594e+09 -1.388913000000000083e-03 2.044199999999999842e-05 9.610047000000000034e-03 -2.280130199999999899e-02 -5.982030630000000349e-01 8.167673000000000294e-03 8.009784819999999916e-01
1.702688194604223967e+09 -1.414937999999999916e-03 2.042199999999999861e-05 9.619435000000000832e-03 -2.337203200000000092e-02 -5.949044230000000155e-01 8.416850999999999500e-03 8.034125570000000272e-01
1.702688194854336739e+09 -1.449554000000000033e-03 2.290399999999999958e-05 9.627279000000000739e-03 -2.457399700000000020e-02 -5.964292289999999497e-01 8.112921000000000368e-03 8.022483590000000220e-01
1.702688195104681492e+09 -1.480746999999999923e-03 2.276400000000000092e-05 9.635394000000000250e-03 -2.398601499999999942e-02 -5.951502920000000252e-01 9.569272999999999668e-03 8.031994700000000265e-01
1.702688195358011246e+09 -1.511923000000000086e-03 2.263199999999999948e-05 9.646293000000000228e-03 -2.334692500000000101e-02 -5.908573270000000432e-01 9.986752999999999256e-03 8.063763379999999703e-01
1.702688195606745243e+09 -1.546351000000000062e-03 2.339799999999999858e-05 9.657657000000000047e-03 -2.224200800000000061e-02 -5.819397570000000020e-01 7.918644000000000724e-03 8.128890989999999483e-01
1.702688195854430914e+09 -1.577414999999999980e-03 2.507400000000000083e-05 9.667610999999999566e-03 -2.208644499999999969e-02 -5.840705630000000426e-01 9.254425000000000151e-03 8.113496300000000439e-01
1.702688196144412518e+09 -1.617621999999999984e-03 2.630400000000000091e-05 9.679844999999999422e-03 -2.282104500000000161e-02 -5.767434839999999729e-01 7.958592000000000444e-03 8.165677190000000252e-01
1.702688196436167717e+09 -1.652262999999999952e-03 2.547799999999999899e-05 9.694651000000000310e-03 -2.357601900000000014e-02 -5.671270489999999942e-01 8.211316999999999228e-03 8.232519029999999516e-01
1.702688196728017092e+09 -1.688987999999999991e-03 2.820600000000000066e-05 9.712009000000000614e-03 -2.252081800000000147e-02 -5.580893749999999986e-01 8.540660999999999739e-03 8.294312360000000162e-01
1.702688196979374886e+09 -1.723336000000000008e-03 2.816900000000000084e-05 9.724549000000000734e-03 -2.403947700000000007e-02 -5.461063980000000484e-01 6.654618000000000165e-03 8.373444679999999529e-01
1.702688197270609379e+09 -1.758332000000000037e-03 2.914299999999999863e-05 9.742548000000000180e-03 -2.542834899999999940e-02 -5.373546479999999903e-01 5.132791000000000263e-03 8.429573179999999555e-01
1.702688197521100044e+09 -1.788915000000000080e-03 3.021399999999999905e-05 9.758083000000000728e-03 -2.460964800000000133e-02 -5.269039869999999626e-01 6.220240000000000144e-03 8.495456580000000368e-01
1.702688197808630466e+09 -1.822526000000000094e-03 3.532199999999999826e-05 9.779806000000000263e-03 -2.400897299999999943e-02 -5.151546599999999865e-01 6.029347000000000005e-03 8.567397589999999896e-01
1.702688198103409052e+09 -1.855604000000000064e-03 3.230700000000000086e-05 9.803409000000000775e-03 -2.509019200000000074e-02 -5.020366910000000349e-01 5.805859000000000020e-03 8.644627329999999832e-01
1.702688198362723827e+09 -1.886513999999999943e-03 3.632299999999999765e-05 9.821437000000000569e-03 -2.491417500000000021e-02 -4.913997050000000200e-01 5.014916000000000339e-03 8.705633280000000251e-01
1.702688198644781113e+09 -1.915327999999999996e-03 3.776099999999999981e-05 9.844461000000000531e-03 -2.371651699999999946e-02 -4.786453840000000071e-01 5.960660999999999911e-03 8.776677250000000097e-01
1.702688198975623608e+09 -1.951199999999999940e-03 3.953200000000000030e-05 9.873012000000000454e-03 -2.300100799999999987e-02 -4.708376819999999796e-01 5.558406999999999584e-03 8.819025160000000252e-01
1.702688199182362318e+09 -1.975309000000000179e-03 3.966200000000000075e-05 9.888697000000000112e-03 -2.307325799999999927e-02 -4.656823580000000184e-01 6.035997999999999884e-03 8.846305610000000375e-01
1.702688199353220463e+09 -1.991787000000000071e-03 3.879199999999999722e-05 9.901804999999999635e-03 -2.343274299999999893e-02 -4.606799189999999933e-01 5.016782000000000012e-03 8.872427939999999458e-01
1.702688199601385117e+09 -2.016842000000000027e-03 4.184400000000000120e-05 9.922263000000000610e-03 -2.253253599999999884e-02 -4.567433889999999996e-01 5.526546000000000236e-03 8.892959360000000091e-01
1.702688199808663368e+09 -2.040926000000000198e-03 4.317300000000000152e-05 9.935562999999999687e-03 -2.127553299999999925e-02 -4.521524909999999897e-01 5.075465999999999832e-03 8.916724320000000148e-01
1.702688200227043152e+09 -2.085304000000000064e-03 4.521399999999999774e-05 9.972748999999999503e-03 -2.179188500000000042e-02 -4.570756260000000126e-01 5.737889000000000357e-03 8.891423339999999786e-01
1.702688200435864687e+09 -2.108628999999999885e-03 4.407000000000000327e-05 9.982243999999999493e-03 -2.318261799999999859e-02 -4.566406009999999793e-01 5.211239000000000322e-03 8.893339040000000084e-01
1.702688200639310360e+09 -2.132335999999999867e-03 4.490799999999999762e-05 9.997264999999999971e-03 -2.322885800000000153e-02 -4.586320819999999965e-01 5.794147000000000360e-03 8.883036970000000032e-01
1.702688200848833799e+09 -2.154255999999999793e-03 4.683900000000000335e-05 1.001460700000000002e-02 -2.260569899999999993e-02 -4.619385599999999981e-01 5.729714000000000335e-03 8.866052629999999768e-01
1.702688201057664156e+09 -2.177549999999999885e-03 4.946899999999999681e-05 1.003156499999999923e-02 -2.351765299999999947e-02 -4.699237350000000091e-01 6.837997000000000172e-03 8.823671939999999658e-01
1.702688201263350964e+09 -2.203804000000000179e-03 4.896200000000000319e-05 1.004094999999999988e-02 -2.307955899999999949e-02 -4.799230990000000197e-01 6.841986999999999895e-03 8.769802450000000471e-01
1.702688201722691774e+09 -2.254142000000000211e-03 5.164400000000000224e-05 1.007918300000000024e-02 -2.438194899999999998e-02 -4.833963809999999861e-01 5.783546999999999993e-03 8.750428559999999800e-01
1.702688201974813700e+09 -2.285363999999999798e-03 5.215700000000000224e-05 1.009203699999999988e-02 -2.428078800000000106e-02 -4.847980139999999993e-01 3.525604999999999798e-03 8.742819429999999503e-01
1.702688202433810949e+09 -2.339379999999999845e-03 5.444000000000000054e-05 1.012372199999999993e-02 -2.522109800000000082e-02 -4.910753669999999849e-01 4.483637999999999860e-03 8.707404140000000181e-01
1.702688202680885315e+09 -2.367043000000000098e-03 5.728899999999999986e-05 1.014199300000000019e-02 -2.403585800000000022e-02 -4.906272289999999980e-01 5.425980000000000386e-03 8.710210919999999968e-01
1.702688202888219357e+09 -2.390321999999999846e-03 5.886600000000000187e-05 1.015780900000000028e-02 -2.385842100000000118e-02 -4.879039820000000138e-01 5.018273000000000178e-03 8.725567459999999942e-01
1.702688203097716808e+09 -2.414641999999999830e-03 5.976900000000000322e-05 1.017287000000000052e-02 -2.414856900000000167e-02 -4.822351340000000097e-01 3.916158999999999786e-03 8.757001760000000523e-01
1.702688204512883902e+09 -2.562563999999999814e-03 6.674800000000000535e-05 1.029367599999999987e-02 -2.272261899999999946e-02 -4.138354659999999852e-01 4.947876000000000357e-03 9.100546240000000342e-01
1.702688204677348375e+09 -2.579276000000000138e-03 6.930399999999999918e-05 1.031135300000000053e-02 -2.170669799999999997e-02 -4.047032300000000249e-01 4.895952999999999763e-03 9.141773579999999955e-01
1.702688204886427879e+09 -2.599423000000000011e-03 6.935899999999999780e-05 1.033296899999999914e-02 -2.181466899999999834e-02 -3.926895859999999794e-01 4.537341000000000291e-03 9.194011690000000181e-01
1.702688205303340197e+09 -2.634487000000000027e-03 7.355900000000000502e-05 1.037795600000000068e-02 -2.083623999999999893e-02 -3.684118089999999790e-01 4.780971999999999653e-03 9.294168950000000207e-01
1.702688205512762785e+09 -2.655213000000000018e-03 6.827300000000000176e-05 1.038999399999999962e-02 -2.290616900000000053e-02 -3.532807230000000187e-01 3.491330999999999862e-03 9.352304340000000549e-01
1.702688205720149755e+09 -2.667053999999999866e-03 7.096399999999999345e-05 1.041325599999999921e-02 -2.374932700000000063e-02 -3.414400819999999781e-01 3.104964999999999895e-03 9.395983220000000413e-01
1.702688205967622519e+09 -2.688292000000000112e-03 7.242399999999999641e-05 1.044268500000000016e-02 -2.355124399999999896e-02 -3.152278070000000265e-01 1.789178999999999900e-03 9.487221240000000000e-01
1.702688206135628700e+09 -2.698892000000000044e-03 7.358599999999999646e-05 1.046096399999999968e-02 -2.097804099999999936e-02 -3.011957710000000010e-01 2.147169999999999895e-03 9.533291459999999606e-01
1.702688206347591877e+09 -2.711850000000000024e-03 7.418699999999999969e-05 1.048543700000000023e-02 -2.173182599999999923e-02 -2.808889150000000168e-01 1.749003999999999967e-03 9.594926240000000162e-01
1.702688207217567205e+09 -2.755214000000000187e-03 8.229700000000000166e-05 1.059342299999999938e-02 -2.135211999999999874e-02 -1.986636220000000119e-01 -1.537189999999999965e-04 9.798351530000000142e-01
1.702688207552737951e+09 -2.770271999999999839e-03 8.421099999999999723e-05 1.063444700000000000e-02 -2.311594999999999969e-02 -1.709694559999999919e-01 -1.636655000000000098e-03 9.850037689999999735e-01
1.702688207715920448e+09 -2.777022000000000084e-03 8.511000000000000336e-05 1.065625400000000042e-02 -2.239389699999999941e-02 -1.547525230000000029e-01 -2.186266000000000077e-03 9.876970649999999852e-01
1.702688207883152246e+09 -2.782150000000000161e-03 8.534699999999999448e-05 1.067740699999999987e-02 -2.233379500000000004e-02 -1.423601959999999944e-01 -2.610845000000000093e-03 9.895594720000000510e-01
1.702688208217501879e+09 -2.787806999999999785e-03 8.680300000000000223e-05 1.072048299999999940e-02 -2.231477800000000039e-02 -1.218105849999999990e-01 -2.425473000000000039e-03 9.922995570000000543e-01
1.702688208554110289e+09 -2.804107000000000127e-03 9.141900000000000004e-05 1.076909199999999921e-02 -2.100452200000000116e-02 -1.101883800000000024e-01 -1.913425999999999972e-03 9.936869139999999767e-01
1.702688208715368986e+09 -2.799531000000000068e-03 9.124399999999999579e-05 1.078018900000000078e-02 -2.250222099999999933e-02 -1.105914409999999987e-01 -1.492831999999999926e-03 9.936100839999999490e-01
1.702688208882837057e+09 -2.802849000000000052e-03 9.190599999999999725e-05 1.080748800000000051e-02 -2.336003600000000069e-02 -1.084347739999999977e-01 -1.690700000000000059e-04 9.938290720000000356e-01
1.702688209264755249e+09 -2.813898000000000007e-03 9.503600000000000285e-05 1.085729900000000081e-02 -2.718511200000000086e-02 -1.177124680000000007e-01 4.363910999999999832e-03 9.926660059999999897e-01
1.702688210215263605e+09 -2.858126999999999803e-03 1.014330000000000028e-04 1.097843800000000009e-02 -2.614780300000000071e-02 -1.470657290000000061e-01 -1.122478099999999965e-02 9.887173179999999562e-01
1.702688210421895504e+09 -2.865682000000000038e-03 1.002119999999999953e-04 1.100327400000000039e-02 -2.272875200000000137e-02 -1.646308150000000137e-01 -1.017773400000000078e-02 9.860408309999999510e-01
1.702688210672807455e+09 -2.879284000000000183e-03 1.025040000000000066e-04 1.102998200000000067e-02 -1.268770299999999983e-02 -1.787282530000000036e-01 -5.143682999999999589e-03 9.838032129999999542e-01
1.702688210880575180e+09 -2.882154000000000053e-03 1.010889999999999939e-04 1.104758699999999934e-02 -9.677362000000000117e-03 -1.824994980000000100e-01 -2.485658999999999872e-03 9.831551910000000394e-01
1.702688211087900400e+09 -2.886904999999999940e-03 1.001139999999999973e-04 1.107100999999999918e-02 -1.052648800000000051e-02 -1.616903839999999926e-01 -3.632536999999999919e-03 9.867787359999999897e-01
1.702688211307955027e+09 -2.896765999999999838e-03 1.035379999999999970e-04 1.109804699999999977e-02 -1.266216000000000043e-02 -1.485490499999999880e-01 -4.219940999999999623e-03 9.888149499999999703e-01
1.702688211561096191e+09 -2.907709000000000075e-03 1.082950000000000058e-04 1.113302899999999915e-02 -1.650602600000000003e-02 -1.323204189999999947e-01 -5.175840000000000128e-03 9.910560849999999755e-01
1.702688212713030100e+09 -2.919797999999999925e-03 1.092869999999999991e-04 1.128169199999999942e-02 -1.753897999999999915e-02 -7.404279699999999353e-02 -5.286848000000000242e-03 9.970868229999999555e-01
1.702688212923546314e+09 -2.923417000000000203e-03 1.104880000000000033e-04 1.131024599999999949e-02 -2.035051599999999905e-02 -6.266834599999999977e-02 -6.701503000000000147e-03 9.978044029999999509e-01
1.702688213129238844e+09 -2.924402999999999898e-03 1.131470000000000061e-04 1.133946100000000033e-02 -2.118431399999999923e-02 -5.298554500000000195e-02 -6.658365000000000290e-03 9.983483549999999651e-01
1.702688213340885162e+09 -2.923457999999999873e-03 1.161300000000000011e-04 1.136846400000000000e-02 -2.251772599999999833e-02 -4.215215900000000154e-02 -6.392084999999999607e-03 9.988369940000000335e-01
1.702688214007862806e+09 -2.928001999999999862e-03 1.157509999999999968e-04 1.145327800000000076e-02 -2.296167799999999926e-02 -5.343172999999999673e-03 -8.311762000000000317e-03 9.996874930000000381e-01
1.702688214211086988e+09 -2.931286999999999868e-03 1.167120000000000033e-04 1.148218600000000013e-02 -2.281076099999999884e-02 8.673043999999999545e-03 -9.262226999999999613e-03 9.996593000000000284e-01
1.702688214678100109e+09 -2.925278999999999813e-03 1.182150000000000057e-04 1.153804899999999987e-02 -2.259638200000000166e-02 2.974424900000000038e-02 -9.562510999999999234e-03 9.992563719999999483e-01
1.702688215296774864e+09 -2.916689999999999994e-03 1.231360000000000083e-04 1.161874199999999961e-02 -2.095596500000000001e-02 5.555405499999999802e-02 -1.019696099999999918e-02 9.981836680000000239e-01
1.702688215503149033e+09 -2.913990999999999890e-03 1.232589999999999934e-04 1.164529400000000048e-02 -2.037270000000000053e-02 5.062820800000000093e-02 -1.018501399999999918e-02 9.984577890000000400e-01
1.702688216167394876e+09 -2.909576000000000089e-03 1.261059999999999883e-04 1.173104500000000071e-02 -2.043658099999999880e-02 2.574057899999999954e-02 -9.441183000000000561e-03 9.994151589999999974e-01
1.702688216834064484e+09 -2.912225999999999964e-03 1.301680000000000046e-04 1.181657399999999983e-02 -1.950212800000000052e-02 -1.256404999999999935e-03 -8.542743999999999685e-03 9.997725490000000104e-01
1.702688217044773579e+09 -2.915178999999999947e-03 1.327810000000000015e-04 1.184496399999999949e-02 -1.997606099999999982e-02 -4.198046000000000416e-03 -7.896705999999999864e-03 9.997604490000000510e-01
1.702688217250009537e+09 -2.912734000000000156e-03 1.339860000000000009e-04 1.187130399999999919e-02 -2.082170699999999833e-02 -5.328939999999999892e-03 -7.476456000000000247e-03 9.997410770000000335e-01
1.702688217501604080e+09 -2.911954000000000018e-03 1.360230000000000087e-04 1.190304099999999962e-02 -2.180424099999999851e-02 -2.597381000000000169e-03 -8.368735000000000410e-03 9.997239110000000206e-01
1.702688218000645399e+09 -2.909859999999999790e-03 1.382400000000000046e-04 1.196683599999999979e-02 -2.108962099999999937e-02 9.890054000000000553e-03 -8.159997000000000431e-03 9.996953610000000046e-01
1.702688218505681515e+09 -2.911421999999999882e-03 1.409399999999999889e-04 1.203081699999999921e-02 -2.055294599999999902e-02 1.185762899999999974e-02 -7.977100000000000857e-03 9.996865990000000091e-01
1.702688219040821552e+09 -2.909199999999999807e-03 1.449760000000000024e-04 1.210010299999999921e-02 -2.122466099999999883e-02 1.731335900000000039e-02 -8.993681999999999371e-03 9.995843770000000239e-01
1.702688219290940046e+09 -2.909380000000000039e-03 1.465659999999999923e-04 1.213127399999999918e-02 -2.107557300000000022e-02 1.874726300000000012e-02 -9.323646999999999144e-03 9.995586279999999491e-01
1.702688219582042217e+09 -2.907912999999999817e-03 1.474679999999999915e-04 1.216840400000000072e-02 -2.080840200000000015e-02 2.201419699999999924e-02 -9.182404999999999387e-03 9.994989039999999658e-01
1.702688219873607635e+09 -2.902103000000000061e-03 1.490340000000000100e-04 1.220517800000000055e-02 -1.972194000000000030e-02 3.244368000000000252e-02 -7.994348999999999553e-03 9.992470150000000162e-01
1.702688220164463282e+09 -2.902838999999999940e-03 1.506950000000000065e-04 1.224252800000000078e-02 -2.072852799999999954e-02 3.604073800000000272e-02 -9.139404999999999751e-03 9.990935330000000336e-01
1.702688220413036108e+09 -2.900286000000000183e-03 1.517500000000000023e-04 1.227369300000000045e-02 -2.094778400000000054e-02 4.073612399999999856e-02 -8.650133000000000821e-03 9.989128710000000355e-01
1.702688221248893976e+09 -2.882413999999999810e-03 1.577919999999999963e-04 1.237932500000000005e-02 -1.910525700000000049e-02 6.810220300000000004e-02 -8.410805000000000364e-03 9.974599480000000407e-01
1.702688221747570276e+09 -2.873033000000000097e-03 1.586939999999999954e-04 1.244167699999999994e-02 -1.912181799999999876e-02 8.395840200000000142e-02 -8.443111999999999145e-03 9.962500330000000348e-01
1.702688222081618071e+09 -2.863987000000000130e-03 1.600080000000000035e-04 1.248378399999999951e-02 -1.917504000000000083e-02 9.791500100000000151e-02 -9.556804000000000340e-03 9.949641820000000303e-01
1.702688222373850346e+09 -2.857198000000000029e-03 1.617289999999999960e-04 1.251963900000000081e-02 -1.902316000000000076e-02 1.045256779999999969e-01 -9.893509999999999457e-03 9.942910080000000317e-01
1.702688222662907839e+09 -2.848488000000000148e-03 1.624560000000000045e-04 1.255437300000000062e-02 -1.757664199999999996e-02 1.050035359999999945e-01 -9.283097000000000570e-03 9.942731860000000310e-01
1.702688222995658159e+09 -2.840950999999999980e-03 1.639249999999999865e-04 1.259659500000000036e-02 -1.772667299999999835e-02 1.031501739999999973e-01 -1.001273999999999914e-02 9.944574240000000342e-01
1.702688223286115408e+09 -2.833062999999999814e-03 1.658669999999999893e-04 1.263363900000000033e-02 -1.844905900000000029e-02 9.770972999999999464e-02 -9.924679000000000487e-03 9.949944619999999684e-01
1.702688223579206944e+09 -2.827267999999999969e-03 1.671069999999999977e-04 1.266992999999999939e-02 -1.906374500000000000e-02 8.869583899999999854e-02 -9.178573000000000634e-03 9.958339929999999729e-01
1.702688223910227537e+09 -2.822316000000000061e-03 1.684070000000000022e-04 1.271046900000000028e-02 -1.791462300000000105e-02 7.937784500000000243e-02 -9.007058000000000078e-03 9.966429470000000013e-01
1.702688224246341705e+09 -2.817277999999999883e-03 1.698439999999999954e-04 1.274482300000000061e-02 -1.856756199999999926e-02 6.770653299999999930e-02 -8.350982999999999323e-03 9.974975590000000336e-01
1.702688224536349535e+09 -2.815666999999999996e-03 1.714169999999999887e-04 1.277322600000000037e-02 -1.888942899999999925e-02 6.067761399999999777e-02 -8.797486000000000195e-03 9.979398849999999710e-01
1.702688224828633308e+09 -2.809750000000000181e-03 1.707240000000000005e-04 1.280070600000000024e-02 -1.990431000000000145e-02 6.908476400000000683e-02 -8.202301000000000383e-03 9.973784690000000452e-01
1.702688225161757946e+09 -2.802638000000000091e-03 1.739690000000000008e-04 1.284345800000000030e-02 -1.907760099999999959e-02 8.254269499999999926e-02 -1.053326199999999983e-02 9.963492160000000375e-01
1.702688225535191774e+09 -2.793101000000000091e-03 1.753480000000000023e-04 1.288942400000000002e-02 -1.965483300000000003e-02 9.131005400000000161e-02 -9.573712999999999321e-03 9.955825209999999981e-01
1.702688225868437290e+09 -2.783316000000000089e-03 1.769979999999999882e-04 1.293043699999999949e-02 -1.981772700000000026e-02 1.058398339999999938e-01 -9.709643000000000440e-03 9.941383000000000303e-01
1.702688226247096539e+09 -2.773133000000000108e-03 1.792530000000000132e-04 1.297573100000000076e-02 -2.055096400000000142e-02 1.058133240000000003e-01 -1.081127200000000024e-02 9.941148760000000362e-01
1.702688226579304218e+09 -2.761438000000000174e-03 1.808330000000000083e-04 1.301396099999999924e-02 -2.009714799999999871e-02 1.263963280000000022e-01 -1.100109200000000051e-02 9.917151929999999949e-01
1.702688226990550518e+09 -2.747027999999999883e-03 1.824580000000000071e-04 1.306313400000000055e-02 -1.972272400000000050e-02 1.353284120000000090e-01 -1.099500599999999988e-02 9.905434850000000013e-01
1.702688227330985785e+09 -2.734940999999999848e-03 1.843100000000000023e-04 1.310326099999999973e-02 -1.961693399999999907e-02 1.397140319999999880e-01 -1.114759799999999988e-02 9.899348019999999471e-01
1.702688227661375046e+09 -2.720669000000000212e-03 1.852900000000000098e-04 1.314364699999999962e-02 -1.869431900000000091e-02 1.467694340000000042e-01 -1.131636599999999958e-02 9.889293310000000226e-01
1.702688228032671452e+09 -2.708855999999999938e-03 1.869849999999999995e-04 1.318909700000000032e-02 -1.932018599999999961e-02 1.338416490000000070e-01 -1.057743099999999999e-02 9.907579420000000026e-01
1.702688228365226507e+09 -2.694606999999999905e-03 1.889700000000000017e-04 1.322673599999999935e-02 -1.916714400000000054e-02 1.523438249999999883e-01 -1.130125400000000016e-02 9.880771040000000394e-01
1.702688228704123020e+09 -2.680107000000000149e-03 1.894630000000000120e-04 1.326504499999999961e-02 -1.823693700000000167e-02 1.681407839999999876e-01 -1.141475900000000002e-02 9.855281710000000084e-01
1.702688228988925934e+09 -2.666684999999999802e-03 1.903100000000000126e-04 1.329903500000000072e-02 -1.733665200000000101e-02 1.798453929999999923e-01 -1.198975799999999967e-02 9.834690689999999735e-01
1.702688229280386209e+09 -2.654729000000000203e-03 1.907509999999999902e-04 1.333229900000000058e-02 -1.630165399999999876e-02 1.897097080000000047e-01 -1.279562700000000039e-02 9.816215040000000336e-01
1.702688229614859104e+09 -2.634861999999999968e-03 1.910269999999999991e-04 1.336984499999999999e-02 -1.611839600000000011e-02 2.010937780000000008e-01 -1.217858299999999977e-02 9.793636799999999587e-01
1.702688230031160355e+09 -2.613669999999999796e-03 1.912770000000000052e-04 1.341796800000000060e-02 -1.560617100000000028e-02 2.088432159999999982e-01 -1.110101800000000069e-02 9.777615670000000536e-01
1.702688230365536690e+09 -2.592809000000000173e-03 1.918610000000000118e-04 1.345546199999999963e-02 -1.562663900000000120e-02 2.197368140000000025e-01 -1.126899599999999987e-02 9.753689770000000259e-01
1.702688230701116323e+09 -2.579731999999999945e-03 1.945779999999999927e-04 1.349452800000000043e-02 -1.720554399999999970e-02 2.186461839999999934e-01 -1.175708999999999955e-02 9.755816459999999690e-01
1.702688231072962761e+09 -2.558317000000000056e-03 1.952049999999999987e-04 1.353765000000000003e-02 -1.900711700000000046e-02 2.022636230000000035e-01 -1.180787699999999961e-02 9.790754320000000233e-01
1.702688231405540466e+09 -2.546203999999999829e-03 1.964040000000000122e-04 1.357670199999999952e-02 -1.824537899999999907e-02 1.846366229999999997e-01 -1.151691399999999962e-02 9.825699930000000304e-01
1.702688232158797741e+09 -2.521628000000000151e-03 2.011469999999999903e-04 1.366832699999999921e-02 -2.060869699999999874e-02 1.449942290000000022e-01 -9.625510000000000316e-03 9.891710280000000077e-01
1.702688232487362385e+09 -2.511657999999999946e-03 2.015999999999999943e-04 1.370700700000000022e-02 -2.078567400000000051e-02 1.264857050000000038e-01 -9.445254000000000150e-03 9.917056560000000465e-01
1.702688232826483727e+09 -2.504390999999999909e-03 2.026940000000000078e-04 1.374792300000000043e-02 -2.099929199999999926e-02 1.110922399999999949e-01 -8.789717000000000710e-03 9.935493469999999716e-01
1.702688233194522858e+09 -2.496912000000000003e-03 2.053670000000000007e-04 1.379519499999999968e-02 -2.072872400000000045e-02 9.429103099999999738e-02 -8.052942000000000433e-03 9.952962990000000509e-01
1.702688233570001841e+09 -2.490427999999999826e-03 2.070540000000000000e-04 1.384044499999999983e-02 -2.020487600000000009e-02 7.747468400000000199e-02 -7.313100999999999803e-03 9.967627529999999458e-01
1.702688233945336580e+09 -2.487917999999999987e-03 2.092290000000000122e-04 1.388939500000000056e-02 -2.055983200000000011e-02 6.122027699999999656e-02 -6.618080000000000143e-03 9.978905319999999968e-01
1.702688234319454670e+09 -2.483640999999999974e-03 2.098839999999999983e-04 1.393571099999999993e-02 -2.219195100000000143e-02 5.093762699999999921e-02 -7.033179999999999987e-03 9.984304899999999483e-01
1.702688234735295296e+09 -2.482991999999999838e-03 2.124010000000000015e-04 1.398723500000000064e-02 -2.302523299999999912e-02 4.016197099999999770e-02 -6.525238000000000045e-03 9.989065529999999749e-01
1.702688235109162569e+09 -2.477394999999999858e-03 2.132740000000000048e-04 1.403301499999999938e-02 -2.190474800000000166e-02 3.658678800000000203e-02 -6.340941999999999586e-03 9.990702870000000013e-01
1.702688235483720541e+09 -2.473824999999999809e-03 2.156150000000000015e-04 1.407961599999999966e-02 -2.241107100000000116e-02 2.905610600000000168e-02 -6.953313000000000028e-03 9.993023279999999620e-01
1.702688235904521942e+09 -2.475053000000000062e-03 2.157530000000000060e-04 1.413078100000000024e-02 -2.338340499999999947e-02 9.504949999999999857e-03 -7.638912000000000306e-03 9.996522070000000149e-01
1.702688236316504717e+09 -2.474141999999999921e-03 2.162870000000000114e-04 1.418108199999999937e-02 -2.201286499999999952e-02 1.587221200000000013e-02 -7.868978999999999904e-03 9.996007080000000045e-01
1.702688236734096289e+09 -2.467566999999999938e-03 2.189120000000000074e-04 1.423044199999999940e-02 -2.336482700000000121e-02 2.177083700000000122e-02 -7.447866000000000035e-03 9.994621870000000019e-01
1.702688237149650574e+09 -2.458413000000000005e-03 2.214270000000000062e-04 1.428213400000000015e-02 -2.361335800000000096e-02 3.166109000000000284e-02 -8.910810999999999385e-03 9.991799590000000064e-01
1.702688237943016052e+09 -2.457959000000000012e-03 2.265869999999999907e-04 1.438132399999999915e-02 -2.262155899999999942e-02 6.644272800000000645e-02 -9.441873999999999406e-03 9.974890950000000478e-01
1.702688238398918390e+09 -2.438637000000000010e-03 2.279820000000000002e-04 1.443585799999999933e-02 -2.353813299999999928e-02 7.863714500000000551e-02 -1.019271899999999939e-02 9.965732689999999838e-01
1.702688238775736809e+09 -2.436104000000000134e-03 2.327739999999999909e-04 1.448510599999999933e-02 -2.233861399999999969e-02 7.300022999999999929e-02 -8.668306000000000622e-03 9.970440270000000549e-01
1.702688239190417290e+09 -2.423387999999999844e-03 2.341300000000000098e-04 1.453375999999999973e-02 -2.265064799999999892e-02 7.412405299999999531e-02 -9.077527000000000165e-03 9.969504479999999891e-01
1.702688239563726425e+09 -2.413644999999999853e-03 2.347820000000000028e-04 1.457890199999999949e-02 -2.307575900000000124e-02 7.742617999999999723e-02 -8.510834999999999581e-03 9.966946840000000529e-01
1.702688239982972145e+09 -2.414049000000000143e-03 2.385370000000000101e-04 1.463185900000000053e-02 -2.235372700000000032e-02 7.559840399999999405e-02 -9.079788999999999569e-03 9.968463779999999774e-01
1.702688240398546696e+09 -2.406708000000000024e-03 2.407830000000000018e-04 1.468284000000000082e-02 -2.335104199999999894e-02 7.910401400000000027e-02 -9.507220000000000254e-03 9.965474610000000233e-01
1.702688240775227785e+09 -2.402038999999999910e-03 2.427469999999999986e-04 1.472821499999999936e-02 -2.207632199999999892e-02 8.120673100000000422e-02 -8.677927000000000210e-03 9.964149589999999890e-01
1.702688241186676741e+09 -2.394577000000000164e-03 2.438290000000000130e-04 1.477801599999999972e-02 -2.329840299999999878e-02 8.035559999999999925e-02 -8.495334000000000219e-03 9.964576960000000039e-01
1.702688241561665297e+09 -2.387060999999999784e-03 2.456299999999999911e-04 1.482071599999999940e-02 -2.256002799999999933e-02 7.823656499999999403e-02 -8.987827999999999790e-03 9.966390130000000180e-01
1.702688242061439037e+09 -2.381067000000000166e-03 2.467820000000000235e-04 1.488036300000000062e-02 -2.180614300000000005e-02 8.451085499999999584e-02 -8.533583000000000834e-03 9.961473939999999638e-01
1.702688242435628176e+09 -2.368346999999999813e-03 2.515069999999999893e-04 1.492306399999999977e-02 -2.265125299999999967e-02 8.477203499999999559e-02 -8.118566000000000671e-03 9.961097840000000536e-01
1.702688242978560686e+09 -2.354433999999999867e-03 2.536980000000000094e-04 1.498721400000000044e-02 -2.494826199999999883e-02 8.692503000000000035e-02 -8.233340000000000450e-03 9.958683849999999671e-01
1.702688243269520283e+09 -2.353501000000000030e-03 2.537069999999999885e-04 1.502321000000000038e-02 -2.629246199999999908e-02 9.156538499999999914e-02 -9.168364999999999501e-03 9.954096669999999980e-01
1.702688243602532148e+09 -2.352757999999999933e-03 2.559050000000000105e-04 1.506254800000000026e-02 -2.711845699999999859e-02 8.553682999999999426e-02 -8.723198999999999190e-03 9.959276910000000038e-01
1.702688243895432711e+09 -2.358152999999999985e-03 2.568949999999999858e-04 1.509100199999999919e-02 -2.489881000000000039e-02 8.554455599999999382e-02 -8.557270000000000501e-03 9.959864019999999929e-01
1.702688244186417341e+09 -2.361970000000000128e-03 2.472649999999999848e-04 1.512462099999999955e-02 -3.441694000000000003e-02 8.254634600000000655e-02 -1.035714100000000026e-02 9.959388970000000452e-01
1.702688244477405787e+09 -2.365233000000000006e-03 2.536390000000000020e-04 1.515256799999999994e-02 -2.912261500000000100e-02 7.698654400000000397e-02 -9.874778000000000722e-03 9.965578320000000323e-01
1.702688244770007849e+09 -2.352880999999999809e-03 2.585970000000000044e-04 1.518249900000000034e-02 -2.649784999999999988e-02 6.380895500000000053e-02 -6.248379000000000086e-03 9.975907210000000136e-01
1.702688245059342146e+09 -2.345461000000000074e-03 2.595060000000000053e-04 1.521058200000000027e-02 -2.543987899999999858e-02 6.315296099999999357e-02 -7.506216999999999924e-03 9.976513390000000259e-01
1.702688245394082546e+09 -2.333619999999999792e-03 2.610980000000000267e-04 1.524375099999999983e-02 -2.386741699999999841e-02 5.547364099999999715e-02 -6.152544999999999716e-03 9.981558919999999890e-01
1.702688245651625156e+09 -2.331685999999999915e-03 2.650749999999999786e-04 1.526595300000000051e-02 -2.144677000000000042e-02 5.413455899999999876e-02 -6.347163000000000284e-03 9.982831479999999535e-01
1.702688245938695192e+09 -2.325554000000000076e-03 2.657560000000000217e-04 1.527778500000000032e-02 -2.193241900000000161e-02 5.472303600000000268e-02 -5.405092999999999703e-03 9.982460140000000148e-01
1.702688246266717196e+09 -2.325582999999999990e-03 2.662540000000000024e-04 1.527813299999999930e-02 -2.162986399999999865e-02 5.727485200000000110e-02 -5.424331999999999591e-03 9.981094000000000355e-01
1.702688246517553568e+09 -2.325197000000000201e-03 2.662450000000000233e-04 1.527798699999999982e-02 -2.155796800000000027e-02 5.608236400000000260e-02 -5.826348999999999764e-03 9.981763959999999658e-01
1.702688246766707182e+09 -2.325423999999999981e-03 2.664359999999999949e-04 1.527751999999999930e-02 -2.136945700000000142e-02 5.605458800000000241e-02 -5.975610000000000123e-03 9.981811050000000130e-01
