1705073577166307840.000000 0.000000000 0.000000000 0.000000000 -0.000000000 -0.000000000 -0.000000000 1.000000000
1705073580704852992.000000 0.000696183 0.000014636 0.001470361 0.001244950 0.064858675 0.000630946 0.997893512
1705073580829183232.000000 0.000677720 -0.000002705 0.002102641 0.002883981 0.060693253 0.000036459 0.998152316
1705073581287893760.000000 0.000838014 0.000011349 0.005843614 -0.000612720 0.042020191 -0.000179285 0.999116600
1705073581457843712.000000 0.000932579 0.000061072 0.007524650 -0.002643371 0.039904747 0.000379158 0.999199927
1705073581578779648.000000 0.001151176 0.000040819 0.008722937 -0.002342228 0.049535710 0.000985947 0.998769164
1705073581703133440.000000 0.001313940 0.000120744 0.010038721 -0.003335681 0.052992068 0.001377469 0.998588443
1705073581828785152.000000 0.001379082 0.000094718 0.011140306 -0.001578141 0.052671708 0.000635804 0.998610437
1705073581952416512.000000 0.001506441 0.000038735 0.012308550 0.001071538 0.051019449 0.001030237 0.998696566
1705073582078970112.000000 0.001685690 0.000036781 0.013840400 -0.001346003 0.050352313 0.000263796 0.998730600
1705073582203911680.000000 0.001813415 0.000042225 0.015249808 0.000023041 0.050498128 -0.000044253 0.998724163
1705073582328448768.000000 0.001893761 0.000074027 0.016520960 0.001275693 0.048806924 -0.001073239 0.998806834
1705073582495075072.000000 0.002013857 -0.000017469 0.018177710 0.002018555 0.043496910 -0.000630743 0.999051332
1705073582663921408.000000 0.002113975 -0.000043953 0.020082515 0.003219219 0.047528736 -0.002566815 0.998861432
1705073582827773696.000000 0.002327758 -0.000010711 0.021811213 0.001481540 0.046155207 -0.002101314 0.998930991
1705073582997522688.000000 0.002535890 0.000014021 0.023423711 -0.000170814 0.043459419 -0.001286765 0.999054372
1705073583204779776.000000 0.002763640 0.000022237 0.025309931 -0.000952691 0.050319701 -0.000117090 0.998732746
1705073583410143488.000000 0.002967531 -0.000054683 0.027394500 0.001203042 0.050766625 0.000500052 0.998709738
1705073583619478528.000000 0.003201084 -0.000074430 0.029573629 0.002739627 0.050067779 0.000411066 0.998741984
1705073583867978240.000000 0.003538121 -0.000073687 0.032141179 0.003973208 0.052757416 -0.000578332 0.998599291
1705073584121226240.000000 0.003773897 -0.000091798 0.034856260 0.004439506 0.051307265 -0.000683966 0.998672783
1705073584367267072.000000 0.004044952 -0.000201934 0.037508946 0.005979462 0.054012351 -0.001380496 0.998521388
1705073584660935936.000000 0.004542363 -0.000046077 0.040852662 -0.004523913 0.050512385 0.001941686 0.998711288
1705073584993023488.000000 0.004845092 -0.000020624 0.044470500 -0.006627257 0.052000992 0.003460418 0.998619080
1705073585284901120.000000 0.005050708 0.000070367 0.047543045 -0.004233504 0.048523393 0.001936575 0.998811185
1705073585617679104.000000 0.005261844 0.000037590 0.050872050 -0.000457317 0.047701091 0.001180805 0.998860836
1705073585949701632.000000 0.005508474 -0.000051056 0.054169696 0.001887357 0.046362728 -0.003210017 0.998917758
1705073586285052928.000000 0.005988474 0.000004854 0.057868563 -0.000935515 0.050615568 -0.000122866 0.998717785
1705073586658094848.000000 0.006440082 0.000012555 0.061823603 -0.000953695 0.057733946 0.001138427 0.998330891
1705073586992207616.000000 0.006874905 -0.000057799 0.065349720 0.002925494 0.055180505 0.000333398 0.998472095
1705073587355117568.000000 0.006957976 -0.000067825 0.068870537 0.005548785 0.047751807 -0.001353063 0.998842955
1705073587698170112.000000 0.007422001 -0.000058409 0.072820179 0.003001036 0.047563214 0.000355180 0.998863697
1705073588076885248.000000 0.007805966 -0.000021616 0.076808609 -0.001311906 0.046999592 0.001582818 0.998892784
1705073588408628480.000000 0.008069433 -0.000136940 0.079902530 0.000827625 0.043929148 0.001822445 0.999032676
1705073588781072384.000000 0.008106901 -0.000087739 0.083815038 0.002756683 0.025247006 -0.000341047 0.999677420
1705073589154449920.000000 0.008387573 -0.000127054 0.087891817 0.002980726 0.022200977 0.000140543 0.999749124
1705073589530034176.000000 0.008900337 -0.000042164 0.091847107 -0.002632924 0.049069092 0.001692825 0.998790503
1705073589904694016.000000 0.009279766 -0.000082199 0.095678695 -0.002372290 0.054415405 0.001206139 0.998514831
1705073590282518016.000000 0.009360608 -0.000043475 0.099219963 0.000220145 0.022355655 0.000748965 0.999749780
1705073590570452736.000000 0.009607621 -0.000051320 0.102097169 -0.001120484 0.042973191 0.000019000 0.999075651
1705073590863142400.000000 0.010057724 0.000007001 0.104938611 -0.001385074 0.068372831 -0.000788930 0.997658551
1705073591112557056.000000 0.010334900 0.000057371 0.107303664 -0.002854414 0.075224392 -0.001800351 0.997160971
1705073591486879744.000000 0.010990028 0.000069037 0.110880181 -0.002291707 0.090390466 -0.002243759 0.995901227
1705073591862458624.000000 0.011828599 0.000106435 0.114598110 -0.003226970 0.109437779 -0.003187376 0.993983328
1705073592362209024.000000 0.012758574 0.000141163 0.118300371 0.000507143 0.119165219 -0.002363189 0.992871523
1705073592656337664.000000 0.013147935 0.000103106 0.120028667 0.000024025 0.109985135 -0.002520032 0.993930042
1705073593151923200.000000 0.013500435 0.000150824 0.122699380 -0.000517535 0.085571654 -0.001495658 0.996330798
1705073593402139648.000000 0.013443977 0.000218264 0.124515012 -0.001892173 0.037501551 -0.000750730 0.999294519
1705073593775791616.000000 0.013180854 0.000266668 0.128159270 -0.003186811 -0.006566562 -0.001432714 0.999972343
1705073594111984128.000000 0.013264813 0.000261334 0.131681055 0.000816818 0.012576834 -0.002272704 0.999917984
1705073594364572160.000000 0.013335295 0.000271631 0.134242594 0.002044995 0.017781485 -0.003109758 0.999835014
1705073594735022592.000000 0.013444975 0.000235463 0.138234153 0.002050931 0.025556162 -0.004206611 0.999662459
1705073595024872960.000000 0.013792843 0.000270110 0.141387671 -0.001801474 0.041007664 -0.003034896 0.999152601
1705073595276610816.000000 0.014111748 0.000221360 0.144037887 -0.001545266 0.043920435 -0.001040011 0.999033332
1705073595565919232.000000 0.014326450 0.000259464 0.147139490 -0.001341860 0.038795307 -0.002040305 0.999244213
1705073596066794752.000000 0.014694019 0.000244456 0.152548209 0.001171817 0.041451823 -0.002715176 0.999136150
1705073596401088768.000000 0.015087400 0.000228570 0.155901521 0.000023809 0.043874588 -0.001572183 0.999035835
1705073596734274560.000000 0.015482986 0.000192265 0.159213722 -0.001563523 0.056241732 -0.000234077 0.998415947
1705073597107692544.000000 0.015971394 0.000135933 0.163204521 0.000494830 0.057136830 -0.000095455 0.998366237
1705073597441326336.000000 0.016307434 0.000159414 0.166638300 0.001153921 0.061636772 -0.001676236 0.998096585
1705073597817622528.000000 0.016773470 0.000165728 0.170415759 0.005003368 0.060495727 -0.000570412 0.998155773
1705073598442729472.000000 0.017530646 0.000076791 0.176977307 -0.000581382 0.056098733 0.000177916 0.998425066
1705073598774124032.000000 0.018042080 0.000004942 0.180412278 0.000105179 0.071342655 0.000020623 0.997451901
1705073599066149376.000000 0.018464752 0.000095028 0.183241099 0.003360379 0.082235374 -0.001135079 0.996606648
1705073599369388032.000000 0.018923385 0.000055886 0.185628116 0.003434020 0.087033845 0.000170146 0.996199429
1705073599772569600.000000 0.019399326 -0.000095432 0.188415200 0.003602594 0.044608209 0.001885143 0.998996317
1705073600396923648.000000 0.019222826 -0.000057560 0.194833323 -0.003559873 0.014089257 0.001555521 0.999893248
1705073600646552576.000000 0.019345205 -0.000030939 0.197443545 -0.001251664 0.047826182 0.001298779 0.998854041
1705073600896488448.000000 0.019708991 -0.000057483 0.199921384 -0.003141035 0.060189866 0.000397906 0.998181939
1705073601228281600.000000 0.020038830 -0.000180282 0.203514248 -0.000565936 0.049451422 0.000449707 0.998776257
1705073601564586752.000000 0.020476842 -0.000145767 0.207080305 -0.001887550 0.051480737 0.001267068 0.998671412
1705073601810947328.000000 0.020861238 -0.000135616 0.209744468 -0.000813053 0.063956983 0.001447003 0.997951329
1705073602104482048.000000 0.021365246 -0.000130191 0.212779030 0.000478740 0.072975740 0.001811633 0.997331977
1705073602352111616.000000 0.021746263 -0.000085034 0.215197742 0.002456354 0.082957990 0.000303042 0.996549964
1705073602685867008.000000 0.022201868 -0.000175325 0.218409032 0.003816142 0.077433176 0.001155488 0.996989608
1705073602986103040.000000 0.022619627 -0.000202534 0.221401438 0.001956505 0.060452022 0.002286916 0.998166621
1705073603270248704.000000 0.022914637 -0.000068075 0.224636540 -0.002602191 0.053433545 0.001845057 0.998566329
1705073603568484864.000000 0.023260737 -0.000107053 0.227540329 -0.000466775 0.056344341 0.003069042 0.998406589
1705073603894108416.000000 0.023756880 -0.000095833 0.231046379 0.000151669 0.062687807 0.002331171 0.998030484
1705073604225726464.000000 0.024149982 -0.000163638 0.234169155 0.001221329 0.062533125 0.002787585 0.998038292
1705073604517838592.000000 0.024400149 -0.000136644 0.236989915 0.001426516 0.053229608 0.001869296 0.998579562
1705073604813927424.000000 0.024695763 -0.000052150 0.240080118 -0.002633838 0.040653195 0.002243177 0.999167323
1705073605187016448.000000 0.024893610 -0.000094710 0.243781030 -0.001645132 0.034646045 0.002378093 0.999395490
1705073605561109504.000000 0.025076747 -0.000088270 0.247827843 -0.000241722 0.025030471 0.001773497 0.999685109
1705073605891883776.000000 0.025149642 -0.000126797 0.251218230 0.000734879 0.011631271 0.002094444 0.999929905
1705073606226820352.000000 0.025202788 -0.000132967 0.254321456 0.002275574 0.018015722 0.001980769 0.999833167
1705073606601882880.000000 0.025554843 -0.000076282 0.258050233 -0.001653676 0.041719746 0.001614352 0.999126673
1705073606976644608.000000 0.025916053 0.000005197 0.260956913 0.000415064 0.045251217 0.000720230 0.998975277
1705073607431903488.000000 0.025887638 -0.000032033 0.264322937 0.001005480 0.022684528 -0.001235917 0.999741435
1705073607848089088.000000 0.025904089 -0.000121859 0.268423945 0.002795000 0.010188029 -0.002777294 0.999940395
1705073608225715200.000000 0.026154755 -0.000017173 0.272616625 -0.003404547 0.015994411 0.000283950 0.999866247
1705073608641836288.000000 0.026341721 0.000066269 0.277017295 -0.002668464 0.028202688 0.002575997 0.999595344
1705073609055779072.000000 0.026608031 0.000048689 0.281410277 -0.000458737 0.031181669 0.001177385 0.999512970
1705073609512796928.000000 0.026928896 0.000039566 0.286200941 0.001177712 0.027249355 0.003447106 0.999622047
1705073610019939584.000000 0.027521385 0.000149517 0.291469067 -0.004668928 0.037900250 0.004931093 0.999258459
1705073610598782976.000000 0.027831253 0.000172434 0.297291726 -0.003118055 0.033830188 0.004555750 0.999412358
1705073611056154112.000000 0.028325824 0.000141765 0.301857442 -0.001153041 0.045704119 0.006114244 0.998935640
1705073611552770304.000000 0.028802710 0.000192591 0.306848675 -0.004283987 0.047037702 0.007097497 0.998858750
1705073612102806272.000000 0.029297750 0.000203295 0.312235236 -0.002411645 0.046122454 0.005648074 0.998916924
1705073612638696704.000000 0.029737797 0.000268751 0.317761272 -0.001246619 0.044235211 0.006118285 0.999001622
1705073613221937920.000000 0.030202011 0.000319243 0.323526174 -0.008066164 0.051009998 0.003961221 0.998657703
1705073613760389120.000000 0.030932380 0.000373116 0.328863382 -0.006100926 0.055173755 0.003298358 0.998452723
1705073614260678656.000000 0.031229353 0.000367111 0.333551735 -0.002373116 0.046742152 0.003288201 0.998898804
1705073614718803968.000000 0.031545211 0.000460857 0.337136447 -0.008850932 0.053135470 0.004646156 0.998537302
1705073615301607680.000000 0.033323362 0.000461220 0.341742367 -0.002019502 0.158308029 0.005915553 0.987370014
1705073615807314688.000000 0.035626687 0.000433507 0.346411169 0.002558208 0.211787656 0.004279423 0.977303028
1705073616262710272.000000 0.037379056 0.000470690 0.351174206 -0.002545774 0.203110546 -0.004138308 0.979143739
1705073616632357376.000000 0.038838368 0.000637317 0.355172962 -0.012492892 0.176679850 -0.000682884 0.984188855
1705073617139026176.000000 0.040165909 0.000686496 0.360228032 -0.007230920 0.147973806 -0.003395580 0.988959014
1705073617506757632.000000 0.041333850 0.000682315 0.363844752 -0.002014484 0.150503978 -0.003530055 0.988601089
1705073617964818432.000000 0.042750221 0.000719301 0.368630052 -0.002361886 0.147729263 -0.006491292 0.989003718
1705073618422148352.000000 0.044191442 0.000675728 0.373271972 0.003347477 0.169956282 -0.007362196 0.985418439
1705073618801631744.000000 0.045440905 0.000618182 0.376612514 0.009569588 0.176097199 -0.007161926 0.984300256
1705073619171843328.000000 0.046738654 0.000639108 0.380501509 0.010179350 0.138858333 -0.002982426 0.990255475
1705073619466099456.000000 0.047384344 0.000677168 0.383709729 0.002552616 0.118929267 -0.004484788 0.992889345
1705073619796385536.000000 0.048561305 0.000707489 0.387314320 -0.006449234 0.149932861 -0.002172152 0.988672793
1705073620255365888.000000 0.049990159 0.000700602 0.391804725 -0.003359094 0.155274168 -0.002497270 0.987862527
1705073620671273472.000000 0.051363684 0.000679982 0.395592839 0.000863467 0.157036647 0.000078500 0.987592399
1705073621005682944.000000 0.052294765 0.000727666 0.398847997 -0.003796526 0.156551182 -0.003271092 0.987657130
1705073621382263040.000000 0.053388815 0.000772683 0.402687520 -0.006898919 0.142906055 0.000135044 0.989712179
1705073621712024320.000000 0.054286338 0.000849248 0.405815363 -0.008837702 0.144702762 0.000948510 0.989435256
1705073622129337344.000000 0.055290557 0.000817116 0.409376442 -0.003501625 0.135857686 0.001091087 0.990721583
1705073622628001536.000000 0.056548916 0.000665222 0.413169593 -0.001605329 0.149768889 0.000851979 0.988719404
1705073623168628992.000000 0.057405982 0.000803704 0.416195661 -0.003482140 0.140130460 0.000935505 0.990126491
1705073623587460096.000000 0.057858620 0.000820222 0.418399215 -0.007597152 0.112790748 0.002869752 0.993585587
1705073623960460544.000000 0.058126692 0.000860876 0.420106739 -0.005220566 0.092870757 0.002267527 0.995661914
1705073624337821440.000000 0.058220584 0.000870534 0.422835529 -0.003462021 0.047754377 0.001142673 0.998852491
1705073624667486976.000000 0.058035161 0.000916168 0.426077127 -0.001766863 -0.008719590 0.000414501 0.999960363
1705073625043236608.000000 0.058117729 0.000882351 0.429847777 -0.002298949 0.014376370 0.000240051 0.999893963
1705073625420791040.000000 0.058471292 0.001044420 0.433772236 -0.003521125 0.048595503 0.000791717 0.998812020
1705073625792290560.000000 0.058867428 0.001037518 0.437527508 -0.003629926 0.045328673 0.001468755 0.998964489
1705073626540879360.000000 0.059258528 0.000893577 0.445290685 0.001863172 0.019429579 -0.000592791 0.999809325
1705073626873535744.000000 0.059585154 0.001003668 0.448841900 -0.001992619 0.041276898 -0.000617461 0.999145567
1705073627206911744.000000 0.059933305 0.001051636 0.452217966 -0.004478823 0.044297848 -0.000038699 0.999008358
1705073627499581952.000000 0.060104601 0.001083631 0.455284566 -0.003504212 0.034448579 -0.001513282 0.999399185
1705073627832001024.000000 0.060408622 0.001069693 0.458505660 0.000595599 0.036686920 -0.001245240 0.999325871
1705073628207613696.000000 0.060616855 0.001044775 0.462285280 0.002724799 0.040820524 0.000571041 0.999162614
1705073628914241024.000000 0.061348155 0.001013856 0.469607532 -0.001183555 0.040648382 0.001359917 0.999171913
1705073629304170752.000000 0.061560012 0.001050207 0.473321825 0.003016743 0.039378226 0.000251659 0.999219835
1705073629666424320.000000 0.061837927 0.000962145 0.477198780 0.005395766 0.043053191 0.000229162 0.999058187
1705073630042365696.000000 0.062237732 0.001109517 0.481050014 -0.004714677 0.053863332 0.000956530 0.998536766
1705073630787872000.000000 0.063322738 0.001179509 0.488256514 -0.005571766 0.069552734 -0.000337081 0.997562647
1705073631163401216.000000 0.063504718 0.001142864 0.491457403 -0.001848540 0.050092258 -0.000426111 0.998742819
1705073631538983168.000000 0.063534737 0.001124720 0.495073408 -0.003555022 0.006725430 -0.000329980 0.999971032
1705073631954124800.000000 0.063175008 0.001229867 0.498002678 -0.007427526 -0.035222910 0.000303049 0.999351859
1705073632371155712.000000 0.062585369 0.001424965 0.500544906 -0.008747470 -0.070300080 0.000644337 0.997487307
1705073632786823680.000000 0.062216554 0.001392392 0.502485156 -0.007072164 -0.082456984 0.000113253 0.996569574
1705073633536688128.000000 0.061177559 0.001324498 0.508432984 -0.002786020 -0.082022697 -0.002135372 0.996624291
1705073633867509760.000000 0.060596626 0.001384868 0.511997402 -0.004260839 -0.086082749 0.001467122 0.996277809
1705073634242337280.000000 0.059914649 0.001478955 0.515959799 -0.008130598 -0.070794404 -0.001530998 0.997456610
1705073634576946432.000000 0.059382156 0.001460106 0.519326746 -0.009483303 -0.072036177 -0.003101718 0.997352123
1705073634951508480.000000 0.058567103 0.001435178 0.523049295 -0.005266810 -0.083540760 -0.004448499 0.996480525
1705073635366138624.000000 0.057857670 0.001534003 0.527265608 -0.001116483 -0.084338322 -0.000978818 0.996436059
1705073635741959424.000000 0.057475273 0.001583806 0.531027138 -0.005971667 -0.057192851 -0.001240861 0.998344541
1705073636119757056.000000 0.056943506 0.001672735 0.534992874 -0.007174194 -0.054893527 -0.000378401 0.998466372
1705073636580955136.000000 0.056476772 0.001674174 0.539564013 -0.003390214 -0.053449985 -0.000823079 0.998564422
1705073637032065024.000000 0.056368742 0.001617347 0.543991387 -0.001391050 -0.036664087 0.003313283 0.999321163
1705073637408580608.000000 0.055677831 0.001841376 0.547700107 -0.005045938 -0.064341098 0.001750576 0.997913659
1705073637908280576.000000 0.054768972 0.001794996 0.552600086 -0.001272479 -0.068480894 0.000414564 0.997651517
1705073638338658048.000000 0.054231014 0.001824072 0.556691766 0.002204811 -0.064904042 0.000410147 0.997888982
1705073638739291392.000000 0.053766962 0.001820375 0.560484886 0.000748429 -0.067199223 0.003253610 0.997734010
1705073639239752960.000000 0.053112790 0.001894579 0.565530896 -0.002628537 -0.063835017 0.004244397 0.997947991
1705073639657840640.000000 0.052635126 0.001846156 0.569716394 -0.000752340 -0.061047755 0.003162490 0.998129547
1705073640029742592.000000 0.052128695 0.001783690 0.573326290 0.001888017 -0.063244849 0.002109405 0.997994065
1705073640404950784.000000 0.051615935 0.001764999 0.577187121 -0.001650695 -0.065725870 0.002825375 0.997832358
1705073640738113024.000000 0.051337663 0.001795378 0.580279768 -0.004987362 -0.060682639 0.002215279 0.998142183
1705073641158121728.000000 0.050909124 0.001964381 0.584076524 -0.007041400 -0.047757115 0.000494579 0.998834014
1705073641655226880.000000 0.050459787 0.001903739 0.588136435 -0.005048720 -0.047675811 -0.001651325 0.998848796
1705073642113031680.000000 0.050346021 0.001804870 0.590602696 -0.003548806 -0.031328168 -0.002253595 0.999500334
1705073642535231744.000000 0.050361566 0.001952707 0.593188524 -0.005176737 -0.011084763 -0.000831886 0.999924839
1705073642947116032.000000 0.050563999 0.001934431 0.595235527 -0.007253546 0.022754939 -0.001229654 0.999714017
1705073643402495744.000000 0.051221624 0.002120927 0.599070847 -0.008094556 0.063116394 0.000503724 0.997973204
1705073643737108480.000000 0.051502008 0.002212456 0.602549255 -0.006273593 0.062180448 0.001214639 0.998044491
1705073644566832896.000000 0.052341096 0.002422877 0.610615849 -0.005429050 0.049989797 0.005098664 0.998721957
1705073645237176832.000000 0.053038511 0.002308379 0.617138624 -0.003058216 0.052500255 0.003607281 0.998609722
1705073645739727616.000000 0.053540397 0.002163545 0.622057080 -0.001846775 0.047572449 0.002539643 0.998862863
1705073646276559616.000000 0.053979464 0.002251140 0.627459824 -0.003802026 0.041543402 0.003889772 0.999121904
1705073646566457344.000000 0.054303724 0.002302841 0.630184233 -0.003074279 0.052741870 0.002711560 0.998599768
1705073646944799744.000000 0.054707192 0.002288620 0.633828759 -0.003598870 0.058069773 0.002914755 0.998301804
1705073647233065216.000000 0.054859269 0.002301931 0.636807501 -0.002052576 0.055901669 0.002276505 0.998431563
1705073647530273792.000000 0.055251569 0.002211615 0.639382780 -0.002412798 0.056254119 0.002466772 0.998410523
1705073647814471936.000000 0.055473447 0.002264754 0.642086267 -0.002326898 0.051597375 0.002046608 0.998663187
1705073648148996096.000000 0.055778701 0.002268705 0.645487964 -0.004942295 0.051061530 0.001171965 0.998682618
1705073648440180224.000000 0.056122657 0.002364429 0.648199499 -0.000958284 0.051315214 0.000840507 0.998681724
1705073648772273664.000000 0.056492988 0.002402570 0.651353776 0.000701149 0.054000463 0.001250624 0.998539925
1705073649063287296.000000 0.056669638 0.002300743 0.654117346 0.000389806 0.048708856 0.000279722 0.998812914
1705073649396867584.000000 0.056932289 0.002369899 0.657285154 -0.002609164 0.040918399 0.000830519 0.999158740
1705073649689977600.000000 0.057050280 0.002430705 0.660099745 -0.004298924 0.039219514 -0.000039318 0.999221385
1705073649982323968.000000 0.057377018 0.002442905 0.662988603 -0.002668035 0.052307427 -0.000628623 0.998627245
1705073650354964736.000000 0.057685584 0.002378874 0.666410804 0.001324992 0.030481013 0.000316081 0.999534428
1705073650645591040.000000 0.057541378 0.002429158 0.669189513 -0.000023298 -0.012853008 0.002003426 0.999915421
1705073650937326080.000000 0.057447199 0.002430337 0.671942115 -0.001095964 -0.007819393 0.001887326 0.999967039
1705073651259282944.000000 0.057794951 0.002468786 0.674606144 -0.002425430 0.018724041 0.002411516 0.999818861
1705073651604485376.000000 0.058072880 0.002552240 0.677986145 0.000416793 0.026877573 0.003424549 0.999632776
1705073651902605312.000000 0.058098108 0.002563125 0.680641055 0.001717344 0.011134143 0.004029872 0.999928415
1705073652186709248.000000 0.058028121 0.002542684 0.683055460 0.004513660 -0.011150234 0.004994642 0.999915183
1705073652437176576.000000 0.058179133 0.002497913 0.685326278 0.000946522 -0.008974051 0.005659339 0.999943316
1705073652726709504.000000 0.058219187 0.002491493 0.687936008 -0.001079402 -0.025381606 0.006313833 0.999657333
1705073652978023936.000000 0.058226164 0.002440202 0.690152287 0.000046200 -0.032683261 0.006398143 0.999445319
1705073653228576768.000000 0.058064997 0.002495646 0.692554235 0.000032924 -0.013699081 0.006297248 0.999886394
1705073653437216768.000000 0.058078744 0.002459658 0.694125831 0.004023018 -0.001869117 0.006177153 0.999971092
1705073653685355776.000000 0.058081176 0.002387094 0.696332633 0.004551714 -0.005618406 0.005169655 0.999960482
1705073653935465984.000000 0.057958364 0.002478359 0.698778152 -0.000760468 -0.012837219 0.004745892 0.999906063
1705073654268078336.000000 0.057829425 0.002491835 0.701798797 -0.007671921 -0.014843265 0.005331202 0.999846220
1705073654670585600.000000 0.057831090 0.002530487 0.704810917 -0.005197576 -0.010119628 0.004637128 0.999924541
1705073655017615360.000000 0.057640627 0.002479083 0.708049655 -0.001906727 -0.030105790 0.005427791 0.999530196
1705073655349647872.000000 0.057357546 0.002542235 0.710783005 0.000035942 -0.055477690 0.006349617 0.998439789
1705073655726814976.000000 0.057011984 0.002570259 0.713784218 -0.002862440 -0.045411434 0.005308807 0.998950183
1705073656101385984.000000 0.056596879 0.002548514 0.716736495 -0.005579395 -0.050236996 0.003849049 0.998714328
1705073656475631616.000000 0.056048013 0.002562043 0.719559371 -0.004580949 -0.071054988 0.002870981 0.997457802
1705073656939361280.000000 0.055574823 0.002538223 0.721996009 0.000748568 -0.074816331 0.002990523 0.997192621
1705073657393096960.000000 0.055274822 0.002517179 0.724342883 -0.000478406 -0.050511632 0.003421487 0.998717487
1705073657848537088.000000 0.055012643 0.002479180 0.726628900 -0.001545618 -0.031072754 0.001558486 0.999514699
1705073658347429632.000000 0.054595001 0.002491564 0.730309427 0.001186707 -0.060171906 0.003358605 0.998181701
1705073658849461504.000000 0.053942017 0.002506510 0.734603107 0.004104981 -0.048427939 0.001393772 0.998817325
1705073659346785024.000000 0.054050997 0.002497190 0.738981009 0.002417027 0.021586448 0.001118462 0.999763429
1705073659763131648.000000 0.054125633 0.002617096 0.742766500 -0.007107829 0.028814584 0.003456422 0.999553561
1705073660224287744.000000 0.054045852 0.002601709 0.746728539 -0.004104359 0.002193004 0.003021393 0.999984622
1705073660761751808.000000 0.054092128 0.002519575 0.751271546 0.001636013 0.009507806 0.003688066 0.999946654
1705073661223803648.000000 0.054102674 0.002583209 0.755157888 -0.003988575 0.011938047 0.005251580 0.999907017
1705073661637181952.000000 0.054294471 0.002649202 0.758878052 -0.007112996 0.034408204 0.005083431 0.999369621
1705073662097104384.000000 0.054867867 0.002495087 0.762366295 -0.004406798 0.038732279 0.003653449 0.999233246
1705073662554107648.000000 0.054741442 0.002595372 0.766096532 -0.002592843 -0.000495376 0.006533956 0.999975204
1705073663011269376.000000 0.054660574 0.002577469 0.769999087 -0.003931204 0.001196954 0.005966749 0.999973774
1705073663426879488.000000 0.054757096 0.002698829 0.773434699 -0.002627551 0.009450947 0.004455548 0.999941945
1705073663928947456.000000 0.054934621 0.002614844 0.777301610 0.002189658 0.005917004 0.003000366 0.999975622
1705073664342800384.000000 0.055109356 0.002553597 0.780104756 -0.002312572 0.014563566 0.004932024 0.999879122
1705073664637925632.000000 0.055145185 0.002681334 0.782320142 -0.007593163 0.011784851 0.005651528 0.999885798
1705073664967975680.000000 0.055235904 0.002756573 0.784513295 -0.012658740 0.011718929 0.005024943 0.999838591
1705073665342691584.000000 0.055219181 0.002788775 0.785907328 -0.009797879 0.010975848 0.004175891 0.999883056
1705073665718245376.000000 0.055236675 0.002831665 0.786390841 -0.007994878 0.010727047 0.004571741 0.999900043
