1702688123750164736.000000 0.000000000 0.000000000 0.000000000 -0.000000000 -0.000000000 -0.000000000 1.000000000
1702688124121896448.000000 0.000046624 0.000094091 0.004809143 -0.000869002 0.000408822 -0.000029105 0.999999523
1702688124330904064.000000 0.000174801 0.000007074 0.007442005 -0.000618369 -0.000883383 -0.000860960 0.999999046
1702688124498175232.000000 0.000209234 0.000100954 0.009520398 -0.000440440 -0.001779686 -0.000638895 0.999998152
1702688124750879744.000000 -0.000088878 0.000099131 0.012563267 -0.001445974 -0.005214909 -0.000649368 0.999985158
1702688124995704576.000000 -0.000149438 0.000127636 0.015674336 -0.001756998 -0.005675976 -0.001131722 0.999981701
1702688125254037504.000000 -0.000094144 0.000038895 0.018724704 -0.001326704 -0.008633296 0.000980906 0.999961376
1702688125370526208.000000 -0.000147819 0.000116617 0.020219333 -0.001572763 -0.005928034 0.001226872 0.999980450
1702688125745691904.000000 -0.000140795 0.000172800 0.024971446 -0.001768085 -0.004492625 0.001185520 0.999987662
1702688125874376448.000000 -0.000138530 0.000033910 0.026467368 -0.002317790 -0.004495973 0.001138317 0.999986589
1702688126038130432.000000 -0.000315844 0.000002847 0.028470537 -0.002312175 -0.004643959 0.001134570 0.999985933
1702688126163733504.000000 -0.000237483 0.000057180 0.030155130 -0.001503877 -0.007594681 0.001426851 0.999969006
1702688126330384896.000000 -0.000307734 0.000119253 0.032011744 -0.001743639 -0.006810116 0.002148529 0.999972999
1702688126496179200.000000 -0.000388169 0.000089153 0.034179270 -0.002206579 -0.006417512 0.002568124 0.999973714
1702688126662819840.000000 -0.000264291 0.000192642 0.036102839 -0.000088327 -0.003658006 0.003051863 0.999988675
1702688126996325376.000000 -0.000257105 0.000034070 0.040081747 0.001460306 -0.005455714 0.003717935 0.999977171
1702688127166734848.000000 -0.000381620 0.000079275 0.042104561 0.001743014 -0.004686166 0.003102345 0.999982715
1702688127368984832.000000 -0.000480177 0.000014806 0.044584762 0.002204210 -0.008152444 0.002377524 0.999961555
1702688127580854528.000000 -0.000726155 0.000091667 0.047165278 0.002622965 -0.014523535 0.002749400 0.999887347
1702688127870114304.000000 -0.001124069 0.000111274 0.050712645 0.001884696 -0.020777548 0.002797769 0.999778450
1702688128120300800.000000 -0.001269907 -0.000002228 0.053647328 0.002637324 -0.020322694 0.001465402 0.999788940
1702688128496362752.000000 -0.001505329 -0.000047116 0.057984397 0.003808749 -0.021106338 0.001204581 0.999769270
1702688128952136448.000000 -0.002153411 0.000064995 0.063592128 0.003561591 -0.034256201 0.001411101 0.999405742
1702688129331941632.000000 -0.002099200 -0.000085780 0.067903556 0.004147346 -0.029065728 0.000576535 0.999568760
1702688129660533504.000000 -0.002268961 -0.000099327 0.071981981 0.004085284 -0.029410252 0.001934095 0.999557197
1702688130036317696.000000 -0.002662826 -0.000061694 0.076470643 0.002002922 -0.033841219 0.003734873 0.999418259
1702688130412891648.000000 -0.002560661 0.000062468 0.081161119 0.000065287 -0.032250457 0.002887639 0.999475658
1702688130824449536.000000 -0.002935131 0.000131305 0.086075999 -0.002267025 -0.027012076 0.003430158 0.999626637
1702688131159907072.000000 -0.002933932 0.000252853 0.090009063 -0.000895489 -0.019994013 0.003235543 0.999794483
1702688131493935872.000000 -0.002817174 0.000264711 0.093893968 -0.000145080 -0.014801385 0.003427987 0.999884546
1702688131825572608.000000 -0.002714382 0.000268370 0.097851239 -0.000104580 -0.007675864 0.003062275 0.999965847
1702688132202685440.000000 -0.002426552 0.000278680 0.102217138 0.000130367 -0.003642490 0.003378850 0.999987662
1702688132573621248.000000 -0.002500928 0.000261725 0.106546961 0.000396542 -0.003882848 0.003768169 0.999985278
1702688132991182336.000000 -0.002741635 0.000215152 0.111316264 0.000111406 -0.002212176 0.003265759 0.999992251
1702688133406391552.000000 -0.003011677 0.000378738 0.116266228 -0.000931956 -0.003526763 0.002387072 0.999990523
1702688133782410752.000000 -0.003175929 0.000462537 0.120779127 -0.001996523 -0.004054927 0.002108651 0.999987602
1702688134242820864.000000 -0.003184063 0.000473666 0.126080036 -0.000234080 -0.002873765 0.002475224 0.999992788
1702688134662463232.000000 -0.003347096 0.000353250 0.131038353 -0.001760092 -0.001212356 0.002057784 0.999995589
1702688135115931392.000000 -0.003311661 0.000436808 0.136392131 -0.001548979 -0.000279617 0.003054943 0.999994099
1702688135529059328.000000 -0.003417395 0.000313478 0.141274393 -0.000699085 -0.001035958 0.003280283 0.999993861
1702688135948053504.000000 -0.003589547 0.000448574 0.146299064 -0.001215314 -0.001394694 0.003026666 0.999993742
1702688136403514624.000000 -0.003371889 0.000411566 0.151661247 -0.001061132 0.001238831 0.002093361 0.999996483
1702688136862253568.000000 -0.003476141 0.000411051 0.157125294 -0.000482688 0.000527486 0.002910837 0.999995530
1702688137319440896.000000 -0.003739792 0.000352912 0.162516713 -0.001165065 -0.003822876 0.003420220 0.999986172
1702688137740003072.000000 -0.003759491 0.000366981 0.167381570 -0.001097937 -0.004369504 0.003611171 0.999983370
1702688138115034624.000000 -0.003477204 0.000323666 0.171620175 -0.000557451 -0.005023017 0.004049696 0.999979079
1702688138527625216.000000 -0.003792507 0.000363720 0.176481962 -0.001324553 -0.008382106 0.004927623 0.999951839
1702688138946547968.000000 -0.003688644 0.000325781 0.181209594 0.000520271 -0.000638906 0.004568325 0.999989212
1702688139275592448.000000 -0.003499397 0.000317586 0.185014665 0.001550279 0.019452250 0.003974865 0.999801695
1702688139573784320.000000 -0.003381298 0.000334844 0.188434258 0.001899472 0.034958228 0.003075422 0.999382257
1702688140237136640.000000 -0.002273812 0.000249012 0.196026519 0.003520694 0.063315295 0.004054150 0.997979105
1702688140444591360.000000 -0.001872712 0.000090112 0.198552862 0.002454093 0.073314443 0.002814609 0.997301877
1702688140650528256.000000 -0.001346156 0.000283042 0.200782120 0.001550554 0.081533752 0.003044043 0.996664703
1702688140942411776.000000 -0.000627654 0.000191428 0.204193637 -0.000179144 0.092441827 0.005153825 0.995704710
1702688141401331456.000000 0.000983692 0.000195115 0.209273085 0.001513305 0.097262293 0.004453578 0.995247662
1702688141608809984.000000 0.001602367 0.000317294 0.211711764 0.001431364 0.097127669 0.004373216 0.995261312
1702688142357408000.000000 0.001905377 0.000115206 0.220307648 0.002186425 0.089098655 0.004445159 0.996010482
1702688142606494208.000000 0.002696986 0.000056601 0.222981662 0.002977801 0.088652678 0.004091359 0.996049762
1702688142903072000.000000 0.003419481 0.000168864 0.226358593 0.002127007 0.087893434 0.004280414 0.996118426
1702688144022531072.000000 0.005335114 0.000235927 0.239270166 0.001632333 0.082546860 0.004219220 0.996576905
1702688144276406016.000000 0.005809186 0.000041128 0.242086276 0.002055845 0.082459934 0.004331428 0.996582866
1702688144564672512.000000 0.006367046 -0.000015360 0.245331630 0.002200766 0.082254924 0.004026324 0.996600807
1702688144856612096.000000 0.007324934 0.000048419 0.248727322 0.003029996 0.085528217 0.004036032 0.996322989
1702688145104768768.000000 0.007725192 0.000045388 0.251683950 0.002702521 0.091010340 0.004267159 0.995837152
1702688145396626944.000000 0.008361933 0.000110445 0.255019426 0.002207048 0.091911502 0.003423818 0.995758891
1702688145690100992.000000 0.008981005 0.000082978 0.258366704 0.000882391 0.089557432 0.003626606 0.995974660
1702688145980144640.000000 0.009438829 0.000070736 0.261474192 0.002038961 0.077895246 0.003614216 0.996952891
1702688146314565376.000000 0.009769088 0.000015928 0.265355706 0.004558422 0.065639518 0.004368948 0.997823477
1702688146603670272.000000 0.010334588 0.000037182 0.268923491 0.002424801 0.052416246 0.003219323 0.998617172
1702688146935305472.000000 0.010198203 0.000211760 0.272743851 0.000691480 0.037520111 0.003445766 0.999289751
1702688147310423296.000000 0.010980363 0.000156724 0.276959449 0.002677730 0.052733745 0.002598575 0.998601615
1702688147727670784.000000 0.011138872 0.000149216 0.281620771 0.002237442 0.063594557 0.002675114 0.997969747
1702688148150260224.000000 0.012195830 0.000181076 0.286517859 0.000686616 0.058691517 0.001655023 0.998274565
1702688148476681728.000000 0.012611331 0.000081612 0.290102452 0.001264285 0.059739519 0.001759841 0.998211622
1702688148808625152.000000 0.013116392 0.000038203 0.293913305 0.001757837 0.059336875 0.001775153 0.998234928
1702688149228983552.000000 0.013817415 0.000021449 0.298638523 0.003236671 0.062017530 0.002388147 0.998066962
1702688149645361664.000000 0.013844743 0.000040387 0.303376317 0.003229049 0.061574869 0.002192112 0.998094857
1702688150057473024.000000 0.014717240 0.000034235 0.308152318 0.002800208 0.063268788 0.002879317 0.997988462
1702688150520905728.000000 0.015681710 -0.000102723 0.313440114 0.003411363 0.067831881 0.003388665 0.997685194
1702688150931722752.000000 0.016515160 -0.000119652 0.318346083 0.003892719 0.070045680 0.002904572 0.997531950
1702688151391448064.000000 0.016997084 -0.000052910 0.323400110 0.002410086 0.074585423 0.001932626 0.997209847
1702688151807358976.000000 0.017896613 0.000026243 0.328381568 0.001196298 0.076001823 0.001243392 0.997106194
1702688152306290176.000000 0.018732993 -0.000115659 0.334019184 0.003150101 0.077600300 0.000481283 0.996979475
1702688152766226944.000000 0.019950798 0.000070833 0.339360207 0.001777192 0.089103118 -0.000684061 0.996020615
1702688153308795392.000000 0.021379128 0.000101263 0.345436275 0.003126640 0.106275819 -0.000887975 0.994331419
1702688153804666112.000000 0.022549691 -0.000014954 0.350950032 0.003050169 0.109950714 -0.000434430 0.993932307
1702688154430094080.000000 0.024022302 -0.000074666 0.357931614 0.004241630 0.104185380 -0.002123217 0.994546592
1702688155055664384.000000 0.025216922 -0.000136686 0.365014374 0.004226396 0.083868280 -0.001030701 0.996467352
1702688155641277184.000000 0.025942171 0.000082216 0.371439517 0.002699521 0.068608463 -0.003503677 0.997633874
1702688156138992640.000000 0.026552921 0.000187428 0.376744509 0.001153110 0.050020374 -0.002880698 0.998743415
1702688156598491392.000000 0.026479859 0.000093941 0.381541818 0.002331682 0.025593005 -0.002726485 0.999666035
1702688157178526720.000000 0.026374113 0.000108531 0.388307750 0.001062312 -0.001103784 -0.003679193 0.999992073
1702688157636494336.000000 0.026120555 0.000034928 0.393644869 -0.001178659 -0.024898063 -0.003342167 0.999683738
1702688158011218176.000000 0.025787070 -0.000038851 0.397924632 -0.002514665 -0.030664373 -0.003733114 0.999519587
1702688158384329728.000000 0.025587285 0.000076804 0.402167112 -0.000408964 -0.029953660 -0.004168131 0.999542534
1702688158759053568.000000 0.025577620 0.000131232 0.406517714 -0.000024972 -0.018568130 -0.004323988 0.999818265
1702688159135774976.000000 0.025337042 0.000051485 0.410768300 0.000821714 -0.024961844 -0.003857324 0.999680638
1702688159551476736.000000 0.024776723 0.000127134 0.415422738 0.000362154 -0.034321506 -0.003239087 0.999405563
1702688160345999872.000000 0.024196787 0.000140758 0.424473286 -0.000827910 -0.032132145 -0.004110136 0.999474823
1702688160765698304.000000 0.024175858 0.000218140 0.429283142 -0.000752184 -0.017721020 -0.004750793 0.999831438
1702688161217192192.000000 0.024018254 0.000186293 0.434290230 0.000092831 -0.004657395 -0.003940366 0.999981403
1702688161717188096.000000 0.024148174 0.000182584 0.439910978 0.002158542 -0.007000455 -0.004140041 0.999964595
1702688162260465152.000000 0.023886992 0.000118748 0.445886523 0.001433507 -0.001083882 -0.002555232 0.999995112
1702688163505842944.000000 0.024456427 0.000131000 0.459797144 0.002205065 0.017329738 -0.004316010 0.999838114
1702688163921501696.000000 0.024508676 -0.000117141 0.464386255 0.000979821 0.023399446 -0.003984605 0.999717832
1702688164462573056.000000 0.025100891 0.000183939 0.470535249 0.003109252 0.032777231 -0.004572642 0.999447405
1702688165003051008.000000 0.025034416 0.000266575 0.476585835 0.001758692 0.029117618 -0.005404707 0.999559879
1702688165504096512.000000 0.025594885 0.000101001 0.482289255 0.001485325 0.029508924 -0.004927416 0.999551296
1702688166130182400.000000 0.025945030 0.000176736 0.489245862 0.001955646 0.035052702 -0.006511993 0.999362350
1702688166839126784.000000 0.026739487 0.000213712 0.497384280 0.001899531 0.030396365 -0.006033268 0.999517918
1702688167210869504.000000 0.027094940 0.000099209 0.501524329 0.001853680 0.046078101 -0.006348309 0.998915970
1702688168294542592.000000 0.028043168 0.000053803 0.513155818 0.002318027 0.066486821 -0.003540916 0.997778356
1702688168626540288.000000 0.028538702 -0.000064944 0.517276645 0.001886171 0.071307212 -0.003342952 0.997447073
1702688168919243520.000000 0.028432664 -0.000174070 0.518191338 0.002110477 0.079532601 -0.002417562 0.996827126
1702688169208066816.000000 0.028082864 -0.000225329 0.521407366 0.000638890 0.091092721 -0.002889713 0.995838046
1702688169459998720.000000 0.028315160 -0.000253058 0.524153113 -0.000256838 0.100833766 -0.002860171 0.994899154
1702688169716395520.000000 0.028134391 -0.000249626 0.526802242 -0.000102532 0.110747330 -0.003357915 0.993842959
1702688169999019264.000000 0.028147113 -0.000232364 0.529891014 0.000369287 0.122127093 -0.003024609 0.992509782
1702688170339922432.000000 0.027659154 -0.001047419 0.533766687 0.000877171 0.139372244 0.000127750 0.990239680
1702688170629227520.000000 0.026585953 -0.000561638 0.537689209 0.001474547 0.157937855 -0.001611792 0.987446666
1702688170919453184.000000 0.026655097 -0.000518919 0.540683389 0.000797498 0.168926433 -0.001779430 0.985626757
1702688171207048192.000000 0.026423449 -0.000978599 0.543721616 -0.000599690 0.181436673 0.000521828 0.983402312
1702688171455841536.000000 0.025828142 -0.001009277 0.545449138 -0.000929506 0.188420489 0.000393273 0.982087970
1702688171709463040.000000 0.025916111 -0.001023995 0.547713578 -0.003323766 0.195617169 -0.000352312 0.980674684
1702688171998087168.000000 0.024164941 -0.001566460 0.548753142 -0.007157080 0.199198604 -0.000822391 0.979932666
1702688172248948992.000000 0.022928093 -0.001978180 0.549256086 -0.009090183 0.200150028 -0.001223529 0.979722321
1702688172502281472.000000 0.022241002 -0.002327710 0.550282240 -0.010805927 0.202164948 -0.002352682 0.979289055
1702688172749514752.000000 0.021803170 -0.002524562 0.551793218 -0.011384511 0.202976003 -0.002404731 0.979114592
1702688174788929024.000000 0.022497054 -0.002079634 0.567605376 -0.009636198 0.009974446 0.004145810 0.999895275
1702688175042083840.000000 0.022814950 -0.001137221 0.570286214 -0.005156331 -0.011267562 0.004868250 0.999911368
1702688175249209344.000000 0.023345593 -0.001118478 0.572891355 -0.005370541 -0.031299546 0.004707136 0.999484539
1702688175500180480.000000 0.023988457 -0.000879285 0.576070309 -0.004543143 -0.054884441 0.005045788 0.998469651
1702688175746827264.000000 0.024199115 -0.001318451 0.576844037 -0.007868319 -0.059932306 0.003606920 0.998164952
1702688175994744064.000000 0.024614163 -0.001843242 0.578710496 -0.011543554 -0.073181570 0.001754111 0.997250319
1702688176202908160.000000 0.025072725 -0.001869181 0.580782831 -0.014682109 -0.087525353 0.001886381 0.996052325
1702688176455815424.000000 0.025058979 -0.001877010 0.581753969 -0.016117260 -0.094059624 0.000888821 0.995435715
1702688176662036992.000000 0.025677944 -0.001962864 0.584047616 -0.018702434 -0.110784799 0.000476240 0.993668318
1702688177120243968.000000 0.025724161 -0.002021474 0.585931301 -0.020811476 -0.125209093 0.000291847 0.991912067
1702688177369846016.000000 0.025765564 -0.002171764 0.586257935 -0.022952506 -0.125638857 -0.000048685 0.991810501
1702688177576256256.000000 0.025562134 -0.002110539 0.586669564 -0.023077551 -0.127123013 -0.000074336 0.991618454
1702688177783465472.000000 0.025333926 -0.002122611 0.586988389 -0.023262104 -0.128505901 -0.000083582 0.991435885
1702688178283363840.000000 0.024669511 -0.002164428 0.588274062 -0.026390327 -0.137371123 -0.003884315 0.990160406
1702688178786367488.000000 0.024170343 -0.002370178 0.589330912 -0.031323377 -0.156142116 -0.002782537 0.987233937
1702688179331828736.000000 0.023519501 -0.002445416 0.590471864 -0.034989964 -0.173923314 -0.007046080 0.984112203
1702688179574778112.000000 0.023250006 -0.002543715 0.591005743 -0.035973106 -0.184885949 -0.008525513 0.982064426
1702688179826010112.000000 0.022638071 -0.002960205 0.591385961 -0.042040471 -0.190430701 -0.010785632 0.980740726
1702688180075831552.000000 0.022300672 -0.002973615 0.591875792 -0.044329733 -0.199855208 -0.009858037 0.978772521
1702688180330597120.000000 0.021969642 -0.002922660 0.592403352 -0.042854469 -0.210257784 -0.008907651 0.976665676
1702688180535915520.000000 0.021639924 -0.002853023 0.592771828 -0.043044236 -0.216008544 -0.008458846 0.975405574
1702688181489593856.000000 0.020153239 -0.002729871 0.594894230 -0.043815669 -0.263410389 -0.005853540 0.963670552
1702688181699008000.000000 0.019813467 -0.002728497 0.595382273 -0.047340129 -0.274302870 -0.004065198 0.960468829
1702688181907257600.000000 0.019431937 -0.002699711 0.595863700 -0.047895424 -0.283848464 -0.003945435 0.957664073
1702688182116979200.000000 0.019074529 -0.002554851 0.596412897 -0.045858663 -0.295652807 -0.003407703 0.954188049
1702688182329205504.000000 0.018761352 -0.002556357 0.596840978 -0.047587767 -0.306118041 -0.003723835 0.950796187
1702688182533678848.000000 0.018390991 -0.002680643 0.597292840 -0.052461002 -0.318718523 -0.003135944 0.946391284
1702688182988112384.000000 0.017433316 -0.002400657 0.598259509 -0.049834628 -0.343760759 -0.003279559 0.937728286
1702688183196659200.000000 0.017055556 -0.002382377 0.598699510 -0.051031098 -0.357050329 -0.002310589 0.932687283
1702688183404708608.000000 0.016592033 -0.002420546 0.598986030 -0.052311927 -0.370759577 -0.001524630 0.927253187
1702688183613313792.000000 0.016149968 -0.002288714 0.599420667 -0.050402749 -0.386200994 -0.000536318 0.921036422
1702688183823087872.000000 0.015708297 -0.002248170 0.599732399 -0.050828010 -0.401528597 0.001237943 0.914434135
1702688184076856576.000000 0.015220910 -0.002244322 0.600178599 -0.052765656 -0.418918282 0.001940583 0.906487465
1702688184328037632.000000 0.014612898 -0.002149567 0.600525379 -0.051723458 -0.438181609 0.002761655 0.897392869
1702688184653297152.000000 0.013867930 -0.002093285 0.600938916 -0.050682891 -0.465766758 0.005428754 0.883438289
1702688184902908160.000000 0.013374597 -0.002044236 0.601268053 -0.050799787 -0.485885590 0.007261564 0.872514725
1702688185196165632.000000 0.012703985 -0.002001550 0.601493716 -0.049898461 -0.506925404 0.008733285 0.860500216
1702688185448336896.000000 0.012100756 -0.002007604 0.601715386 -0.051946059 -0.527455986 0.009624742 0.847938240
1702688185652658944.000000 0.011718243 -0.001948105 0.601972997 -0.051216159 -0.545064807 0.010817320 0.836758256
1702688185864423424.000000 0.011206925 -0.001881333 0.602053046 -0.050623633 -0.561360419 0.011166262 0.825946152
1702688186074335744.000000 0.010850012 -0.001860749 0.602194250 -0.051327221 -0.575101495 0.011788840 0.816385210
1702688186281043712.000000 0.010501862 -0.001839973 0.602369130 -0.050013654 -0.589388728 0.012155747 0.806208372
1702688186527632128.000000 0.010091692 -0.001749434 0.602520108 -0.049003866 -0.605619609 0.013579610 0.794127882
1702688186818877440.000000 0.009848207 -0.001724949 0.602473736 -0.047026604 -0.611468732 0.015925832 0.789709330
1702688187323382016.000000 0.008591563 -0.001688123 0.602802157 -0.050966546 -0.606325567 0.013782074 0.793461919
1702688187527546368.000000 0.008025765 -0.001607575 0.602920175 -0.049671989 -0.606613457 0.014013304 0.793319881
1702688187781096448.000000 0.007344365 -0.001626201 0.602964461 -0.050547872 -0.610485792 0.013564102 0.790296137
1702688188108237824.000000 0.006457388 -0.001569435 0.603218436 -0.050629985 -0.612397611 0.014092191 0.788801193
1702688188367589120.000000 0.005779296 -0.001507323 0.603359938 -0.050064020 -0.611431241 0.013813840 0.789591432
1702688188573563648.000000 0.005204231 -0.001472216 0.603549242 -0.049765199 -0.605106771 0.013417195 0.794474244
1702688188815922432.000000 0.004557759 -0.001414433 0.603731990 -0.049629088 -0.601403415 0.012854542 0.797298908
1702688189357558016.000000 0.003090620 -0.001319852 0.604069769 -0.049121812 -0.622570992 0.015968714 0.780856848
1702688189690997760.000000 0.002157211 -0.001269933 0.604266763 -0.049579240 -0.627124012 0.013877536 0.777216077
1702688189983146752.000000 0.001310766 -0.001185499 0.604383826 -0.049260352 -0.629837573 0.014457034 0.775028408
1702688190236847360.000000 0.000610769 -0.001155421 0.604492664 -0.049234111 -0.642677188 0.015125550 0.764403939
1702688190484710144.000000 -0.000064969 -0.001135420 0.604563713 -0.048825398 -0.647495866 0.016267177 0.760329247
1702688190731891456.000000 -0.000725418 -0.001093734 0.604761362 -0.048119213 -0.639039397 0.015276707 0.767515361
1702688190982280704.000000 -0.001441836 -0.001065098 0.604903638 -0.049285047 -0.634746015 0.015727101 0.770987093
1702688191236978432.000000 -0.002129018 -0.001058049 0.604981303 -0.049757782 -0.646382272 0.016686914 0.761206746
1702688191484062720.000000 -0.002798229 -0.001005974 0.605087638 -0.048155304 -0.643943667 0.016923660 0.763368428
1702688191774575616.000000 -0.003592461 -0.000980180 0.605306268 -0.048347637 -0.630902171 0.016715810 0.774174094
1702688192062934016.000000 -0.004387438 -0.000903726 0.605493903 -0.047581844 -0.625956237 0.017713716 0.778203785
1702688192280138752.000000 -0.004982561 -0.000847027 0.605637074 -0.047828697 -0.616915047 0.015456103 0.785423040
1702688192523174400.000000 -0.005638927 -0.000855904 0.605841100 -0.050328854 -0.609082818 0.015405646 0.791358292
1702688192813505792.000000 -0.006456226 -0.000779267 0.606099010 -0.050875187 -0.596381664 0.014158651 0.800962090
1702688193107144960.000000 -0.007276028 -0.000745941 0.606321216 -0.053065982 -0.606699109 0.013776039 0.793038726
1702688193355458048.000000 -0.007945925 -0.000696324 0.606458724 -0.050418880 -0.613891602 0.015096660 0.787633896
1702688193687123200.000000 -0.008831412 -0.000611395 0.606788278 -0.049592908 -0.599031270 0.013355341 0.799076736
1702688193979934464.000000 -0.009617090 -0.000557853 0.607046247 -0.049169719 -0.588551044 0.013279614 0.806854188
1702688194312483840.000000 -0.010501474 -0.000490498 0.607322216 -0.049299568 -0.588496089 0.012486103 0.806899011
1702688194644421888.000000 -0.011354506 -0.000433370 0.607623219 -0.049038172 -0.581349194 0.012573390 0.812077701
1702688194936551936.000000 -0.012164921 -0.000352889 0.607836127 -0.049156241 -0.583536923 0.012596059 0.810499668
1702688195310521856.000000 -0.013132006 -0.000316637 0.608166456 -0.048369817 -0.578474581 0.013432180 0.814154267
1702688195606745344.000000 -0.013898283 -0.000255283 0.608439803 -0.047664694 -0.568765581 0.011922569 0.821030915
1702688195896227840.000000 -0.014649779 -0.000203878 0.608784199 -0.047662225 -0.569850385 0.012568464 0.820268810
1702688196229387776.000000 -0.015684664 -0.000090048 0.608740151 -0.048242901 -0.555032969 0.011359664 0.830350518
1702688196560087808.000000 -0.016424179 -0.000085609 0.609304428 -0.048543047 -0.547518075 0.011455700 0.835306108
1702688196933774080.000000 -0.017398119 0.000081398 0.609844923 -0.047922354 -0.533264518 0.010625047 0.844523251
1702688197309878528.000000 -0.018279344 0.000092966 0.610203981 -0.049813978 -0.520025492 0.007597501 0.852663100
1702688197642715648.000000 -0.019004792 0.000186248 0.610751987 -0.048985895 -0.507113218 0.009376415 0.860435128
1702688197933263104.000000 -0.019728884 0.000246581 0.611171305 -0.049091153 -0.493546128 0.008215319 0.868294239
1702688198309193472.000000 -0.020526648 0.000332551 0.611832619 -0.050237559 -0.478240758 0.007130295 0.876761734
1702688198644781056.000000 -0.021243230 0.000417816 0.612321615 -0.048483454 -0.461909324 0.006387653 0.885577977
1702688198890823168.000000 -0.021849290 0.000441046 0.612727344 -0.048682734 -0.452610433 0.005838718 0.890359342
1702688199146966784.000000 -0.022389337 0.000430387 0.612932503 -0.048838519 -0.446141362 0.006884469 0.893602431
1702688199391685632.000000 -0.022849277 0.000508098 0.613515317 -0.049993947 -0.442820996 0.006663853 0.895190358
1702688199601385216.000000 -0.023242474 0.000565307 0.614000797 -0.049470462 -0.441134095 0.006541757 0.896052837
1702688199808663296.000000 -0.023610055 0.000608103 0.614395499 -0.048984423 -0.439893991 0.006687582 0.896687865
1702688200058565632.000000 -0.024141312 0.000537056 0.614713907 -0.049792774 -0.438931972 0.005057408 0.897125363
1702688200265553152.000000 -0.024612665 0.000473438 0.614832759 -0.051809333 -0.438408405 0.003511736 0.897274554
1702688200476429824.000000 -0.025310054 0.000567278 0.615116358 -0.050903760 -0.438195795 0.004687619 0.897424817
1702688200730449664.000000 -0.025339186 0.000554120 0.615078568 -0.050371088 -0.439319015 0.003454391 0.896911204
1702688200931847936.000000 -0.025885329 0.000554897 0.615335226 -0.051099483 -0.437468827 0.003725866 0.897772789
1702688201181699328.000000 -0.026792750 0.000486471 0.614795566 -0.051924519 -0.437699378 0.002491312 0.897617340
1702688201432756736.000000 -0.027414024 0.000582343 0.614948571 -0.051983401 -0.438130379 0.001976359 0.897404969
1702688201679911424.000000 -0.027931675 0.000615142 0.615264773 -0.052443177 -0.437467277 0.001180861 0.897702992
1702688201888040960.000000 -0.028336450 0.000662338 0.615568042 -0.052650269 -0.436947644 -0.000379780 0.897944629
1702688202138675712.000000 -0.028903335 0.000690874 0.615851820 -0.053147141 -0.437264323 -0.001386618 0.897760212
1702688202388726784.000000 -0.029458955 0.000715064 0.616053283 -0.053117320 -0.439643949 -0.002059927 0.896597803
1702688202596014592.000000 -0.029861942 0.000767486 0.616345882 -0.052317426 -0.440137893 -0.001012220 0.896404207
1702688203055158272.000000 -0.030749395 0.000888815 0.617062271 -0.052325759 -0.430878550 -0.002987477 0.900886655
1702688203307215872.000000 -0.031223014 0.000908120 0.617334604 -0.052163959 -0.424494773 -0.003611609 0.903919280
1702688203805482496.000000 -0.032001771 0.000942474 0.618035913 -0.051266830 -0.389751047 -0.004596373 0.919480681
1702688204055269120.000000 -0.032397278 0.000973685 0.618423581 -0.051218532 -0.377092898 -0.005528564 0.924741626
1702688204305177344.000000 -0.032828569 0.001043426 0.618852496 -0.051566333 -0.363046110 -0.007317651 0.930314422
1702688204556324864.000000 -0.033193015 0.001042238 0.619211316 -0.051821399 -0.351287752 -0.007549406 0.934801817
1702688204761393664.000000 -0.033469416 0.001201922 0.619641066 -0.049710821 -0.339068234 -0.008031897 0.939413130
1702688205011528448.000000 -0.033817697 0.001142165 0.620045125 -0.051013000 -0.322656721 -0.010451151 0.945082605
1702688205262434048.000000 -0.034071438 0.001061426 0.620038211 -0.053895395 -0.305619478 -0.011377217 0.950559080
1702688205512762880.000000 -0.034253918 0.001033956 0.620177925 -0.054058947 -0.290800482 -0.012612045 0.955172062
1702688205760909312.000000 -0.034410462 0.001027327 0.620622694 -0.056004114 -0.273083895 -0.014139626 0.960254550
1702688206013332224.000000 -0.034770805 0.001115475 0.620959282 -0.055025160 -0.246195868 -0.014813901 0.967543483
1702688206302918912.000000 -0.034945913 0.001145061 0.621493101 -0.053628054 -0.220001116 -0.015246288 0.973905087
1702688206553478400.000000 -0.035142295 0.001162357 0.621956050 -0.053678144 -0.195730537 -0.017637732 0.979028642
1702688206806217216.000000 -0.035251781 0.001159647 0.622432530 -0.055011779 -0.171528175 -0.020240951 0.983433843
1702688207051601408.000000 -0.035360731 0.001278657 0.622942090 -0.053624023 -0.147247672 -0.020045554 0.987441540
1702688207259655168.000000 -0.035494763 0.001314695 0.623275697 -0.052983116 -0.125948697 -0.022896508 0.990356266
1702688207469698560.000000 -0.035465799 0.001381192 0.623787820 -0.052508794 -0.110546447 -0.024083259 0.992190659
1702688207678155776.000000 -0.035790861 0.001377362 0.624044657 -0.053044114 -0.087990895 -0.024593586 0.994403899
1702688208386148096.000000 -0.035685256 0.001447203 0.625355124 -0.052039411 -0.049111512 -0.027047349 0.997069895
1702688208676268032.000000 -0.035732061 0.001546776 0.625984192 -0.052196525 -0.042382345 -0.026873551 0.997375131
1702688209134292224.000000 -0.035737239 0.001670469 0.626931190 -0.054143421 -0.046149820 -0.021769851 0.997228563
1702688209426118144.000000 -0.035753801 0.001759880 0.627564609 -0.058094159 -0.050596353 -0.018131871 0.996863246
1702688209884615168.000000 -0.035973553 0.001869251 0.628435969 -0.057848539 -0.057659749 -0.027887162 0.996268630
1702688210172260352.000000 -0.036166888 0.001927598 0.628996909 -0.054809082 -0.073809892 -0.034453034 0.995168865
1702688210465261568.000000 -0.036272179 0.001975203 0.629561305 -0.051392697 -0.099020265 -0.031397805 0.993261278
1702688210716919808.000000 -0.036426894 0.002036947 0.629982948 -0.041991234 -0.114020504 -0.025780994 0.992255747
1702688211630906880.000000 -0.036555771 0.002112157 0.631494939 -0.049533069 -0.058284700 -0.031665925 0.996567428
1702688211930036480.000000 -0.036510006 0.002145014 0.631888986 -0.043434653 -0.048222955 -0.031397067 0.997397721
1702688212215248896.000000 -0.036559053 0.002186899 0.632496178 -0.043143522 -0.032247439 -0.031083586 0.998064399
1702688212505236224.000000 -0.036498014 0.002232255 0.633015096 -0.045024529 -0.016853521 -0.030226251 0.998386264
1702688212837169408.000000 -0.036476929 0.002260478 0.633657098 -0.048653271 0.001983521 -0.033503368 0.998251736
1702688213129238784.000000 -0.036445856 0.002321810 0.634236515 -0.050452095 0.016763970 -0.034630410 0.997985125
1702688213419287808.000000 -0.036410309 0.002380548 0.634788871 -0.051330302 0.033330236 -0.035499837 0.997493923
1702688214546439936.000000 -0.036060531 0.002556086 0.636798084 -0.049940743 0.091944575 -0.038410377 0.993768990
1702688214842158336.000000 -0.035922863 0.002617850 0.637318730 -0.049164522 0.107441947 -0.039325193 0.992215991
1702688216167394816.000000 -0.035424352 0.002840463 0.639745176 -0.046586070 0.094395168 -0.038348678 0.993704498
1702688216420480512.000000 -0.035360917 0.002863765 0.640189171 -0.047714040 0.082173802 -0.037136249 0.994782269
1702688216710136832.000000 -0.035304688 0.002931007 0.640731096 -0.046922266 0.071025714 -0.037024293 0.995682120
1702688217005392384.000000 -0.035231713 0.002979489 0.641244352 -0.046913169 0.064608850 -0.035559837 0.996172845
1702688217333448192.000000 -0.035174340 0.003045849 0.641873777 -0.048840385 0.065201633 -0.036288571 0.996015370
1702688217756749568.000000 -0.035040520 0.003109901 0.642646313 -0.048920870 0.077341184 -0.036684453 0.995127797
1702688218083411200.000000 -0.034941480 0.003157595 0.643238842 -0.047741465 0.079721220 -0.036428917 0.995006680
1702688218708825344.000000 -0.034751445 0.003288449 0.644369185 -0.048262224 0.082082137 -0.036942158 0.994770646
1702688219081946112.000000 -0.034620263 0.003358371 0.645054281 -0.047873333 0.085723668 -0.037514653 0.994460821
1702688219414684672.000000 -0.034515657 0.003413731 0.645662010 -0.047900829 0.087052748 -0.037141085 0.994358003
1702688219709184512.000000 -0.034427054 0.003448856 0.646184683 -0.046799906 0.095042780 -0.037540786 0.993663609
1702688220045918464.000000 -0.034291632 0.003508056 0.646791935 -0.047965001 0.104257576 -0.037849054 0.992671728
1702688220374678272.000000 -0.034163717 0.003569400 0.647392392 -0.046963736 0.107514419 -0.038164843 0.992360055
1702688220706322432.000000 -0.034001440 0.003611030 0.647975743 -0.046749145 0.113716953 -0.038089216 0.991681516
1702688221335029248.000000 -0.033650670 0.003724853 0.649091244 -0.044066850 0.140163347 -0.039208878 0.988369882
1702688221996752384.000000 -0.033269875 0.003796874 0.650266469 -0.043900318 0.163320675 -0.040752701 0.984752953
1702688222334378496.000000 -0.033044286 0.003836824 0.650837243 -0.043921374 0.170718193 -0.040816814 0.983493865
1702688222662907904.000000 -0.032844760 0.003874751 0.651401877 -0.042038336 0.173049197 -0.040514864 0.983181238
1702688223057169408.000000 -0.032623433 0.003929608 0.652053535 -0.042153854 0.170031413 -0.041622352 0.983656466
1702688223413815552.000000 -0.032396249 0.003980671 0.652719080 -0.043729607 0.160590112 -0.040335588 0.985226691
1702688223749886976.000000 -0.032240637 0.004029781 0.653311908 -0.043608181 0.152386665 -0.039893065 0.986552179
1702688224161460992.000000 -0.032041028 0.004080370 0.653955519 -0.043342073 0.138589278 -0.038965169 0.988633513
1702688224624315392.000000 -0.031890895 0.004138935 0.654587567 -0.044956625 0.129419088 -0.038508169 0.989821553
1702688225038375424.000000 -0.031664319 0.004197256 0.655282497 -0.044985920 0.146320283 -0.040057000 0.987401664
1702688225451898624.000000 -0.031432316 0.004250073 0.656003892 -0.044981182 0.156981140 -0.040220570 0.985756516
1702688225868437248.000000 -0.031129116 0.004300818 0.656698465 -0.044107553 0.173555300 -0.040266372 0.983011544
1702688226330569984.000000 -0.030842844 0.004381945 0.657461762 -0.044643335 0.180461735 -0.041861959 0.981676221
1702688226829157376.000000 -0.030430194 0.004426701 0.658265710 -0.042808849 0.200079843 -0.041583516 0.977960289
1702688227330985728.000000 -0.030066883 0.004490852 0.659093022 -0.042865157 0.207037300 -0.042508997 0.976468742
1702688227781842944.000000 -0.029687084 0.004549365 0.659857869 -0.042100586 0.214812845 -0.041510776 0.974864006
1702688228240190464.000000 -0.029348653 0.004596456 0.660612345 -0.041666653 0.218579784 -0.042995863 0.973980606
1702688228615323392.000000 -0.029044639 0.004623155 0.661220670 -0.041910175 0.228860229 -0.043419633 0.971587002
1702688228988925952.000000 -0.028711807 0.004665524 0.661806285 -0.039460074 0.247057810 -0.043101408 0.967237115
1702688229371581952.000000 -0.028361086 0.004683882 0.662395298 -0.038115550 0.261335909 -0.045264233 0.963432372
1702688229741533952.000000 -0.028001841 0.004696760 0.662964225 -0.037842598 0.269300312 -0.043986857 0.961306691
1702688230155956480.000000 -0.027563632 0.004722345 0.663580358 -0.036006752 0.281767368 -0.044359129 0.957780182
1702688230531054848.000000 -0.027158678 0.004759210 0.664165497 -0.036874525 0.288586259 -0.044295754 0.955717623
1702688230906006784.000000 -0.026824430 0.004805676 0.664782286 -0.038770944 0.278657973 -0.044537440 0.958573461
1702688231280465920.000000 -0.026514452 0.004828551 0.665381253 -0.039503627 0.259102434 -0.044187028 0.964029491
1702688231660059904.000000 -0.026213214 0.004875446 0.666014314 -0.041227583 0.238701478 -0.043728236 0.969231546
1702688231986952192.000000 -0.025921766 0.004938247 0.666576922 -0.042393222 0.220985994 -0.041022871 0.973491192
1702688232327083520.000000 -0.025718683 0.004968540 0.667139113 -0.043846875 0.203342110 -0.041004963 0.977265596
1702688232699694080.000000 -0.025485767 0.005032397 0.667797625 -0.043936767 0.183501616 -0.038963158 0.981263816
1702688233118612480.000000 -0.025286470 0.005083783 0.668530583 -0.044721201 0.166280359 -0.038617235 0.984306633
1702688233528228096.000000 -0.025047267 0.005152073 0.669260561 -0.044828925 0.147270754 -0.036594566 0.987401962
1702688234073702144.000000 -0.024857461 0.005225355 0.670231164 -0.046342317 0.124503262 -0.036192875 0.990475357
1702688234448661504.000000 -0.024726149 0.005288142 0.670923829 -0.048023921 0.115608357 -0.035415255 0.991500974
1702688234859760640.000000 -0.024552489 0.005340499 0.671638310 -0.048223797 0.108419344 -0.035147570 0.992312670
1702688235276866816.000000 -0.024390150 0.005390323 0.672358096 -0.049336057 0.104403138 -0.035899870 0.992661655
1702688235734902272.000000 -0.024244597 0.005476515 0.673170686 -0.049963392 0.086474672 -0.034785233 0.994392157
1702688236193366016.000000 -0.024089493 0.005534909 0.673981428 -0.048810635 0.081122503 -0.034863897 0.994897544
1702688236652545280.000000 -0.023972329 0.005597611 0.674778640 -0.049098622 0.089950226 -0.035274554 0.994109690
1702688237073870336.000000 -0.023763105 0.005661142 0.675506711 -0.049608380 0.099039197 -0.037131894 0.993152261
1702688237607378176.000000 -0.023515485 0.005767399 0.676449537 -0.050413150 0.118258826 -0.038073562 0.990971148
1702688238189066496.000000 -0.023178034 0.005864012 0.677452087 -0.048933499 0.143096924 -0.038931750 0.987731278
1702688238651792128.000000 -0.023050262 0.005902314 0.678242028 -0.048052628 0.143651590 -0.039113402 0.987686872
1702688239148632320.000000 -0.022866387 0.005949601 0.679128528 -0.050143823 0.147617221 -0.040091652 0.986958683
1702688239688847616.000000 -0.022507247 0.006061560 0.680007577 -0.049116187 0.149947003 -0.039634075 0.986677587
1702688240355690496.000000 -0.022232682 0.006159911 0.681151569 -0.049468268 0.149237335 -0.040693738 0.986724436
1702688240812864512.000000 -0.022009168 0.006184575 0.681896567 -0.049928140 0.151370585 -0.039648592 0.986418843
1702688241272750336.000000 -0.021842793 0.006250751 0.682635009 -0.049490150 0.149933442 -0.039584912 0.986662984
1702688241737814528.000000 -0.021701710 0.006337331 0.683348954 -0.048727393 0.157326028 -0.039709374 0.985544205
1702688242229049856.000000 -0.021402251 0.006349443 0.684022427 -0.048799835 0.155866086 -0.039524332 0.985780001
1702688242896991488.000000 -0.021189136 0.006462507 0.685094416 -0.054174285 0.164830208 -0.040875901 0.983984411
1702688243353327872.000000 -0.020959314 0.006502538 0.685683608 -0.053947836 0.165646628 -0.041974578 0.983813465
1702688243812269824.000000 -0.020861981 0.006577411 0.686291516 -0.051855300 0.157370448 -0.040814079 0.985332370
1702688244311707136.000000 -0.020674830 0.006645651 0.686971962 -0.053301036 0.144945115 -0.040580213 0.987169266
1702688244726606336.000000 -0.020571992 0.006698677 0.687505543 -0.052030612 0.134097353 -0.039047454 0.988830686
1702688245227238400.000000 -0.020409547 0.006735927 0.688095331 -0.049797211 0.135428756 -0.038873311 0.988771081
1702688245651625216.000000 -0.020335678 0.006796594 0.688552439 -0.050391588 0.134018257 -0.038174018 0.988960326
