1.702688123750164747e+09 0.000000000000000000e+00 0.000000000000000000e+00 0.000000000000000000e+00 -0.000000000000000000e+00 -0.000000000000000000e+00 -0.000000000000000000e+00 1.000000000000000000e+00
1.702688124081733227e+09 4.654599999999999786e-05 4.308400000000000288e-05 1.739581000000000027e-03 -3.780370000000000128e-04 2.432029999999999956e-04 -4.839699999999999758e-05 9.999999400000000316e-01
1.702688124373106241e+09 5.519100000000000064e-05 4.169199999999999995e-05 3.155453999999999811e-03 -5.438000000000000281e-06 -6.414749999999999662e-04 -7.257280000000000285e-04 9.999995229999999458e-01
1.702688124542413712e+09 -2.667500000000000125e-05 7.910800000000000221e-05 4.013357000000000382e-03 3.198249999999999813e-04 -1.472114999999999969e-03 -5.583969999999999732e-04 9.999987479999999929e-01
1.702688125164490223e+09 -2.564560000000000125e-04 8.616299999999999480e-05 7.089042999999999733e-03 -4.269289999999999912e-04 -5.496326999999999637e-03 -2.812269999999999961e-04 9.999848009999999787e-01
1.702688125254037619e+09 -2.605600000000000125e-04 3.738200000000000225e-05 7.483339000000000310e-03 -1.227959999999999946e-04 -5.677914000000000051e-03 2.327700000000000092e-04 9.999838469999999813e-01
1.702688125745692015e+09 -3.696899999999999790e-05 4.313499999999999951e-05 9.983568999999999430e-03 -1.339525999999999955e-03 -4.317899000000000043e-03 1.846770000000000074e-04 9.999897479999999561e-01
1.702688126038130522e+09 -4.615500000000000109e-05 2.958999999999999960e-05 1.142099499999999976e-02 -1.428486999999999986e-03 -5.423596000000000146e-03 7.060569999999999520e-04 9.999840260000000258e-01
1.702688126163733482e+09 -1.393900000000000054e-04 1.188000000000000103e-06 1.206830000000000055e-02 -1.116627000000000028e-03 -6.265030000000000425e-03 2.383230000000000016e-04 9.999797339999999535e-01
1.702688126289400339e+09 -1.190420000000000031e-04 2.054500000000000065e-05 1.265337599999999917e-02 -1.051094999999999937e-03 -6.421289000000000163e-03 9.184469999999999700e-04 9.999784229999999496e-01
1.702688126411633730e+09 -1.367109999999999994e-04 3.590000000000000250e-07 1.327787899999999938e-02 -1.887669999999999930e-03 -6.035219999999999994e-03 5.473830000000000275e-04 9.999798540000000013e-01
1.702688126913067341e+09 -1.980200000000000116e-05 -1.010020000000000064e-04 1.569984099999999910e-02 1.441640000000000109e-04 -6.345016999999999671e-03 1.821989999999999894e-03 9.999782440000000161e-01
1.702688127166734934e+09 -1.015119999999999998e-04 -8.564399999999999520e-05 1.688597000000000015e-02 9.671270000000000257e-04 -4.980001999999999866e-03 9.427780000000000188e-04 9.999867080000000019e-01
1.702688127330770731e+09 -3.022400000000000065e-05 -1.127370000000000016e-04 1.768271600000000110e-02 9.757799999999999850e-04 -8.408728000000000730e-03 2.036999999999999911e-04 9.999641780000000368e-01
1.702688127620064259e+09 -3.247079999999999953e-04 -1.028329999999999961e-04 1.910787400000000039e-02 1.460555000000000100e-03 -1.518791100000000012e-02 -7.432199999999999755e-05 9.998835919999999877e-01
1.702688127786697626e+09 -4.923529999999999530e-04 -1.123529999999999999e-04 1.994775000000000020e-02 8.648090000000000204e-04 -1.752496900000000135e-02 -8.022700000000000285e-05 9.998460409999999632e-01
1.702688127959379911e+09 -6.227729999999999681e-04 -9.348400000000000145e-05 2.070158899999999941e-02 1.554271999999999989e-03 -1.872942199999999904e-02 2.421099999999999977e-04 9.998233319999999535e-01
1.702688128536631107e+09 -6.935560000000000119e-04 -1.486240000000000055e-04 2.347713900000000103e-02 2.660342000000000002e-03 -2.220164800000000091e-02 -1.021781000000000035e-03 9.997494820000000226e-01
1.702688128702517509e+09 -7.930160000000000117e-04 -9.022000000000000017e-05 2.436955999999999845e-02 2.182626000000000011e-03 -2.774607899999999988e-02 -7.220580000000000314e-04 9.996123310000000206e-01
1.702688128910663605e+09 -1.055584999999999943e-03 -1.155810000000000035e-04 2.527079900000000004e-02 2.032436999999999785e-03 -2.908159600000000122e-02 -6.364819999999999549e-04 9.995747799999999961e-01
1.702688129123187304e+09 -1.070622999999999931e-03 -1.438900000000000064e-04 2.630260800000000163e-02 2.470394999999999796e-03 -3.039584500000000120e-02 -8.154139999999999826e-04 9.995345469999999954e-01
1.702688129331941605e+09 -1.063934000000000104e-03 -1.478960000000000084e-04 2.729201499999999933e-02 2.967762999999999998e-03 -2.485638299999999926e-02 -5.215379999999999929e-04 9.996864800000000439e-01
1.702688129535256386e+09 -1.009123000000000008e-03 -1.572810000000000007e-04 2.829096299999999883e-02 4.132885000000000204e-03 -2.372480000000000075e-02 -6.406099999999999533e-05 9.997100230000000032e-01
1.702688129785769463e+09 -1.111065000000000056e-03 -1.540799999999999885e-04 2.951565000000000091e-02 3.261074999999999998e-03 -2.768850000000000131e-02 1.657805000000000042e-03 9.996098879999999465e-01
1.702688130036317587e+09 -1.183185000000000009e-03 -9.726200000000000492e-05 3.073708299999999838e-02 1.931683000000000011e-03 -3.061844600000000055e-02 1.961473000000000036e-03 9.995273949999999852e-01
1.702688130283443451e+09 -1.266668000000000091e-03 -5.748599999999999815e-05 3.199646200000000329e-02 2.559169999999999826e-04 -2.966541199999999864e-02 1.738353999999999898e-03 9.995583300000000504e-01
1.702688130536747694e+09 -1.184708999999999936e-03 -5.606000000000000197e-06 3.320522599999999741e-02 -2.122170000000000046e-04 -2.676461100000000065e-02 2.570963999999999802e-03 9.996384379999999625e-01
1.702688130783398628e+09 -1.309892000000000001e-03 -6.620099999999999856e-05 3.445306800000000336e-02 -2.516244999999999853e-03 -2.401452499999999837e-02 1.257740999999999937e-03 9.997076990000000052e-01
1.702688131036561966e+09 -1.253107999999999956e-03 -3.986400000000000322e-05 3.562961900000000126e-02 -2.501153999999999791e-03 -2.194121900000000139e-02 1.554023000000000080e-03 9.997549650000000510e-01
1.702688131282977104e+09 -1.321831999999999998e-03 -8.511000000000000336e-06 3.677912800000000121e-02 -6.540969999999999684e-04 -1.351731599999999971e-02 9.965760000000001024e-04 9.999079699999999793e-01
1.702688131533563614e+09 -1.168874999999999992e-03 -1.874999999999999836e-05 3.795317200000000030e-02 -4.919079999999999937e-04 -1.188128199999999995e-02 1.312865999999999990e-03 9.999284739999999561e-01
1.702688131785080910e+09 -1.344502000000000023e-03 -2.338299999999999957e-05 3.910664099999999754e-02 -8.302329999999999910e-04 -3.755875000000000099e-03 2.845699999999999944e-04 9.999925490000000083e-01
1.702688132034559488e+09 -1.179651000000000094e-03 -2.028599999999999856e-05 4.028781499999999766e-02 -7.206289999999999744e-04 -3.403249999999999917e-04 4.133960000000000109e-04 9.999995830000000252e-01
1.702688132282315731e+09 -1.103529000000000012e-03 -7.846000000000000774e-06 4.146671999999999858e-02 -2.757230000000000163e-04 6.105350000000000490e-04 8.760200000000000593e-05 9.999998209999999554e-01
1.702688132573621273e+09 -1.118700000000000033e-03 -1.455699999999999971e-05 4.284553199999999867e-02 -1.959949999999999963e-04 -1.771200000000000118e-04 5.849390000000000318e-04 9.999998209999999554e-01
1.702688132868419409e+09 -1.139562999999999904e-03 -6.206800000000000273e-05 4.418636900000000312e-02 -4.429829999999999835e-04 3.639280000000000162e-04 -2.792099999999999915e-05 9.999998810000000349e-01
1.702688133157733202e+09 -1.165685999999999979e-03 -6.022399999999999802e-05 4.557560000000000083e-02 -1.021355000000000049e-03 1.329972000000000012e-03 -8.111050000000000074e-04 9.999982710000000496e-01
1.702688133491797447e+09 -1.314506000000000008e-03 -2.276499999999999973e-05 4.716151600000000055e-02 -2.056109999999999882e-03 -3.020760000000000263e-04 -1.715591999999999942e-03 9.999963640000000265e-01
1.702688133824088335e+09 -1.282354000000000089e-03 5.338600000000000013e-05 4.875876400000000305e-02 -2.231908999999999803e-03 -6.863429999999999575e-04 -1.476504000000000011e-03 9.999961849999999819e-01
1.702688134154682398e+09 -1.281255000000000024e-03 1.904500000000000146e-05 5.031273099999999943e-02 -1.940118999999999915e-03 1.227622999999999952e-03 -2.133719999999999974e-03 9.999951120000000193e-01
1.702688134530259132e+09 -1.362394000000000062e-03 -6.511899999999999774e-05 5.205947500000000089e-02 -2.444841000000000115e-03 2.167748000000000157e-03 -1.616454999999999932e-03 9.999933840000000407e-01
1.702688134869007349e+09 -1.392274999999999893e-03 2.791900000000000154e-05 5.368213000000000151e-02 -2.764346999999999898e-03 1.766334999999999954e-03 -1.567376000000000099e-03 9.999934430000000374e-01
1.702688135196341991e+09 -1.353692999999999997e-03 -3.657599999999999675e-05 5.523063599999999962e-02 -2.975967999999999843e-03 3.924475000000000185e-03 -1.460284999999999968e-03 9.999868269999999670e-01
1.702688135529059410e+09 -1.352925000000000048e-03 -3.094599999999999814e-05 5.672764000000000278e-02 -1.082779000000000076e-03 2.500173000000000065e-03 -5.283529999999999607e-04 9.999961849999999819e-01
1.702688135905307531e+09 -1.324721999999999966e-03 1.913900000000000090e-05 5.852347199999999999e-02 -1.865822000000000053e-03 1.987416000000000096e-03 -1.200251999999999960e-03 9.999955889999999625e-01
1.702688136277602911e+09 -1.212949999999999966e-03 3.035000000000000164e-06 6.027428099999999900e-02 -2.606420999999999825e-03 5.957180999999999761e-03 -1.814653999999999963e-03 9.999772310000000219e-01
1.702688136615336180e+09 -1.275022999999999912e-03 2.472500000000000129e-05 6.177358299999999997e-02 -1.184214000000000057e-03 3.200189999999999892e-03 -1.227355000000000069e-03 9.999934430000000374e-01
1.702688136946995258e+09 -1.183784000000000008e-03 -2.513400000000000025e-05 6.335551300000000219e-02 -1.649333999999999913e-03 3.824876999999999964e-03 -1.614269999999999898e-03 9.999900459999999658e-01
1.702688137319440842e+09 -1.290902999999999929e-03 2.466000000000000107e-05 6.509292099999999803e-02 -1.429635000000000064e-03 -1.243832000000000054e-03 -3.955930000000000188e-04 9.999981519999999735e-01
1.702688137693889141e+09 -1.342913000000000049e-03 1.532700000000000081e-05 6.686221100000000472e-02 -1.637334000000000055e-03 -1.065077999999999902e-03 -3.260520000000000150e-04 9.999980330000000084e-01
1.702688138070867062e+09 -1.378992000000000108e-03 -8.002999999999999440e-06 6.864490400000000658e-02 -1.417960999999999918e-03 6.550500000000000387e-05 -6.216029999999999776e-04 9.999988079999999613e-01
1.702688138362362862e+09 -1.318301000000000021e-03 2.332200000000000134e-05 6.997578599999999815e-02 -1.988075000000000172e-03 -2.969343000000000156e-03 2.181779999999999972e-04 9.999936219999999709e-01
1.702688138653276205e+09 -1.464987999999999967e-03 -4.527700000000000035e-05 7.127714200000000166e-02 -1.716187000000000094e-03 -7.560368999999999944e-03 -1.009750000000000014e-04 9.999699589999999638e-01
1.702688139069547892e+09 -1.276166000000000019e-03 -1.329200000000000081e-05 7.313742500000000590e-02 4.607890000000000228e-04 1.281957000000000062e-02 -4.914329999999999957e-04 9.999176260000000038e-01
1.702688139320589781e+09 -1.065041999999999985e-03 9.530000000000000236e-07 7.424552700000000560e-02 1.170503000000000038e-03 2.417185700000000145e-02 -8.415939999999999793e-04 9.997068049999999761e-01
1.702688139573784351e+09 -1.057636000000000036e-03 5.514599999999999683e-05 7.544328299999999987e-02 1.979579999999999881e-03 3.774025699999999928e-02 -6.482579999999999723e-04 9.992853999999999903e-01
1.702688140237136602e+09 -6.769680000000000142e-04 -3.303000000000000055e-05 7.851948599999999945e-02 3.039168999999999985e-03 6.651675699999999580e-02 -2.379019999999999865e-04 9.977806809999999471e-01
1.702688140444591284e+09 -4.812190000000000152e-04 -3.458099999999999976e-05 7.943969200000000619e-02 2.631295000000000075e-03 7.604169099999999459e-02 -1.370941999999999994e-03 9.971002340000000297e-01
1.702688140650528193e+09 -3.744339999999999865e-04 -1.271100000000000078e-05 8.032872500000000360e-02 1.566728999999999995e-03 8.532620999999999956e-02 -1.443828000000000082e-03 9.963508250000000510e-01
1.702688141115162611e+09 2.627209999999999940e-04 9.724200000000000172e-05 8.243895299999999537e-02 1.342993999999999915e-03 9.977185700000000546e-02 1.465867999999999945e-03 9.950083490000000142e-01
1.702688141732712030e+09 9.696299999999999711e-04 -2.037000000000000148e-06 8.514852100000000479e-02 2.151235000000000040e-03 9.773191800000000096e-02 1.284329999999999977e-03 9.952096339999999541e-01
1.702688142194231987e+09 9.697899999999999967e-04 3.982499999999999902e-05 8.735755800000000182e-02 2.479257999999999809e-03 9.214490699999999812e-02 8.516100000000000406e-04 9.957422019999999652e-01
1.702688142691183090e+09 1.399782999999999930e-03 -1.524390000000000087e-04 8.945809999999999873e-02 2.746928000000000043e-03 9.194274199999999397e-02 8.645929999999999805e-04 9.957601430000000420e-01
1.702688142981350422e+09 1.638143000000000108e-03 -3.540199999999999749e-05 9.084922800000000409e-02 1.868373999999999903e-03 9.045509999999999662e-02 1.041775999999999900e-03 9.958982469999999587e-01
1.702688143274113178e+09 1.802959999999999936e-03 -4.382999999999999879e-05 9.215472600000000625e-02 1.384341000000000087e-03 8.938814700000000113e-02 9.890890000000000706e-04 9.959954020000000297e-01
1.702688144108907700e+09 2.420877000000000098e-03 -1.214100000000000048e-04 9.583631900000000314e-02 1.443985999999999967e-03 8.598321700000000067e-02 5.611070000000000337e-04 9.962953930000000291e-01
1.702688144355942965e+09 2.618833000000000098e-03 -1.407389999999999954e-04 9.700725999999999793e-02 2.267199000000000124e-03 8.525931100000000429e-02 8.732189999999999484e-04 9.963558319999999968e-01
1.702688144856612206e+09 3.285433999999999837e-03 -1.529869999999999906e-04 9.920426499999999981e-02 2.524395999999999932e-03 8.783628000000000269e-02 1.980220000000000092e-04 9.961317179999999993e-01
1.702688145149849415e+09 3.504043999999999996e-03 -1.769789999999999872e-04 1.005535800000000035e-01 2.324413000000000000e-03 9.277936100000000463e-02 5.316949999999999975e-04 9.956838489999999542e-01
1.702688145438950539e+09 3.695214000000000051e-03 -1.944129999999999968e-04 1.019371750000000049e-01 1.377486999999999939e-03 9.400700800000000301e-02 4.113799999999999814e-04 9.955704810000000071e-01
1.702688145729303598e+09 3.958729999999999714e-03 -1.484629999999999912e-04 1.031821369999999932e-01 7.611039999999999689e-04 9.144286799999999660e-02 1.765000000000000042e-06 9.958100319999999561e-01
1.702688145980144739e+09 4.062755999999999833e-03 -1.980779999999999965e-04 1.043583299999999991e-01 1.689416999999999915e-03 8.097442200000000423e-02 9.015520000000000174e-04 9.967143539999999691e-01
1.702688146270196915e+09 4.229916000000000231e-03 -2.148309999999999901e-04 1.055679100000000009e-01 4.708302000000000147e-03 6.960757800000000328e-02 1.732664999999999986e-03 9.975618720000000161e-01
1.702688146563861132e+09 4.489113000000000304e-03 -2.126929999999999912e-04 1.070537939999999938e-01 1.878240999999999895e-03 5.697488800000000131e-02 4.177709999999999952e-04 9.983738060000000303e-01
1.702688146854691982e+09 4.513546999999999698e-03 -1.398509999999999998e-04 1.084174739999999998e-01 6.247429999999999780e-04 4.264952600000000010e-02 2.123670000000000082e-04 9.990898969999999490e-01
1.702688147228098392e+09 4.625772999999999691e-03 -1.846030000000000078e-04 1.100267770000000062e-01 1.599514000000000014e-03 5.561503400000000069e-02 7.712560000000000032e-04 9.984507559999999948e-01
1.702688147602800369e+09 4.925409000000000384e-03 -1.884009999999999873e-04 1.117684619999999990e-01 1.958818000000000191e-03 6.162020599999999682e-02 3.736440000000000160e-04 9.980976580000000542e-01
1.702688147938467026e+09 5.025678999999999910e-03 -1.360370000000000123e-04 1.132752149999999985e-01 2.433869999999999925e-04 6.233628499999999822e-02 7.927199999999999590e-05 9.980552200000000207e-01
1.702688148311103821e+09 5.445260000000000378e-03 -1.403750000000000104e-04 1.150403249999999988e-01 1.299650999999999975e-03 6.158044900000000238e-02 -6.718279999999999651e-04 9.981010559999999865e-01
1.702688148684074640e+09 5.529415999999999672e-03 -1.546250000000000044e-04 1.167191119999999999e-01 1.996139999999999980e-03 6.168967100000000148e-02 -1.874280000000000087e-04 9.980933669999999536e-01
1.702688148977010727e+09 5.657213999999999819e-03 -1.324359999999999904e-04 1.180471629999999966e-01 2.942862000000000082e-03 6.324239800000000522e-02 -2.458650000000000050e-04 9.979938269999999445e-01
1.702688149351124763e+09 5.981967999999999834e-03 -1.551249999999999895e-04 1.197711300000000034e-01 2.085081999999999821e-03 6.389173900000000295e-02 -7.324739999999999940e-04 9.979544280000000045e-01
1.702688149683173656e+09 5.988733000000000424e-03 -1.455080000000000034e-04 1.212226230000000016e-01 2.985615999999999964e-03 6.349580000000000501e-02 -3.573450000000000151e-04 9.979775549999999606e-01
1.702688150057472944e+09 6.307000000000000106e-03 -1.638669999999999949e-04 1.229291629999999941e-01 3.357010000000000115e-03 6.542993299999999568e-02 3.150730000000000241e-04 9.978514910000000349e-01
1.702688150433784485e+09 6.676068999999999753e-03 -2.116040000000000022e-04 1.246450620000000009e-01 4.462973999999999761e-03 6.810034099999999480e-02 1.598299999999999927e-05 9.976685050000000388e-01
1.702688150808598518e+09 6.979540000000000223e-03 -2.021530000000000007e-04 1.263756299999999888e-01 5.448645000000000224e-03 7.175021600000000555e-02 3.700500000000000230e-04 9.974076750000000491e-01
1.702688151225185394e+09 7.176499000000000246e-03 -1.301019999999999954e-04 1.283594369999999929e-01 3.343441999999999855e-03 7.609643800000000236e-02 -1.082994000000000101e-03 9.970942739999999471e-01
1.702688151600415707e+09 7.466300999999999841e-03 -1.772450000000000013e-04 1.300470230000000116e-01 1.422106999999999928e-03 7.799236499999999406e-02 -1.505927999999999911e-03 9.969518179999999896e-01
1.702688151933344364e+09 7.684144000000000391e-03 -2.118370000000000116e-04 1.315365729999999900e-01 1.760073000000000019e-03 7.949019200000000118e-02 -1.251233000000000033e-03 9.968333240000000206e-01
1.702688152306290150e+09 7.926222999999999602e-03 -2.706350000000000270e-04 1.332444399999999918e-01 3.216493999999999864e-03 8.025521800000000316e-02 -1.240503000000000005e-03 9.967684150000000187e-01
1.702688152724060774e+09 8.357425999999999397e-03 -2.381539999999999970e-04 1.351227909999999921e-01 1.312877999999999962e-03 8.975720399999999322e-02 -1.310411999999999948e-03 9.959619640000000329e-01
1.702688153099293709e+09 8.738440000000000096e-03 -2.854290000000000212e-04 1.367827500000000085e-01 9.121039999999999530e-04 1.006203739999999985e-01 -3.940099999999999766e-05 9.949244860000000523e-01
1.702688153475735903e+09 9.184044000000000582e-03 -2.243950000000000090e-04 1.384786520000000076e-01 2.635347000000000123e-03 1.110913979999999940e-01 -2.054311000000000071e-03 9.938045739999999961e-01
1.702688153853724003e+09 9.570626999999999954e-03 -2.436399999999999916e-04 1.401722280000000098e-01 2.250521000000000119e-03 1.118977740000000054e-01 -2.535281999999999814e-03 9.937139750000000271e-01
1.702688154307840109e+09 9.978482000000000324e-03 -2.217999999999999974e-04 1.421851520000000091e-01 3.848017000000000017e-03 1.086859180000000064e-01 -3.664582999999999903e-03 9.940619469999999458e-01
1.702688154722091675e+09 1.032159799999999954e-02 -2.546989999999999953e-04 1.440169659999999963e-01 5.275799999999999761e-03 9.700987499999999542e-02 -3.270210999999999864e-03 9.952641129999999503e-01
1.702688155179938555e+09 1.066137900000000034e-02 -2.556999999999999811e-04 1.460881980000000024e-01 4.488785999999999818e-03 8.399476100000000112e-02 -2.611580999999999972e-03 9.964526889999999471e-01
1.702688155554292440e+09 1.079509399999999987e-02 -1.895769999999999910e-04 1.477489620000000115e-01 2.105519000000000140e-03 7.427283399999999591e-02 -4.616974000000000251e-03 9.972250459999999483e-01
1.702688155929741621e+09 1.091571499999999945e-02 -1.867580000000000032e-04 1.493952869999999877e-01 1.278856999999999997e-03 5.716219200000000056e-02 -3.526444000000000106e-03 9.983578920000000245e-01
1.702688156385321617e+09 1.093424900000000005e-02 -1.518439999999999916e-04 1.513242270000000056e-01 5.817580000000000364e-04 3.943193300000000234e-02 -4.711031000000000073e-03 9.992110130000000368e-01
1.702688156803107023e+09 1.104120800000000027e-02 -1.978039999999999920e-04 1.532782169999999944e-01 2.137897000000000148e-03 1.658826500000000134e-02 -4.717154999999999786e-03 9.998490209999999490e-01
1.702688157262421131e+09 1.105709600000000063e-02 -1.654589999999999891e-04 1.554996369999999961e-01 6.314849999999999890e-04 -4.273350000000000412e-03 -5.558828000000000033e-03 9.999752640000000303e-01
1.702688157676053047e+09 1.079743199999999917e-02 -1.960560000000000080e-04 1.573545189999999983e-01 -1.444933000000000025e-03 -2.263208900000000107e-02 -5.333983999999999948e-03 9.997286199999999567e-01
1.702688158052988529e+09 1.074830700000000035e-02 -2.142620000000000028e-04 1.590917860000000128e-01 -1.509609999999999988e-03 -2.828573800000000124e-02 -6.163481999999999641e-03 9.995797279999999452e-01
1.702688158345129251e+09 1.062654700000000008e-02 -1.532430000000000099e-04 1.603612749999999976e-01 5.246999999999999908e-06 -2.751306300000000080e-02 -6.348920000000000084e-03 9.996013049999999955e-01
1.702688158676171541e+09 1.066592100000000008e-02 -1.587009999999999972e-04 1.619526890000000108e-01 1.216370000000000011e-04 -1.736779100000000048e-02 -6.456978000000000370e-03 9.998283390000000104e-01
1.702688159050511360e+09 1.059075699999999925e-02 -1.314560000000000099e-04 1.637127549999999876e-01 1.880650000000000095e-04 -1.977984199999999887e-02 -6.203863999999999906e-03 9.997851250000000523e-01
1.702688159927341223e+09 1.019844599999999990e-02 -1.536990000000000068e-04 1.676602359999999903e-01 -1.330939999999999966e-04 -3.565847500000000198e-02 -5.857358000000000009e-03 9.993468519999999522e-01
1.702688160345999956e+09 1.007668200000000000e-02 -1.767410000000000075e-04 1.695873440000000010e-01 -7.031020000000000455e-04 -2.891664999999999860e-02 -5.831649000000000381e-03 9.995645880000000316e-01
1.702688161091637850e+09 1.005036999999999944e-02 -1.573129999999999895e-04 1.730106919999999937e-01 2.515499999999999887e-05 -9.756479999999999667e-04 -5.868578999999999636e-03 9.999822969999999644e-01
1.702688161424399853e+09 1.011830900000000068e-02 -1.665290000000000043e-04 1.745096889999999956e-01 5.766560000000000435e-04 -1.200965000000000019e-03 -6.000130000000000220e-03 9.999811050000000368e-01
1.702688161759967089e+09 1.008327499999999918e-02 -1.780890000000000088e-04 1.760173140000000080e-01 2.182153000000000044e-03 -3.291824999999999959e-03 -5.890165000000000158e-03 9.999748469999999445e-01
1.702688162173366308e+09 1.012287800000000008e-02 -2.059580000000000091e-04 1.778857409999999861e-01 1.175672999999999909e-03 8.363109999999999555e-04 -5.769693999999999691e-03 9.999822969999999644e-01
1.702688162630950689e+09 1.012684900000000027e-02 -1.896549999999999994e-04 1.799873260000000030e-01 1.218441999999999919e-03 4.832422000000000280e-03 -5.259932000000000149e-03 9.999737739999999819e-01
1.702688163094022989e+09 1.019527800000000033e-02 -1.703370000000000058e-04 1.820654270000000019e-01 2.429301000000000030e-03 1.395401999999999927e-02 -5.694468999999999746e-03 9.998834730000000226e-01
1.702688163590433121e+09 1.004551000000000055e-02 -1.675550000000000043e-04 1.842920180000000019e-01 1.525083999999999902e-03 2.299586299999999833e-02 -5.743139000000000403e-03 9.997179510000000491e-01
1.702688164215002298e+09 1.038199499999999977e-02 -1.612879999999999913e-04 1.870739309999999989e-01 3.332017999999999959e-03 3.323052099999999898e-02 -6.006652999999999819e-03 9.994241000000000374e-01
1.702688164717071772e+09 1.040236800000000038e-02 -1.575869999999999940e-04 1.893012079999999986e-01 2.167740999999999939e-03 3.146288500000000293e-02 -7.015651999999999826e-03 9.994779230000000458e-01
1.702688165090841532e+09 1.050387499999999932e-02 -1.165479999999999961e-04 1.909619120000000114e-01 1.857771000000000032e-03 3.190568099999999824e-02 -6.501667000000000037e-03 9.994680289999999800e-01
1.702688165420024157e+09 1.067192599999999998e-02 -1.210310000000000005e-04 1.924599559999999876e-01 2.805249000000000111e-03 3.443274300000000177e-02 -7.408093999999999617e-03 9.993756409999999812e-01
1.702688165756370783e+09 1.060824600000000000e-02 -1.422949999999999920e-04 1.938749999999999918e-01 2.967847999999999927e-03 3.033898599999999834e-02 -8.434441000000000854e-03 9.994996790000000297e-01
1.702688166092609167e+09 1.061856599999999942e-02 -1.573500000000000029e-04 1.952814160000000132e-01 2.739282000000000002e-03 3.800110100000000241e-02 -9.421288999999999358e-03 9.992295500000000219e-01
1.702688166377053976e+09 1.059531300000000030e-02 -1.440889999999999955e-04 1.964751479999999884e-01 3.215664000000000022e-03 4.647126000000000035e-02 -9.780992000000000505e-03 9.988665580000000155e-01
1.702688166671587467e+09 1.063985800000000030e-02 -1.908360000000000004e-04 1.977763029999999866e-01 2.646496999999999825e-03 3.598113000000000006e-02 -9.921601999999999852e-03 9.992997649999999510e-01
1.702688167044433355e+09 1.059814400000000031e-02 -1.613440000000000056e-04 1.992990970000000084e-01 1.587218999999999956e-03 4.227937400000000151e-02 -1.026281199999999963e-02 9.990518689999999813e-01
1.702688167377027988e+09 1.060823999999999968e-02 -1.882499999999999950e-04 2.004839479999999952e-01 1.309690000000000073e-03 6.065580200000000172e-02 -9.857991999999999450e-03 9.981092209999999909e-01
1.702688167674500942e+09 1.073839600000000075e-02 -1.452120000000000049e-04 2.015456999999999943e-01 1.788688000000000083e-03 6.162651999999999713e-02 -8.510126999999999275e-03 9.980614190000000052e-01
1.702688168000709057e+09 1.076538399999999937e-02 -1.481579999999999865e-04 2.026927020000000024e-01 1.095491000000000086e-03 6.990795599999999332e-02 -5.541604999999999795e-03 9.975374940000000246e-01
1.702688168294542551e+09 1.071588499999999965e-02 -1.847060000000000032e-04 2.036883090000000118e-01 8.613829999999999621e-04 7.686472699999999381e-02 -6.637851000000000168e-03 9.970190530000000440e-01
1.702688168919243574e+09 1.081979299999999942e-02 -2.355299999999999896e-04 2.056669000000000136e-01 8.754529999999999951e-04 9.001011400000000218e-02 -3.928522999999999737e-03 9.959326979999999496e-01
1.702688169208066702e+09 1.081763500000000079e-02 -2.358329999999999899e-04 2.066665440000000076e-01 -4.123590000000000003e-04 9.984817399999999787e-02 -4.439336000000000323e-03 9.949927330000000181e-01
1.702688169459998608e+09 1.079293899999999966e-02 -2.649209999999999933e-04 2.076546850000000055e-01 -1.511961999999999941e-03 1.107792850000000051e-01 -5.262735000000000156e-03 9.938299659999999536e-01
1.702688169716395617e+09 1.073559600000000003e-02 -2.038320000000000095e-04 2.086042459999999932e-01 -1.295020999999999933e-03 1.202100589999999941e-01 -5.144967999999999764e-03 9.927343130000000349e-01
1.702688169999019146e+09 1.064723499999999969e-02 -5.195300000000000352e-04 2.095901370000000097e-01 -5.493160999999999877e-03 1.309874799999999895e-01 -3.490445999999999913e-03 9.913626309999999942e-01
1.702688170629227638e+09 1.083463100000000082e-02 -2.464960000000000198e-04 2.124358560000000062e-01 -9.806050000000000617e-04 1.606784019999999980e-01 2.519115000000000156e-03 9.870030880000000284e-01
1.702688170919453144e+09 1.085430299999999917e-02 -5.844280000000000091e-04 2.134971320000000061e-01 -5.925073000000000319e-03 1.695080250000000066e-01 3.924292999999999705e-03 9.855031969999999975e-01
1.702688171167533875e+09 1.054875100000000031e-02 -8.659520000000000195e-04 2.148883189999999943e-01 -8.028584999999999541e-03 1.843826030000000060e-01 5.575578999999999778e-03 9.828059670000000025e-01
1.702688171455841541e+09 1.048521900000000048e-02 -7.664780000000000161e-04 2.156873350000000078e-01 -7.575056999999999624e-03 1.905513410000000130e-01 5.523766999999999740e-03 9.816324709999999509e-01
1.702688171998087168e+09 9.605593000000000811e-03 -5.882679999999999724e-04 2.174497989999999992e-01 -9.270540000000000724e-03 2.039106489999999994e-01 3.429787000000000113e-03 9.789396519999999935e-01
1.702688172207362890e+09 9.439536999999999581e-03 -5.430730000000000366e-04 2.173645349999999976e-01 -8.603896999999999240e-03 2.028346659999999968e-01 3.440053000000000208e-03 9.791691300000000542e-01
1.702688172457218885e+09 8.846836999999999757e-03 -9.709809999999999925e-04 2.178476149999999945e-01 -1.206667999999999977e-02 2.083213630000000094e-01 2.610044000000000166e-03 9.779825210000000490e-01
1.702688172673476934e+09 8.347881999999999178e-03 -1.104981000000000105e-03 2.180784789999999917e-01 -1.459406199999999966e-02 2.110760509999999868e-01 1.661532000000000070e-03 9.773592949999999613e-01
1.702688172999772787e+09 8.617816000000000365e-03 -1.381824000000000030e-03 2.187179920000000000e-01 -1.806521999999999989e-02 1.829521060000000032e-01 2.345574000000000010e-03 9.829530720000000388e-01
1.702688173830940485e+09 8.012704000000000701e-03 -1.743154000000000014e-03 2.211535870000000126e-01 -2.468757300000000085e-02 1.122784690000000057e-01 6.697243999999999767e-03 9.933475259999999807e-01
1.702688174047827959e+09 8.133098000000000063e-03 -1.484733999999999924e-03 2.219453600000000082e-01 -2.017853600000000039e-02 9.286502000000000645e-02 6.591562999999999936e-03 9.954524040000000129e-01
1.702688174203967094e+09 8.300760000000000777e-03 -1.425676000000000070e-03 2.225691230000000076e-01 -1.908401399999999984e-02 7.684947599999999990e-02 5.545182000000000062e-03 9.968446490000000271e-01
1.702688175411400080e+09 9.720493000000000189e-03 -8.698700000000000182e-04 2.270439569999999907e-01 -1.364030400000000066e-02 -4.465092699999999998e-02 1.052164799999999976e-02 9.988541010000000497e-01
1.702688175585099220e+09 9.875738999999999698e-03 -9.249790000000000356e-04 2.273231300000000121e-01 -1.402853100000000033e-02 -5.219486400000000054e-02 9.512681000000000262e-03 9.984930749999999522e-01
1.702688175910892725e+09 1.011517299999999987e-02 -1.046379999999999966e-03 2.280714809999999926e-01 -1.938301099999999860e-02 -6.942525500000000516e-02 8.436387000000000053e-03 9.973631499999999761e-01
1.702688176244094372e+09 1.021759600000000066e-02 -1.057804000000000079e-03 2.290315330000000094e-01 -2.231185700000000091e-02 -9.066910999999999721e-02 8.810004999999999226e-03 9.955921170000000542e-01
1.702688176371306896e+09 1.031000200000000040e-02 -1.126302999999999940e-03 2.291226829999999937e-01 -2.385119000000000128e-02 -9.451451199999999497e-02 7.574375999999999852e-03 9.952089189999999697e-01
1.702688176578627110e+09 1.061466900000000019e-02 -1.269263000000000075e-03 2.298284620000000111e-01 -2.644992800000000102e-02 -1.124830539999999990e-01 5.260726999999999765e-03 9.932876229999999529e-01
1.702688176784389257e+09 1.062603600000000016e-02 -1.336780999999999994e-03 2.302307190000000003e-01 -2.834446499999999924e-02 -1.215853620000000024e-01 3.598239000000000038e-03 9.921696779999999993e-01
1.702688176958643913e+09 1.061655199999999959e-02 -1.342642999999999918e-03 2.304785699999999937e-01 -2.927449700000000002e-02 -1.277693209999999913e-01 3.052393999999999941e-03 9.913671020000000000e-01
1.702688177162247181e+09 1.060127100000000065e-02 -1.352637000000000067e-03 2.306562219999999941e-01 -2.954541100000000059e-02 -1.313683690000000126e-01 2.764767999999999913e-03 9.908893699999999916e-01
1.702688177332334995e+09 1.057073799999999966e-02 -1.405261000000000097e-03 2.307147830000000066e-01 -3.252463800000000155e-02 -1.300764530000000085e-01 2.588955999999999896e-03 9.909669760000000549e-01
1.702688178076714277e+09 1.029974799999999920e-02 -1.474791999999999943e-03 2.313313039999999876e-01 -3.743997599999999981e-02 -1.398127229999999999e-01 -9.138419999999999963e-04 9.894694689999999904e-01
1.702688178749221563e+09 9.970542000000000640e-03 -1.385893000000000021e-03 2.319187669999999979e-01 -3.547440799999999894e-02 -1.602089549999999862e-01 -2.585038000000000006e-03 9.864420889999999664e-01
1.702688178908134699e+09 9.890978999999999396e-03 -1.446012999999999899e-03 2.320401069999999955e-01 -3.886616600000000060e-02 -1.656263920000000112e-01 -2.231620000000000131e-03 9.854198690000000038e-01
1.702688179282643557e+09 9.714333000000000343e-03 -1.450087999999999985e-03 2.323659210000000030e-01 -4.191770400000000008e-02 -1.788015219999999905e-01 -2.987992000000000078e-03 9.829872849999999884e-01
1.702688179450808048e+09 9.618645999999999793e-03 -1.423844000000000064e-03 2.325267639999999969e-01 -4.023629399999999884e-02 -1.860425470000000026e-01 -3.166032999999999955e-03 9.817124010000000123e-01
1.702688179617077351e+09 9.544231000000000242e-03 -1.433954000000000088e-03 2.326953109999999880e-01 -4.092998800000000048e-02 -1.936316040000000127e-01 -2.656584999999999936e-03 9.802165630000000407e-01
1.702688179782906532e+09 9.477732000000000864e-03 -1.483444999999999903e-03 2.328289600000000015e-01 -4.426006600000000069e-02 -2.006686930000000091e-01 -2.708872000000000189e-03 9.786551000000000000e-01
1.702688179954319000e+09 9.392160000000000092e-03 -1.511869000000000103e-03 2.329830529999999955e-01 -4.733527099999999821e-02 -2.072441580000000116e-01 -2.407003999999999914e-03 9.771404270000000336e-01
1.702688180116604328e+09 9.307120999999999797e-03 -1.510396999999999912e-03 2.331290540000000022e-01 -4.688271100000000052e-02 -2.140347059999999912e-01 -2.113517999999999994e-03 9.756980539999999813e-01
1.702688180869033098e+09 8.782810999999999743e-03 -1.550851999999999916e-03 2.338880899999999929e-01 -5.117510599999999799e-02 -2.471707019999999921e-01 -2.383772000000000148e-03 9.676167369999999490e-01
1.702688181286049604e+09 8.473061000000000481e-03 -1.573041999999999973e-03 2.343104030000000004e-01 -5.263645200000000024e-02 -2.689562440000000110e-01 1.835751000000000049e-03 9.617112869999999702e-01
1.702688181489593744e+09 8.357275000000000814e-03 -1.551318000000000098e-03 2.344417870000000126e-01 -5.210313899999999970e-02 -2.780799270000000045e-01 2.336037000000000009e-03 9.591409560000000445e-01
1.702688181907257557e+09 8.022583999999999271e-03 -1.524207000000000079e-03 2.348144050000000038e-01 -5.532497499999999846e-02 -2.968533640000000084e-01 3.910109999999999628e-03 9.533110860000000297e-01
1.702688182116979122e+09 7.872541999999999734e-03 -1.510199999999999954e-03 2.349534030000000051e-01 -5.600750100000000120e-02 -3.066355880000000145e-01 4.316476999999999987e-03 9.501679539999999813e-01
1.702688182329205513e+09 7.717703999999999710e-03 -1.502875999999999995e-03 2.351788429999999985e-01 -5.765700299999999834e-02 -3.179077209999999765e-01 4.592622999999999671e-03 9.463557599999999903e-01
1.702688182951270819e+09 7.201551999999999953e-03 -1.414684999999999944e-03 2.357373680000000027e-01 -5.859507600000000288e-02 -3.539930279999999874e-01 5.631007000000000373e-03 9.333937169999999561e-01
1.702688183156931400e+09 7.035322000000000103e-03 -1.386662000000000094e-03 2.359406049999999977e-01 -5.851628600000000069e-02 -3.682228330000000271e-01 6.551842999999999903e-03 9.278711680000000239e-01
1.702688183326176405e+09 6.893970000000000133e-03 -1.375895999999999933e-03 2.360614239999999919e-01 -5.796860200000000102e-02 -3.780078290000000174e-01 7.571371999999999824e-03 9.239547849999999451e-01
1.702688183571993589e+09 6.648387999999999867e-03 -1.340660000000000029e-03 2.362355289999999997e-01 -5.808122799999999863e-02 -3.968547579999999741e-01 8.592182000000000291e-03 9.160016779999999859e-01
1.702688183780685425e+09 6.465666000000000121e-03 -1.312163000000000088e-03 2.363974450000000116e-01 -5.670686099999999730e-02 -4.125302730000000029e-01 1.025546899999999970e-02 9.091193680000000388e-01
1.702688183988583326e+09 6.272815000000000162e-03 -1.307379000000000006e-03 2.365085329999999930e-01 -5.846469499999999708e-02 -4.256516989999999945e-01 1.137240899999999999e-02 9.029247759999999845e-01
1.702688184197786093e+09 6.079756000000000396e-03 -1.277949000000000012e-03 2.366257160000000137e-01 -5.667687999999999893e-02 -4.405367079999999991e-01 1.178717599999999990e-02 8.958661559999999691e-01
1.702688184446985245e+09 5.851440000000000287e-03 -1.274598999999999958e-03 2.368523780000000023e-01 -5.860063100000000025e-02 -4.636029300000000242e-01 1.308590199999999995e-02 8.840062619999999871e-01
1.702688184699704170e+09 5.635679000000000209e-03 -1.271074999999999983e-03 2.369728389999999907e-01 -5.882606700000000272e-02 -4.843535130000000133e-01 1.498316400000000020e-02 8.727638130000000549e-01
1.702688184988913059e+09 5.341664000000000308e-03 -1.233616000000000096e-03 2.370604869999999864e-01 -5.608860799999999813e-02 -5.048890710000000226e-01 1.689282400000000073e-02 8.611943720000000413e-01
1.702688185196165562e+09 5.170822000000000265e-03 -1.235750999999999994e-03 2.371528740000000135e-01 -5.587095000000000256e-02 -5.209891800000000517e-01 1.801524700000000159e-02 8.515422339999999535e-01
1.702688185402609587e+09 4.943073000000000085e-03 -1.225315999999999949e-03 2.372412829999999972e-01 -5.727015399999999673e-02 -5.389115209999999490e-01 1.870928300000000016e-02 8.402050140000000278e-01
1.702688185582665443e+09 4.800126000000000046e-03 -1.202621000000000072e-03 2.373211980000000110e-01 -5.698150400000000226e-02 -5.528540610000000077e-01 2.013856699999999958e-02 8.310836550000000322e-01
1.702688185745023489e+09 4.632428000000000066e-03 -1.196489000000000016e-03 2.373145819999999961e-01 -5.642928900000000053e-02 -5.639676449999999619e-01 1.928353299999999854e-02 8.236409430000000143e-01
1.702688185905757666e+09 4.484280999999999684e-03 -1.180150999999999943e-03 2.373927680000000040e-01 -5.640291800000000327e-02 -5.778383609999999670e-01 2.050490099999999899e-02 8.139417169999999535e-01
1.702688186032140255e+09 4.377171000000000013e-03 -1.160774000000000051e-03 2.374238519999999908e-01 -5.620162599999999758e-02 -5.857519509999999929e-01 2.160367200000000085e-02 8.082508440000000238e-01
1.702688186195514202e+09 4.282995999999999852e-03 -1.185073999999999936e-03 2.374180850000000009e-01 -5.581769000000000314e-02 -5.939876440000000368e-01 2.112034700000000112e-02 8.022574780000000239e-01
1.702688186527632236e+09 4.036203000000000360e-03 -1.174359999999999944e-03 2.374635639999999881e-01 -5.502752999999999811e-02 -6.158859129999999515e-01 2.234450899999999851e-02 7.855935689999999916e-01
1.702688186734789371e+09 3.960744000000000417e-03 -1.158488000000000052e-03 2.374520900000000045e-01 -5.397047800000000228e-02 -6.191722750000000497e-01 2.307708699999999960e-02 7.830583450000000445e-01
1.702688186902578831e+09 3.854632000000000197e-03 -1.144651999999999909e-03 2.374730409999999958e-01 -5.335115299999999838e-02 -6.256769300000000200e-01 2.459115300000000101e-02 7.778672580000000059e-01
1.702688187162397385e+09 3.566697000000000183e-03 -1.145275999999999976e-03 2.375300079999999869e-01 -5.490431600000000162e-02 -6.189035769999999825e-01 2.280517500000000045e-02 7.832137350000000220e-01
1.702688187323381901e+09 3.387808999999999873e-03 -1.130848000000000053e-03 2.376102810000000065e-01 -5.579949199999999915e-02 -6.179727910000000213e-01 2.232871000000000161e-02 7.838988900000000148e-01
1.702688187609114408e+09 3.043085000000000061e-03 -1.113185999999999950e-03 2.376760539999999977e-01 -5.515290800000000049e-02 -6.213450430000000413e-01 2.160267499999999827e-02 7.812948819999999683e-01
1.702688187860750198e+09 2.753138999999999934e-03 -1.092005000000000059e-03 2.377073170000000013e-01 -5.467293000000000153e-02 -6.236099000000000503e-01 2.327772800000000100e-02 7.794740199999999897e-01
1.702688188108237743e+09 2.461924999999999791e-03 -1.082187000000000079e-03 2.377896899999999980e-01 -5.557236100000000067e-02 -6.247500179999999625e-01 2.303529899999999866e-02 7.785039540000000535e-01
1.702688188402009487e+09 2.116039000000000114e-03 -1.065317999999999994e-03 2.378418589999999888e-01 -5.526990799999999954e-02 -6.234947440000000451e-01 2.199737900000000093e-02 7.795612219999999981e-01
1.702688188733481646e+09 1.758515999999999899e-03 -1.036334000000000083e-03 2.379481639999999898e-01 -5.436165300000000283e-02 -6.138114930000000413e-01 2.228648600000000118e-02 7.872633340000000368e-01
1.702688189024328232e+09 1.407995999999999900e-03 -1.010683000000000067e-03 2.380380029999999980e-01 -5.445826399999999928e-02 -6.178774830000000051e-01 2.324834099999999876e-02 7.840416430000000103e-01
1.702688189316132784e+09 1.063942999999999920e-03 -9.847939999999999906e-04 2.380886670000000038e-01 -5.350848700000000041e-02 -6.316916350000000291e-01 2.474732699999999952e-02 7.729749080000000161e-01
1.702688189567132950e+09 7.612709999999999963e-04 -9.830600000000000102e-04 2.381196919999999939e-01 -5.463821399999999745e-02 -6.409440640000000355e-01 2.500629099999999994e-02 7.652320270000000368e-01
1.702688189857180834e+09 4.160850000000000117e-04 -9.497019999999999681e-04 2.381890120000000055e-01 -5.434094400000000213e-02 -6.354361769999999909e-01 2.274460000000000023e-02 7.699030639999999703e-01
1.702688190193979025e+09 1.403699999999999961e-05 -9.182269999999999755e-04 2.382549790000000056e-01 -5.379240200000000305e-02 -6.535234450000000361e-01 2.458331500000000142e-02 7.545920609999999806e-01
1.702688190439844131e+09 -2.675949999999999748e-04 -9.126559999999999707e-04 2.382722049999999869e-01 -5.217716800000000293e-02 -6.609702710000000536e-01 2.469651999999999958e-02 7.481884359999999567e-01
1.702688190648777485e+09 -5.217050000000000203e-04 -9.039599999999999849e-04 2.383110230000000107e-01 -5.312009899999999701e-02 -6.520553230000000200e-01 2.354919700000000088e-02 7.559415099999999832e-01
1.702688190982280731e+09 -9.126069999999999582e-04 -8.931769999999999900e-04 2.383988949999999996e-01 -5.422302300000000214e-02 -6.466200949999999503e-01 2.472034500000000121e-02 7.604809399999999941e-01
1.702688191236978531e+09 -1.203194000000000095e-03 -8.768919999999999926e-04 2.384194430000000087e-01 -5.319962300000000144e-02 -6.576861139999999883e-01 2.553657399999999938e-02 7.509770989999999813e-01
1.702688191484062672e+09 -1.491382999999999988e-03 -8.786049999999999676e-04 2.384653089999999864e-01 -5.335195000000000215e-02 -6.558515430000000368e-01 2.591495400000000046e-02 7.525561450000000097e-01
1.702688191730968475e+09 -1.781030999999999977e-03 -8.618309999999999686e-04 2.385501859999999974e-01 -5.362378400000000073e-02 -6.447926760000000090e-01 2.599016800000000099e-02 7.620311379999999968e-01
1.702688191980682611e+09 -2.061500999999999872e-03 -8.491710000000000187e-04 2.385884819999999906e-01 -5.288725300000000212e-02 -6.430461410000000155e-01 2.784721199999999966e-02 7.634914520000000149e-01
1.702688192230899811e+09 -2.377569999999999857e-03 -8.265180000000000443e-04 2.386692019999999970e-01 -5.415050300000000261e-02 -6.299025419999999542e-01 2.501109799999999897e-02 7.743804450000000283e-01
1.702688192523174286e+09 -2.709820999999999844e-03 -7.848469999999999752e-04 2.387330229999999887e-01 -5.332113100000000078e-02 -6.206843260000000084e-01 2.348861099999999952e-02 7.818926569999999909e-01
1.702688192770281076e+09 -3.006607000000000116e-03 -7.630070000000000081e-04 2.388329060000000115e-01 -5.432390399999999925e-02 -6.094264390000000420e-01 2.241701800000000036e-02 7.906616929999999988e-01
1.702688193020732164e+09 -3.293172000000000026e-03 -7.495719999999999987e-04 2.388895600000000008e-01 -5.679854799999999732e-02 -6.159588099999999677e-01 2.165113899999999980e-02 7.854297759999999684e-01
1.702688193271674395e+09 -3.590181000000000015e-03 -7.324919999999999522e-04 2.389482559999999978e-01 -5.465438999999999714e-02 -6.222935910000000348e-01 2.197962300000000022e-02 7.805643079999999845e-01
1.702688193607238770e+09 -3.974809999999999628e-03 -7.085299999999999671e-04 2.390519680000000036e-01 -5.491502599999999873e-02 -6.132031079999999967e-01 2.132141400000000034e-02 7.877256870000000077e-01
1.702688193897326946e+09 -4.292994999999999971e-03 -6.927689999999999803e-04 2.391466499999999884e-01 -5.363592899999999886e-02 -6.038534639999999509e-01 2.185520000000000171e-02 7.949884529999999838e-01
1.702688194188029766e+09 -4.634529000000000079e-03 -6.677690000000000231e-04 2.392565459999999866e-01 -5.388757200000000164e-02 -5.995978119999999523e-01 2.160686800000000130e-02 7.981927389999999845e-01
1.702688194482695818e+09 -4.952966999999999960e-03 -6.481829999999999840e-04 2.393612119999999899e-01 -5.308632900000000154e-02 -5.955000520000000019e-01 2.105634500000000062e-02 8.013226989999999716e-01
1.702688194771994114e+09 -5.295916999999999812e-03 -6.225690000000000087e-04 2.394638360000000132e-01 -5.526147800000000276e-02 -5.952176449999999619e-01 2.045156999999999878e-02 8.014011979999999813e-01
1.702688195104681492e+09 -5.667016000000000414e-03 -6.086719999999999891e-04 2.395580710000000113e-01 -5.490057899999999796e-02 -5.948109630000000259e-01 2.242381300000000077e-02 8.016751410000000355e-01
1.702688195436059237e+09 -6.040633000000000113e-03 -5.867000000000000036e-04 2.396675799999999912e-01 -5.374807499999999932e-02 -5.868210200000000265e-01 2.149212899999999871e-02 8.076449039999999968e-01
1.702688195728476763e+09 -6.374776000000000400e-03 -5.631819999999999622e-04 2.397598479999999976e-01 -5.355976500000000223e-02 -5.810934309999999936e-01 1.989001599999999995e-02 8.118289709999999548e-01
1.702688196023416281e+09 -6.700099000000000159e-03 -5.451429999999999948e-04 2.398925719999999984e-01 -5.331964399999999937e-02 -5.788035990000000020e-01 1.950333500000000012e-02 8.134881259999999781e-01
1.702688196309544563e+09 -7.037431000000000242e-03 -5.109249999999999643e-04 2.400405559999999883e-01 -5.454461599999999716e-02 -5.703775880000000464e-01 1.839985699999999863e-02 8.193629980000000090e-01
1.702688196644497156e+09 -7.416769999999999613e-03 -4.571889999999999895e-04 2.401431800000000116e-01 -5.285503700000000055e-02 -5.596441030000000039e-01 1.964283400000000138e-02 8.268125649999999993e-01
1.702688197020501137e+09 -8.079371999999999596e-03 -3.561370000000000226e-04 2.403212040000000105e-01 -5.082044000000000145e-02 -5.406872029999999496e-01 1.950651600000000152e-02 8.394606709999999916e-01
1.702688197309878588e+09 -8.102506000000000638e-03 -3.787479999999999862e-04 2.402822380000000091e-01 -5.633446599999999971e-02 -5.326026680000000013e-01 1.756873899999999988e-02 8.443057539999999639e-01
1.702688197560470819e+09 -8.302696000000000034e-03 -3.822039999999999747e-04 2.405017760000000004e-01 -5.667312800000000317e-02 -5.230780240000000303e-01 1.701398200000000041e-02 8.502282500000000187e-01
1.702688197808630466e+09 -8.483960999999999933e-03 -3.909399999999999941e-04 2.409078480000000078e-01 -5.693876400000000282e-02 -5.196361539999999613e-01 1.495118200000000036e-02 8.523571490000000361e-01
1.702688198068964243e+09 -8.690125999999999407e-03 -4.714760000000000240e-04 2.408525049999999945e-01 -6.033433199999999746e-02 -5.022959110000000393e-01 1.276424999999999955e-02 8.624938730000000220e-01
1.702688198362723827e+09 -9.006612000000000645e-03 -3.872980000000000042e-04 2.410754260000000093e-01 -6.026200599999999991e-02 -4.912855919999999932e-01 1.265547799999999952e-02 8.688191769999999980e-01
1.702688198772525311e+09 -9.409591999999999609e-03 -3.388330000000000270e-04 2.413883510000000010e-01 -5.917281700000000255e-02 -4.743517039999999851e-01 1.176683100000000017e-02 8.782656789999999658e-01
1.702688199020442486e+09 -9.629956999999999753e-03 -3.175690000000000218e-04 2.415519509999999870e-01 -5.808375799999999922e-02 -4.697751700000000197e-01 1.177482000000000008e-02 8.807944659999999981e-01
1.702688199229028463e+09 -9.818174000000000692e-03 -2.894670000000000121e-04 2.416907849999999913e-01 -5.736272399999999688e-02 -4.646619260000000029e-01 1.217480999999999945e-02 8.835443259999999910e-01
1.702688199435713768e+09 -9.994200999999999432e-03 -2.776449999999999751e-04 2.418575289999999878e-01 -5.838238400000000244e-02 -4.607448880000000191e-01 1.166457299999999926e-02 8.855335119999999671e-01
1.702688199642146349e+09 -1.017969099999999939e-02 -2.672230000000000265e-04 2.419557119999999895e-01 -5.848576500000000206e-02 -4.559014439999999890e-01 1.145734500000000072e-02 8.880326750000000491e-01
1.702688199933295965e+09 -1.045789599999999951e-02 -2.320900000000000090e-04 2.421191329999999864e-01 -5.680038800000000027e-02 -4.520017800000000197e-01 1.094002699999999974e-02 8.901395800000000413e-01
1.702688200390556574e+09 -1.087380899999999991e-02 -1.873509999999999889e-04 2.424667179999999977e-01 -5.703169899999999820e-02 -4.578964110000000032e-01 1.205250299999999913e-02 8.870924709999999935e-01
1.702688200598961830e+09 -1.108190400000000006e-02 -1.683370000000000114e-04 2.425816060000000052e-01 -5.847015199999999746e-02 -4.590919319999999804e-01 1.175216899999999981e-02 8.863846659999999877e-01
1.702688200807152271e+09 -1.127044100000000083e-02 -1.571590000000000042e-04 2.426921280000000070e-01 -5.758551099999999895e-02 -4.624200760000000132e-01 1.275134799999999916e-02 8.846971390000000213e-01
1.702688201022895813e+09 -1.145973100000000078e-02 -1.135519999999999997e-04 2.428267299999999906e-01 -5.802754699999999877e-02 -4.669910669999999819e-01 1.315254499999999986e-02 8.822579980000000432e-01
1.702688201432756662e+09 -1.188434699999999997e-02 -9.829500000000000672e-05 2.430429460000000097e-01 -5.996748400000000145e-02 -4.819868210000000097e-01 1.292606500000000047e-02 8.740283850000000188e-01
1.702688201638522863e+09 -1.208373199999999981e-02 -7.119100000000000330e-05 2.431675199999999981e-01 -5.954034999999999883e-02 -4.829411209999999732e-01 1.230890500000000019e-02 8.735395070000000484e-01
1.702688201849465132e+09 -1.229690800000000049e-02 -3.878200000000000240e-05 2.433103319999999903e-01 -5.984838299999999806e-02 -4.815357920000000180e-01 1.177115599999999963e-02 8.743014340000000439e-01
1.702688202059644461e+09 -1.250977799999999918e-02 -1.152299999999999962e-05 2.434321939999999906e-01 -6.004368899999999731e-02 -4.843805729999999810e-01 1.130042099999999973e-02 8.727213139999999703e-01
1.702688202564944267e+09 -1.301077800000000062e-02 3.528300000000000083e-05 2.436892840000000060e-01 -5.953965700000000277e-02 -4.905583860000000129e-01 1.293665700000000071e-02 8.692756299999999658e-01
1.702688202808984041e+09 -1.324017299999999918e-02 7.441700000000000257e-05 2.438725230000000077e-01 -5.901445400000000091e-02 -4.891256990000000249e-01 1.273022000000000042e-02 8.701214189999999515e-01
1.702688203055158377e+09 -1.350941500000000031e-02 1.014849999999999948e-04 2.439857569999999976e-01 -5.909283099999999844e-02 -4.805369079999999848e-01 1.094359299999999972e-02 8.749128579999999600e-01
1.702688203307215929e+09 -1.374436899999999934e-02 8.351199999999999596e-05 2.440951759999999970e-01 -5.989609299999999747e-02 -4.749776419999999777e-01 9.785754000000000674e-03 8.779025670000000225e-01
1.702688203554644823e+09 -1.396027199999999927e-02 1.190009999999999945e-04 2.442964609999999925e-01 -5.949432400000000121e-02 -4.623928959999999977e-01 9.902964000000000211e-03 8.846215010000000323e-01
1.702688203805482388e+09 -1.416738000000000025e-02 8.473499999999999424e-05 2.444241339999999874e-01 -5.968533100000000119e-02 -4.421982769999999729e-01 7.809995000000000132e-03 8.948951960000000039e-01
1.702688204055269003e+09 -1.441934299999999940e-02 1.084930000000000063e-04 2.445990739999999997e-01 -5.986825400000000269e-02 -4.299095569999999977e-01 8.429582999999999174e-03 9.008454679999999826e-01
1.702688204305177450e+09 -1.459199899999999959e-02 1.944129999999999968e-04 2.448412030000000073e-01 -5.842834000000000222e-02 -4.199886319999999729e-01 7.633250999999999752e-03 9.056144360000000226e-01
1.702688204556324959e+09 -1.474387199999999988e-02 1.618609999999999873e-04 2.450044299999999953e-01 -6.015159600000000162e-02 -4.094809890000000174e-01 5.638676999999999925e-03 9.103160500000000432e-01
1.702688205057054520e+09 -1.521135099999999969e-02 2.212360000000000075e-04 2.453960179999999935e-01 -6.004111799999999749e-02 -3.771591779999999838e-01 3.345049000000000113e-03 9.241941569999999606e-01
1.702688205303340197e+09 -1.537772599999999955e-02 2.691670000000000065e-04 2.456272989999999934e-01 -5.930997100000000299e-02 -3.634421829999999742e-01 2.500481000000000145e-03 9.297235609999999761e-01
1.702688205556969404e+09 -1.553712600000000006e-02 2.271320000000000066e-04 2.458021489999999976e-01 -6.245369099999999868e-02 -3.477596640000000239e-01 -2.027689999999999961e-04 9.355013370000000439e-01
1.702688205804789782e+09 -1.567473999999999951e-02 2.935580000000000242e-04 2.460563329999999882e-01 -6.095867199999999847e-02 -3.278334740000000136e-01 -1.034921999999999969e-03 9.427663090000000246e-01
1.702688206013332129e+09 -1.579292900000000069e-02 3.137810000000000100e-04 2.462190840000000047e-01 -6.159646800000000144e-02 -3.078168629999999961e-01 -1.876267999999999946e-03 9.494478109999999749e-01
1.702688206222782612e+09 -1.596126000000000142e-02 3.540309999999999855e-04 2.463555040000000029e-01 -5.878220900000000193e-02 -2.864545880000000100e-01 -3.200984999999999941e-03 9.562835690000000000e-01
1.702688206469336510e+09 -1.597525199999999881e-02 3.552270000000000059e-04 2.463734750000000084e-01 -6.081654499999999963e-02 -2.661826609999999871e-01 -1.693047999999999949e-03 9.620007280000000272e-01
1.702688206716457844e+09 -1.604285500000000170e-02 4.017630000000000224e-04 2.467242930000000112e-01 -6.066290700000000202e-02 -2.440687270000000131e-01 -3.610182999999999882e-03 9.678519960000000477e-01
1.702688206968369007e+09 -1.621019099999999880e-02 3.924080000000000146e-04 2.469726200000000038e-01 -6.191112499999999741e-02 -2.176356760000000001e-01 -6.710774000000000079e-03 9.740414619999999690e-01
1.702688207177043438e+09 -1.632044100000000150e-02 3.727189999999999800e-04 2.471181600000000034e-01 -6.257592100000000657e-02 -1.968496590000000102e-01 -8.531168999999999905e-03 9.783975480000000058e-01
1.702688207429315329e+09 -1.641008299999999892e-02 4.053980000000000105e-04 2.474236340000000034e-01 -6.288864500000000690e-02 -1.741946189999999950e-01 -1.290730900000000049e-02 9.826162459999999710e-01
1.702688207678155661e+09 -1.652224199999999948e-02 4.242359999999999816e-04 2.476877869999999926e-01 -6.292193399999999881e-02 -1.517838089999999918e-01 -1.480495700000000053e-02 9.862977859999999541e-01
1.702688207925628185e+09 -1.653891999999999862e-02 4.680819999999999816e-04 2.479733379999999876e-01 -6.269821500000000158e-02 -1.351366790000000095e-01 -1.353711399999999940e-02 9.887486100000000278e-01
1.702688208177550793e+09 -1.660273400000000094e-02 5.212539999999999665e-04 2.482702139999999891e-01 -5.987582699999999952e-02 -1.191832869999999989e-01 -1.460389999999999952e-02 9.909576180000000400e-01
1.702688208386148214e+09 -1.663278600000000010e-02 5.573449999999999975e-04 2.484795750000000081e-01 -6.032571600000000145e-02 -1.118474529999999995e-01 -1.475561700000000039e-02 9.917828440000000523e-01
1.702688208840121508e+09 -1.670045800000000136e-02 6.362639999999999919e-04 2.490170150000000082e-01 -6.141821299999999928e-02 -1.032028499999999988e-01 -1.307050600000000083e-02 9.926762580000000336e-01
1.702688209050862312e+09 -1.673610700000000007e-02 6.406639999999999904e-04 2.491769050000000041e-01 -6.367383199999999965e-02 -1.054402890000000065e-01 -1.239311599999999916e-02 9.923076029999999825e-01
1.702688209264755249e+09 -1.680542299999999989e-02 6.778609999999999801e-04 2.494318339999999912e-01 -6.558559799999999496e-02 -1.114681359999999954e-01 -8.448861999999999692e-03 9.915654659999999510e-01
1.702688209764120340e+09 -1.693156900000000048e-02 7.752160000000000127e-04 2.499444190000000010e-01 -6.797005200000000302e-02 -1.202400029999999981e-01 -1.209789900000000050e-02 9.903414249999999974e-01
1.702688210008157015e+09 -1.703662400000000021e-02 8.082000000000000208e-04 2.501969039999999977e-01 -6.531836100000000533e-02 -1.266884650000000001e-01 -2.034503000000000006e-02 9.895805720000000472e-01
1.702688210258058786e+09 -1.714649999999999855e-02 8.223110000000000488e-04 2.504456939999999965e-01 -6.529646399999999851e-02 -1.454349159999999974e-01 -2.272022900000000151e-02 9.869492650000000200e-01
1.702688210552779913e+09 -1.724983899999999945e-02 8.759080000000000034e-04 2.507021429999999884e-01 -5.608197300000000024e-02 -1.648715139999999968e-01 -1.825479799999999916e-02 9.845501180000000296e-01
1.702688211132476091e+09 -1.740101399999999937e-02 9.114960000000000293e-04 2.512262459999999864e-01 -5.035740100000000302e-02 -1.528214960000000011e-01 -1.488780599999999996e-02 9.868577120000000535e-01
1.702688211380555153e+09 -1.744481900000000030e-02 9.087760000000000282e-04 2.514277100000000265e-01 -5.032000699999999993e-02 -1.387401219999999935e-01 -1.721185800000000002e-02 9.888998270000000090e-01
1.702688211673058987e+09 -1.752011100000000141e-02 9.580679999999999622e-04 2.517511840000000167e-01 -5.756433700000000014e-02 -1.193649620000000050e-01 -1.981501999999999916e-02 9.909822339999999619e-01
1.702688212588829279e+09 -1.763299700000000095e-02 1.063773999999999970e-03 2.526994349999999723e-01 -5.484017000000000058e-02 -7.448555499999999496e-02 -1.931675500000000142e-02 9.955256580000000355e-01
1.702688212879506350e+09 -1.766985299999999925e-02 1.098505999999999962e-03 2.530346509999999993e-01 -5.808001000000000136e-02 -5.825068800000000185e-02 -2.183709699999999976e-02 9.963718059999999710e-01
1.702688213169548273e+09 -1.767052200000000101e-02 1.136436000000000000e-03 2.533516290000000226e-01 -5.940141499999999908e-02 -4.405171100000000034e-02 -2.376065000000000121e-02 9.969786409999999988e-01
1.702688213461039782e+09 -1.766576200000000152e-02 1.167424000000000022e-03 2.536476249999999877e-01 -6.024139399999999672e-02 -2.894721600000000131e-02 -2.489043399999999948e-02 9.974535110000000149e-01
1.702688214382885218e+09 -1.765359899999999899e-02 1.270021999999999991e-03 2.545855340000000022e-01 -5.995646100000000256e-02 2.050987599999999980e-02 -2.871484300000000031e-02 9.975771310000000058e-01
1.702688214678100109e+09 -1.762453799999999862e-02 1.304059999999999898e-03 2.548795340000000187e-01 -5.879484100000000046e-02 3.495926800000000167e-02 -2.897275200000000092e-02 9.972370270000000536e-01
1.702688214920897007e+09 -1.762494300000000055e-02 1.327999999999999970e-03 2.551490659999999799e-01 -5.857152100000000139e-02 5.014977600000000008e-02 -3.017116699999999874e-02 9.965661169999999736e-01
1.702688215168448925e+09 -1.758546199999999962e-02 1.351879000000000058e-03 2.553892730000000277e-01 -5.767867699999999764e-02 6.005465200000000003e-02 -3.062704200000000015e-02 9.960565569999999536e-01
1.702688215417400599e+09 -1.754822199999999874e-02 1.381850999999999913e-03 2.556073070000000058e-01 -5.672983100000000140e-02 5.837394700000000242e-02 -2.966828999999999994e-02 9.962399600000000355e-01
1.702688216001829863e+09 -1.751226700000000150e-02 1.436009999999999934e-03 2.562374769999999913e-01 -5.682496699999999706e-02 3.867533799999999661e-02 -3.038624300000000028e-02 9.971719380000000355e-01
1.702688216253287792e+09 -1.748348799999999842e-02 1.472819999999999902e-03 2.564939259999999832e-01 -5.713154699999999780e-02 2.684558199999999978e-02 -2.874503499999999864e-02 9.975916150000000426e-01
1.702688216504587173e+09 -1.746831600000000109e-02 1.505101000000000008e-03 2.567432820000000171e-01 -5.783165199999999728e-02 1.560824499999999976e-02 -2.765039700000000017e-02 9.978213310000000336e-01
1.702688216791003704e+09 -1.748305600000000029e-02 1.528793000000000079e-03 2.570584120000000139e-01 -5.749399599999999860e-02 5.264282999999999810e-03 -2.724829900000000013e-02 9.979600309999999697e-01
1.702688217083516359e+09 -1.747448000000000057e-02 1.587894999999999975e-03 2.573536929999999945e-01 -5.752593699999999921e-02 2.987200000000000131e-05 -2.586223199999999889e-02 9.980089659999999974e-01
1.702688217375742912e+09 -1.748620299999999878e-02 1.618157000000000059e-03 2.576594950000000162e-01 -5.944314600000000226e-02 2.287949000000000059e-03 -2.640810099999999980e-02 9.978797440000000130e-01
1.702688217708326101e+09 -1.748264600000000099e-02 1.657896000000000066e-03 2.580171529999999991e-01 -5.921704700000000182e-02 1.246269499999999933e-02 -2.696844400000000114e-02 9.978029729999999820e-01
1.702688218000645399e+09 -1.748018200000000036e-02 1.679874999999999945e-03 2.583120760000000016e-01 -5.908459399999999723e-02 1.699778999999999873e-02 -2.788322999999999843e-02 9.977187509999999593e-01
1.702688218291604519e+09 -1.746223300000000062e-02 1.718618000000000099e-03 2.586114409999999975e-01 -5.807363200000000003e-02 1.693542699999999943e-02 -2.749313199999999999e-02 9.977899789999999935e-01
1.702688218877532721e+09 -1.743532299999999910e-02 1.801305000000000007e-03 2.592109439999999987e-01 -5.864287199999999867e-02 2.197285200000000105e-02 -2.871319500000000038e-02 9.976240400000000452e-01
1.702688219207016230e+09 -1.743608199999999858e-02 1.844586999999999963e-03 2.595616279999999887e-01 -5.848611100000000035e-02 2.366470199999999927e-02 -2.897198700000000113e-02 9.975870850000000400e-01
1.702688219501702309e+09 -1.740673699999999852e-02 1.883392000000000009e-03 2.598589960000000088e-01 -5.824999499999999886e-02 2.577789499999999859e-02 -2.855220099999999928e-02 9.975606799999999774e-01
1.702688219873607635e+09 -1.736913400000000135e-02 1.915482999999999943e-03 2.602433259999999970e-01 -5.702884099999999679e-02 3.859457399999999955e-02 -2.857329299999999961e-02 9.972170000000000201e-01
1.702688220205154896e+09 -1.736053599999999933e-02 1.960139000000000065e-03 2.605931160000000135e-01 -5.801713099999999956e-02 4.091547799999999818e-02 -2.952408200000000010e-02 9.970397949999999510e-01
1.702688220541430473e+09 -1.730454500000000104e-02 2.003186000000000116e-03 2.609344120000000045e-01 -5.731915700000000252e-02 4.831164300000000134e-02 -2.984969100000000111e-02 9.967394469999999451e-01
1.702688221204983950e+09 -1.720612900000000056e-02 2.077881000000000172e-03 2.616134580000000209e-01 -5.640707899999999886e-02 7.267171899999999574e-02 -3.041254399999999969e-02 9.952950480000000155e-01
1.702688221499556780e+09 -1.714332400000000145e-02 2.106114000000000076e-03 2.619096340000000023e-01 -5.594592899999999841e-02 8.361002100000000659e-02 -3.060946599999999837e-02 9.944558740000000174e-01
1.702688221836162329e+09 -1.708195699999999831e-02 2.137728000000000197e-03 2.622455949999999980e-01 -5.505681800000000042e-02 9.366064500000000070e-02 -3.191035999999999873e-02 9.935684200000000077e-01
1.702688222165081263e+09 -1.699680500000000025e-02 2.170600999999999867e-03 2.625821830000000245e-01 -5.532082900000000192e-02 1.054636020000000035e-01 -3.267315400000000286e-02 9.923454520000000167e-01
1.702688222456114769e+09 -1.693296799999999963e-02 2.202349000000000147e-03 2.628743350000000145e-01 -5.351613799999999782e-02 1.108648629999999941e-01 -3.279980600000000079e-02 9.918513890000000277e-01
1.702688222787497044e+09 -1.686144599999999869e-02 2.232359000000000166e-03 2.632077629999999835e-01 -5.326682700000000270e-02 1.111501530000000015e-01 -3.230173100000000019e-02 9.918492439999999633e-01
1.702688223202704668e+09 -1.674943799999999844e-02 2.276302000000000013e-03 2.636274699999999749e-01 -5.445257600000000253e-02 1.044848040000000006e-01 -3.217930299999999938e-02 9.925131799999999949e-01
1.702688223536725283e+09 -1.669667799999999952e-02 2.312221000000000155e-03 2.639685869999999768e-01 -5.525819199999999765e-02 9.584311399999999315e-02 -3.095122999999999971e-02 9.933794139999999606e-01
1.702688223910227537e+09 -1.663193300000000152e-02 2.352219000000000011e-03 2.643427549999999848e-01 -5.430787100000000062e-02 8.489903099999999980e-02 -3.062412299999999962e-02 9.944370390000000226e-01
1.702688224246341705e+09 -1.658903399999999903e-02 2.378850999999999969e-03 2.646259959999999745e-01 -5.528410899999999795e-02 7.291235799999999656e-02 -2.939688000000000023e-02 9.953709240000000458e-01
1.702688224624315500e+09 -1.656958299999999884e-02 2.417560000000000021e-03 2.649136480000000016e-01 -5.588329999999999687e-02 6.671990499999999602e-02 -2.958122800000000108e-02 9.957662819999999471e-01
1.702688225000415325e+09 -1.649478500000000139e-02 2.456720999999999818e-03 2.652760450000000159e-01 -5.625815299999999824e-02 8.163064700000000062e-02 -3.068143499999999996e-02 9.946004750000000394e-01
1.702688225372591734e+09 -1.642696399999999876e-02 2.496902000000000062e-03 2.656471429999999745e-01 -5.643710500000000130e-02 9.068359400000000625e-02 -3.195525300000000291e-02 9.937656519999999993e-01
1.702688225785415173e+09 -1.631316199999999911e-02 2.540839999999999939e-03 2.660574620000000223e-01 -5.565113900000000224e-02 1.092244240000000005e-01 -3.230247299999999822e-02 9.919322130000000071e-01
1.702688226202032089e+09 -1.620782899999999999e-02 2.589426000000000141e-03 2.664732639999999875e-01 -5.654956399999999661e-02 1.094804850000000024e-01 -3.322223900000000063e-02 9.918228390000000116e-01
1.702688226616827965e+09 -1.607392399999999985e-02 2.626914000000000159e-03 2.668754460000000162e-01 -5.504877100000000328e-02 1.338085980000000008e-01 -3.471385300000000285e-02 9.888679390000000291e-01
1.702688227033463717e+09 -1.595043900000000028e-02 2.665957999999999956e-03 2.672757510000000059e-01 -5.518925200000000114e-02 1.405871360000000014e-01 -3.445156700000000238e-02 9.879283909999999613e-01
1.702688227407876492e+09 -1.582714500000000080e-02 2.706776000000000147e-03 2.676448229999999762e-01 -5.507452000000000181e-02 1.465314480000000086e-01 -3.436362700000000076e-02 9.870737200000000433e-01
1.702688227781842947e+09 -1.570355899999999888e-02 2.749909000000000034e-03 2.680125529999999867e-01 -5.403244900000000323e-02 1.529250739999999942e-01 -3.408962900000000323e-02 9.861705299999999896e-01
1.702688228200744867e+09 -1.557326099999999970e-02 2.784543000000000001e-03 2.684096400000000049e-01 -5.351454800000000206e-02 1.524239179999999916e-01 -3.563680899999999846e-02 9.862216710000000219e-01
1.702688228615323305e+09 -1.542363300000000083e-02 2.814486000000000158e-03 2.687949539999999748e-01 -5.366846200000000011e-02 1.669127639999999912e-01 -3.648758700000000188e-02 9.838335510000000284e-01
1.702688228988925934e+09 -1.527118600000000083e-02 2.851442999999999946e-03 2.691650990000000188e-01 -5.126610399999999984e-02 1.848108320000000082e-01 -3.656632800000000211e-02 9.807546139999999690e-01
1.702688229337942123e+09 -1.512857700000000069e-02 2.879850000000000205e-03 2.694726290000000191e-01 -5.008389099999999844e-02 1.965876669999999937e-01 -3.820235999999999771e-02 9.784607889999999975e-01
1.702688229656293392e+09 -1.498545899999999959e-02 2.908097000000000112e-03 2.697723510000000213e-01 -4.921478800000000237e-02 2.060525420000000052e-01 -3.784077599999999958e-02 9.765697119999999787e-01
1.702688230072145700e+09 -1.481273900000000011e-02 2.917702999999999790e-03 2.701584989999999964e-01 -4.846247299999999897e-02 2.150434850000000064e-01 -3.719978000000000173e-02 9.746916890000000278e-01
1.702688230531054735e+09 -1.459675799999999961e-02 2.955431000000000117e-03 2.705844339999999848e-01 -4.958098400000000155e-02 2.280782309999999924e-01 -3.737654900000000197e-02 9.716609720000000117e-01
1.702688230906006813e+09 -1.444190400000000020e-02 2.976220999999999815e-03 2.709533270000000216e-01 -5.204020399999999963e-02 2.176740620000000015e-01 -3.847026800000000191e-02 9.738736749999999942e-01
1.702688231363632202e+09 -1.427897000000000020e-02 3.022612999999999949e-03 2.713988419999999735e-01 -5.207390700000000261e-02 1.931340840000000114e-01 -3.669112900000000288e-02 9.791023140000000291e-01
1.702688231699879408e+09 -1.416853700000000015e-02 3.054503000000000079e-03 2.717317040000000183e-01 -5.366247899999999904e-02 1.743432129999999969e-01 -3.479259800000000097e-02 9.826058749999999620e-01
1.702688232158797741e+09 -1.403976200000000077e-02 3.110248999999999826e-03 2.722043690000000016e-01 -5.604758900000000182e-02 1.508293749999999878e-01 -3.407822199999999829e-02 9.863811730000000555e-01
1.702688232611936808e+09 -1.395925800000000043e-02 3.165896999999999982e-03 2.726656499999999816e-01 -5.607052900000000090e-02 1.272121969999999991e-01 -3.215860200000000141e-02 9.897671340000000484e-01
1.702688232960220575e+09 -1.389842399999999950e-02 3.196660999999999947e-03 2.730114759999999752e-01 -5.685633400000000143e-02 1.124449599999999966e-01 -3.094149900000000078e-02 9.915473460000000516e-01
1.702688233446967125e+09 -1.380880399999999918e-02 3.262080000000000101e-03 2.735143899999999961e-01 -5.748899700000000001e-02 8.966552499999999593e-02 -2.838050599999999979e-02 9.939062600000000414e-01
1.702688233903774738e+09 -1.376062800000000044e-02 3.299241000000000066e-03 2.739734950000000113e-01 -5.755680400000000307e-02 7.010392099999999960e-02 -2.855446899999999899e-02 9.954683779999999871e-01
1.702688234487484932e+09 -1.370213399999999949e-02 3.376060000000000172e-03 2.745763660000000161e-01 -5.964479999999999782e-02 5.131017799999999796e-02 -2.694653199999999874e-02 9.965358380000000071e-01
1.702688235109162569e+09 -1.364472000000000081e-02 3.428733000000000215e-03 2.752180989999999938e-01 -6.014764300000000063e-02 4.285405899999999990e-02 -2.659720399999999929e-02 9.969144460000000096e-01
1.702688235734902382e+09 -1.359347300000000001e-02 3.506005999999999879e-03 2.758520540000000132e-01 -6.154497300000000282e-02 2.383035400000000151e-02 -2.602160699999999868e-02 9.974804520000000174e-01
1.702688236406031370e+09 -1.357761499999999948e-02 3.583938999999999962e-03 2.765389380000000119e-01 -5.962106600000000034e-02 2.375466600000000067e-02 -2.661257200000000100e-02 9.975835079999999522e-01
1.702688236901931047e+09 -1.348015800000000076e-02 3.640450999999999843e-03 2.770563959999999826e-01 -6.157540200000000130e-02 2.938830499999999998e-02 -2.711243899999999860e-02 9.973012209999999600e-01
1.702688237330091953e+09 -1.348560499999999947e-02 3.683835999999999795e-03 2.774916590000000016e-01 -6.228467099999999979e-02 4.386513300000000060e-02 -2.817374099999999867e-02 9.966959359999999490e-01
1.702688237732280731e+09 -1.339753800000000050e-02 3.746311999999999906e-03 2.779054639999999909e-01 -6.233057799999999760e-02 6.084598199999999985e-02 -2.930016300000000060e-02 9.957681889999999703e-01
1.702688238189066410e+09 -1.327467499999999967e-02 3.811848000000000059e-03 2.783655520000000161e-01 -6.040453900000000015e-02 7.962790899999999672e-02 -3.042796600000000073e-02 9.945274589999999471e-01
1.702688238606359243e+09 -1.320003500000000059e-02 3.853790000000000167e-03 2.787892519999999874e-01 -5.908838999999999758e-02 7.671301799999999393e-02 -3.031282100000000021e-02 9.948390719999999909e-01
1.702688239105998039e+09 -1.314096200000000082e-02 3.906579999999999775e-03 2.793061439999999784e-01 -6.022102000000000011e-02 7.957241700000000639e-02 -3.066478300000000101e-02 9.945357439999999993e-01
1.702688239523697138e+09 -1.303501399999999928e-02 3.949369000000000317e-03 2.797245979999999910e-01 -5.946947999999999818e-02 8.309640000000000082e-02 -2.972270899999999993e-02 9.943213459999999948e-01
1.702688239982972145e+09 -1.298173099999999983e-02 4.000957999999999772e-03 2.801972629999999742e-01 -5.963122500000000298e-02 7.968180599999999392e-02 -2.985689399999999841e-02 9.945871229999999619e-01
1.702688240398546696e+09 -1.288266899999999937e-02 4.054918000000000237e-03 2.806246880000000110e-01 -6.015952299999999947e-02 8.206869699999999601e-02 -3.068869899999999984e-02 9.943358900000000000e-01
1.702688240812864542e+09 -1.280815400000000041e-02 4.097828000000000408e-03 2.810454960000000058e-01 -5.925936999999999871e-02 8.313334000000000001e-02 -2.949480299999999999e-02 9.943376179999999787e-01
1.702688241272750378e+09 -1.277647900000000031e-02 4.138903999999999674e-03 2.815195620000000010e-01 -5.913228499999999971e-02 8.234399600000000263e-02 -2.949101999999999973e-02 9.944109920000000491e-01
1.702688241652239799e+09 -1.270016399999999990e-02 4.206193999999999905e-03 2.818960850000000185e-01 -5.772926700000000078e-02 8.372931899999999650e-02 -2.940260399999999885e-02 9.943803549999999936e-01
1.702688242148967743e+09 -1.258213300000000055e-02 4.254186000000000079e-03 2.823908030000000235e-01 -5.639767600000000075e-02 8.634803400000000406e-02 -2.932424800000000067e-02 9.942350979999999838e-01
1.702688242562241554e+09 -1.253661699999999990e-02 4.290519999999999924e-03 2.828295530000000113e-01 -5.902771300000000249e-02 9.135318500000000341e-02 -3.005145899999999912e-02 9.936132429999999793e-01
1.702688242978560686e+09 -1.245506199999999938e-02 4.338119999999999997e-03 2.832722959999999790e-01 -6.227377800000000185e-02 9.401834800000000159e-02 -3.096135900000000080e-02 9.931384330000000427e-01
1.702688243521781921e+09 -1.240873699999999955e-02 4.418916999999999637e-03 2.838242650000000200e-01 -6.102681900000000298e-02 9.109834599999999671e-02 -3.060200399999999862e-02 9.934990409999999716e-01
1.702688244022066116e+09 -1.234785700000000028e-02 4.469462999999999908e-03 2.843312029999999768e-01 -6.102941900000000142e-02 8.367232199999999342e-02 -2.980726599999999893e-02 9.941760299999999884e-01
1.702688244396163225e+09 -1.234941600000000021e-02 4.528327000000000394e-03 2.847219409999999784e-01 -6.101440999999999809e-02 7.596642500000000409e-02 -2.929943800000000056e-02 9.948104620000000065e-01
1.702688244770007849e+09 -1.237153000000000037e-02 4.580706000000000361e-03 2.851188479999999803e-01 -6.046674800000000072e-02 6.882188499999999931e-02 -2.790270699999999882e-02 9.954038859999999600e-01
1.702688245227238417e+09 -1.225246699999999953e-02 4.616389000000000256e-03 2.855514290000000233e-01 -5.749025900000000189e-02 6.756642499999999940e-02 -2.745377800000000160e-02 9.956786629999999638e-01
1.702688245602874994e+09 -1.220262400000000046e-02 4.668186999999999857e-03 2.859182949999999890e-01 -5.738657700000000111e-02 6.260753400000000635e-02 -2.666552700000000137e-02 9.960301520000000020e-01
1.702688245974857330e+09 -1.212796000000000013e-02 4.691011000000000139e-03 2.860513029999999790e-01 -5.715837299999999843e-02 6.348874399999999973e-02 -2.624438100000000065e-02 9.959986809999999968e-01
