1.703784360022506237e+09 0.000000000000000000e+00 0.000000000000000000e+00 0.000000000000000000e+00 -0.000000000000000000e+00 -0.000000000000000000e+00 -0.000000000000000000e+00 1.000000000000000000e+00
1.703784360143980503e+09 -1.322779999999999963e-04 7.349299999999999583e-05 1.301095900000000076e-02 2.252389999999999894e-04 2.145849999999999928e-04 -2.072540000000000048e-04 9.999999400000000316e-01
1.703784360228603601e+09 -3.932939999999999787e-04 -2.075120000000000014e-04 2.026121700000000150e-02 5.106969999999999522e-04 -3.053399999999999734e-04 -5.138169999999999630e-04 9.999997019999999903e-01
1.703784360351946354e+09 -9.053649999999999892e-04 8.763300000000000614e-05 3.212729799999999858e-02 1.519815000000000098e-03 -1.294030000000000050e-03 -6.392530000000000000e-04 9.999977949999999671e-01
1.703784360520680428e+09 -8.151039999999999805e-04 -1.647829999999999976e-04 4.801085599999999759e-02 1.493292000000000013e-03 -1.753081000000000084e-03 -1.149251000000000005e-03 9.999966620000000361e-01
1.703784360686978579e+09 -1.204795999999999949e-03 -1.679189999999999893e-04 6.359007999999999328e-02 1.298029000000000023e-03 -1.724452000000000016e-03 -1.689362000000000025e-03 9.999962449999999503e-01
1.703784360937164307e+09 -1.417484000000000105e-03 -1.894630000000000120e-04 8.697008300000000358e-02 1.798890000000000038e-03 -2.266962999999999877e-03 -1.233521000000000010e-03 9.999950530000000226e-01
1.703784361145807505e+09 -1.155350999999999991e-03 -4.837899999999999877e-05 1.067479479999999953e-01 1.658086999999999929e-03 -1.930047999999999963e-03 -1.157068000000000029e-03 9.999961259999999852e-01
1.703784361479186058e+09 -1.601832999999999989e-03 -7.162260000000000371e-04 1.376918259999999894e-01 1.875591999999999928e-03 -2.800286999999999828e-03 -1.022265000000000066e-03 9.999938010000000155e-01
1.703784362025084972e+09 -1.915388000000000073e-03 -7.522740000000000416e-04 1.882196220000000031e-01 3.234943000000000107e-03 -7.274438000000000258e-03 3.114430000000000063e-04 9.999682899999999819e-01
1.703784362309725046e+09 -3.236487000000000131e-03 -7.395690000000000337e-04 2.157476399999999905e-01 1.869360999999999939e-03 -7.266744999999999802e-03 -4.975550000000000025e-04 9.999717470000000219e-01
1.703784362601727962e+09 -3.931861000000000037e-03 -8.563699999999999611e-04 2.434585690000000135e-01 2.704618000000000213e-03 -8.523383000000000695e-03 -7.747649999999999589e-04 9.999597070000000310e-01
1.703784362936779022e+09 -3.735303000000000147e-03 -2.656919999999999898e-04 2.749686239999999948e-01 2.629877999999999990e-03 -8.654218999999999454e-03 2.984959999999999827e-04 9.999590520000000149e-01
1.703784363267768860e+09 -4.613647000000000234e-03 -5.665849999999999836e-04 3.058641850000000106e-01 1.723654999999999935e-03 -8.223235000000000613e-03 4.003669999999999972e-04 9.999645950000000116e-01
1.703784363598503113e+09 -5.408823000000000103e-03 -5.951490000000000035e-04 3.377736210000000239e-01 1.044453999999999999e-03 -7.901892000000000638e-03 5.162500000000000124e-05 9.999682309999999852e-01
1.703784363936068535e+09 -6.740366999999999713e-03 -6.032709999999999505e-04 3.680496220000000207e-01 3.332011000000000174e-03 -8.038953999999999198e-03 -3.095999999999999902e-04 9.999620909999999974e-01
1.703784364639459133e+09 -7.301900000000000057e-03 -1.357972999999999949e-03 4.346227349999999823e-01 3.178896999999999973e-03 -9.534153999999999546e-03 1.708409999999999996e-04 9.999495149999999555e-01
1.703784364974314451e+09 -8.824844999999999565e-03 -1.559274000000000033e-03 4.652841389999999855e-01 2.817415000000000197e-03 -1.341610000000000025e-02 6.123640000000000073e-04 9.999058840000000226e-01
1.703784365389751196e+09 -9.526232000000000796e-03 -1.107574999999999966e-03 5.051194430000000013e-01 2.676473999999999867e-03 -1.472400800000000023e-02 5.667689999999999534e-04 9.998878839999999490e-01
1.703784365764976501e+09 -1.076278299999999973e-02 -1.292500000000000029e-03 5.405175089999999516e-01 1.834626000000000009e-03 -1.582803600000000019e-02 6.090540000000000407e-04 9.998728630000000006e-01
1.703784366143102646e+09 -1.251302600000000001e-02 -2.269128999999999938e-03 5.763775709999999775e-01 3.127299999999999687e-05 -1.810398499999999952e-02 5.667520000000000110e-04 9.998359679999999639e-01
1.703784366596402645e+09 -1.456474200000000031e-02 -1.560212000000000057e-03 6.192979809999999974e-01 -1.084040000000000009e-04 -1.940997699999999840e-02 -2.818259999999999949e-04 9.998115899999999723e-01
1.703784367059148312e+09 -1.681938399999999972e-02 -1.876491000000000096e-03 6.625643369999999477e-01 -2.794119999999999872e-04 -2.002174400000000104e-02 -2.536169999999999809e-04 9.997994900000000129e-01
1.703784367597186565e+09 -1.985195799999999941e-02 -1.438080000000000001e-03 7.127065059999999619e-01 7.053829999999999649e-04 -2.292247299999999877e-02 -1.153956999999999943e-03 9.997363689999999581e-01
1.703784368058543205e+09 -2.113145599999999985e-02 -1.684516000000000052e-03 7.569131260000000472e-01 -6.692999999999999785e-05 -2.100685100000000000e-02 -5.501079999999999989e-04 9.997791649999999697e-01
1.703784368514183283e+09 -2.365232399999999888e-02 -1.756696000000000082e-03 7.994253040000000032e-01 3.685000000000000124e-04 -2.478734800000000071e-02 4.758399999999999707e-05 9.996926779999999457e-01
1.703784368969493389e+09 -2.561990700000000079e-02 -1.577590000000000025e-03 8.422087430000000374e-01 5.236559999999999479e-04 -2.270762600000000159e-02 1.587955999999999960e-03 9.997407790000000238e-01
1.703784369513425827e+09 -2.717987599999999865e-02 -1.517429000000000043e-03 8.933142419999999806e-01 -3.690850000000000077e-04 -1.623231899999999853e-02 1.966532000000000002e-03 9.998662470000000413e-01
1.703784370051130056e+09 -2.904229100000000133e-02 -2.306580999999999822e-03 9.433138970000000123e-01 1.676561999999999931e-03 -1.709810499999999886e-02 2.807300999999999894e-03 9.998484850000000090e-01
1.703784370597119093e+09 -3.295649999999999968e-02 -3.273784999999999976e-03 9.933314920000000381e-01 3.491346000000000206e-03 -2.739162599999999878e-02 1.977630000000000186e-03 9.996167419999999471e-01
1.703784371093005657e+09 -3.404278300000000007e-02 -3.394767999999999831e-03 1.039800285999999963e+00 2.773313999999999814e-03 -2.000075399999999906e-02 1.961800000000000089e-03 9.997941849999999464e-01
1.703784371717236757e+09 -3.600810499999999859e-02 -4.299761000000000034e-03 1.092210770000000108e+00 5.277982999999999980e-03 -1.682307800000000172e-02 4.778739999999999854e-04 9.998444909999999464e-01
1.703784372301643610e+09 -4.180914200000000053e-02 -4.479170999999999674e-03 1.145031691000000018e+00 5.737289999999999925e-03 -4.591688499999999756e-02 4.511459999999999798e-04 9.989287260000000446e-01
1.703784372923496246e+09 -4.930312199999999784e-02 -4.224015999999999708e-03 1.203462481000000084e+00 4.522924000000000215e-03 -5.726781899999999759e-02 8.905949999999999934e-04 9.983482360000000000e-01
1.703784373551745176e+09 -5.587334599999999735e-02 -4.128030000000000414e-03 1.262063146000000025e+00 2.474304999999999994e-03 -6.294265400000000066e-02 1.692252999999999900e-03 9.980126620000000504e-01
1.703784374218782902e+09 -6.210216899999999873e-02 -3.624630000000000213e-03 1.326008558000000059e+00 -4.493939999999999870e-04 -4.680626100000000178e-02 1.940012000000000073e-03 9.989020229999999723e-01
1.703784374884304523e+09 -6.696350900000000439e-02 -3.950241000000000169e-03 1.386929512000000031e+00 1.203580000000000101e-03 -3.513479199999999802e-02 1.306588000000000020e-03 9.993810060000000162e-01
1.703784375547644615e+09 -6.921777099999999738e-02 -3.964740999999999925e-03 1.447979330999999981e+00 1.784135000000000061e-03 -2.073785300000000054e-02 6.921580000000000094e-04 9.997831579999999496e-01
1.703784376257434368e+09 -7.263183600000000517e-02 -3.549899000000000023e-03 1.512950777999999996e+00 4.988150000000000006e-04 -2.009246699999999927e-02 1.969920000000000004e-04 9.997979999999999645e-01
1.703784376920850039e+09 -7.457798699999999836e-02 -3.265280000000000179e-03 1.574479817999999920e+00 -5.556800000000000194e-04 -1.501029599999999936e-02 -1.793599999999999904e-04 9.998871679999999929e-01
1.703784377546495438e+09 -7.616510199999999842e-02 -3.326392000000000064e-03 1.631594299999999942e+00 -8.226299999999999487e-05 -1.387818600000000069e-02 -9.005140000000000453e-04 9.999033210000000116e-01
1.703784378214006901e+09 -7.895574700000000667e-02 -3.704433999999999939e-03 1.692741870999999954e+00 -1.913725000000000018e-03 -1.763571599999999920e-02 -1.540559999999999900e-04 9.998426440000000026e-01
1.703784378962727308e+09 -8.169718099999999372e-02 -3.168124000000000027e-03 1.761456490000000041e+00 -1.603136000000000014e-03 -1.990494300000000133e-02 -1.280049999999999916e-04 9.998006219999999722e-01
1.703784379713393688e+09 -8.458732099999999310e-02 -3.001278999999999926e-03 1.829785465999999916e+00 -8.244259999999999566e-04 -1.580094400000000079e-02 -6.012640000000000085e-04 9.998746509999999477e-01
1.703784380418034077e+09 -8.567075400000000174e-02 -3.345924000000000120e-03 1.894227982000000088e+00 -1.227814000000000032e-03 -1.738747399999999999e-02 -1.057858999999999969e-03 9.998475310000000116e-01
1.703784381086301327e+09 -8.781331000000000553e-02 -2.708902999999999919e-03 1.954767823000000071e+00 -4.056409999999999877e-04 -2.243958399999999853e-02 1.298195000000000035e-03 9.997472760000000180e-01
1.703784381749851704e+09 -8.960256699999999408e-02 -2.698369999999999849e-03 2.015816449999999982e+00 -1.305554000000000003e-03 -7.541660000000000377e-03 1.044334999999999968e-03 9.999701979999999768e-01
1.703784382498764753e+09 -8.524204000000000503e-02 -2.807844999999999785e-03 2.083503485000000044e+00 1.108880999999999929e-03 2.722717100000000140e-02 1.043695000000000083e-03 9.996281270000000330e-01
1.703784383333279371e+09 -7.576244299999999876e-02 -2.867160000000000108e-03 2.158802032000000093e+00 2.333686000000000180e-03 6.475984299999999749e-02 -2.957190000000000057e-04 9.978981019999999535e-01
1.703784384088678598e+09 -6.338697699999999713e-02 -3.721149999999999892e-03 2.226530551999999830e+00 1.059487999999999923e-03 7.888370799999999683e-02 8.006610000000000376e-04 9.968829150000000361e-01
1.703784384833438873e+09 -5.411161899999999969e-02 -3.214305000000000200e-03 2.296166420000000041e+00 7.063349999999999924e-04 7.276544000000000068e-02 -2.152620000000000000e-04 9.973488449999999839e-01
1.703784385710191727e+09 -4.351460900000000270e-02 -3.451175999999999810e-03 2.373153686999999845e+00 3.807305999999999885e-03 6.456354300000000102e-02 1.072393000000000044e-03 9.979057909999999865e-01
1.703784386620677948e+09 -3.329784100000000163e-02 -3.599875000000000210e-03 2.457921742999999992e+00 1.590877000000000090e-03 6.038331999999999727e-02 6.908300000000000248e-04 9.981737729999999864e-01
1.703784387457654715e+09 -2.341522999999999868e-02 -4.418046000000000126e-03 2.534298897000000217e+00 2.170486000000000117e-03 6.006529599999999719e-02 2.101700000000000020e-04 9.981920720000000413e-01
1.703784388286670685e+09 -1.455254999999999917e-02 -4.340446999999999882e-03 2.609935999000000173e+00 3.484332000000000141e-03 5.968822499999999753e-02 4.353669999999999806e-04 9.982109070000000361e-01
1.703784389118766308e+09 -4.820099999999999905e-03 -4.560045000000000417e-03 2.684382439000000176e+00 2.152149999999999810e-03 5.969127600000000144e-02 2.836299999999999932e-04 9.982145430000000097e-01
1.703784389952585697e+09 -9.606909999999999538e-04 -4.854482999999999715e-03 2.761806011000000005e+00 2.920789999999999931e-03 2.554788399999999987e-02 1.629573000000000046e-03 9.996680020000000555e-01
1.703784390827451468e+09 5.701058999999999641e-03 -5.313240999999999797e-03 2.841723919000000098e+00 2.322575999999999807e-03 4.736766600000000271e-02 9.551279999999999666e-04 9.988743660000000135e-01
1.703784391741523743e+09 1.369705300000000070e-02 -5.751212000000000338e-03 2.925979375999999910e+00 2.165737999999999951e-03 4.820238100000000248e-02 1.531894000000000007e-03 9.988340740000000162e-01
1.703784392705833197e+09 2.272709300000000029e-02 -5.673848000000000433e-03 3.012873649999999959e+00 3.959177000000000356e-03 5.167087199999999964e-02 1.806398999999999982e-03 9.986547230000000219e-01
1.703784393626829624e+09 3.157934899999999961e-02 -6.019199999999999724e-03 3.096835136000000155e+00 4.583844999999999587e-03 5.218818800000000341e-02 2.128038000000000065e-03 9.986245040000000239e-01
1.703784394244032621e+09 3.702072099999999949e-02 -6.303938999999999723e-03 3.154012917999999832e+00 4.475174000000000166e-03 5.384832999999999981e-02 2.232986000000000172e-03 9.985365870000000310e-01
1.703784394863942623e+09 4.409817199999999798e-02 -6.468381999999999951e-03 3.212318419999999897e+00 1.533311000000000092e-03 5.943701800000000118e-02 1.761133000000000013e-03 9.982293249999999452e-01
1.703784395656391144e+09 5.650979700000000050e-02 -7.043896000000000011e-03 3.283564328999999837e+00 3.480406000000000125e-03 7.801789000000000640e-02 1.278964000000000056e-03 9.969450829999999542e-01
1.703784396280067444e+09 6.745725099999999586e-02 -7.135429000000000424e-03 3.340239763000000028e+00 2.523736999999999855e-03 9.144468599999999725e-02 1.416575999999999903e-03 9.958059790000000078e-01
1.703784396905578613e+09 7.837395399999999568e-02 -7.370413999999999612e-03 3.396288871999999959e+00 2.400423999999999961e-03 9.747088700000000605e-02 9.087199999999999325e-05 9.952355029999999658e-01
1.703784397487721920e+09 8.722475899999999893e-02 -8.163053999999999449e-03 3.447914839000000065e+00 3.811341000000000208e-03 8.817127299999999446e-02 5.669300000000000083e-05 9.960980419999999613e-01
1.703784398153961897e+09 9.427864800000000656e-02 -8.898520999999999515e-03 3.508338213000000039e+00 4.082109999999999905e-03 6.283798100000000109e-02 6.513839999999999691e-04 9.980151649999999819e-01
1.703784398777177095e+09 9.677926500000000321e-02 -8.719048999999999550e-03 3.566376685999999907e+00 2.349513000000000122e-03 3.519322700000000054e-02 6.017399999999999680e-05 9.993777870000000174e-01
1.703784399442791224e+09 9.662855400000000539e-02 -8.952203000000000591e-03 3.628504514999999930e+00 7.437719999999999661e-04 5.623178999999999851e-03 8.174290000000000505e-04 9.999836090000000510e-01
1.703784400192545652e+09 9.286820099999999745e-02 -9.204570999999999933e-03 3.696253776999999907e+00 1.258893999999999985e-03 -2.649375799999999920e-02 1.949236999999999932e-03 9.996463060000000400e-01
1.703784400693270922e+09 8.918335300000000687e-02 -9.056491999999999321e-03 3.742080450000000003e+00 -1.362919999999999887e-04 -2.917511199999999957e-02 1.044004999999999976e-03 9.995737670000000019e-01
1.703784401318169355e+09 8.572523299999999791e-02 -9.227472000000000452e-03 3.799193621000000132e+00 -1.678264999999999965e-03 -2.845556499999999864e-02 -1.077194000000000068e-03 9.995930790000000510e-01
1.703784402065734625e+09 8.221693300000000593e-02 -9.262302000000000035e-03 3.866244315999999959e+00 -1.396899999999999958e-05 -2.628635099999999947e-02 5.340359999999999942e-04 9.996542929999999716e-01
1.703784402732512951e+09 7.607689500000000549e-02 -9.288621000000000377e-03 3.926231861000000212e+00 -4.039989999999999922e-04 -3.340815400000000240e-02 -2.972099999999999886e-05 9.994417429999999936e-01
1.703784403356455088e+09 7.355916499999999580e-02 -9.128488000000000574e-03 3.982767582000000139e+00 -5.763390000000000396e-04 -2.670860099999999848e-02 4.625620000000000209e-04 9.996430280000000446e-01
1.703784404024122953e+09 7.030519799999999930e-02 -9.039488000000000037e-03 4.043758391999999979e+00 -1.076813999999999940e-03 -3.044531300000000162e-02 8.902889999999999459e-04 9.995354410000000245e-01
1.703784404688832998e+09 6.675966799999999424e-02 -9.336779999999999385e-03 4.101864814999999886e+00 2.647978000000000050e-03 -2.731351400000000054e-02 9.527179999999999677e-04 9.996230010000000110e-01
1.703784405329666376e+09 6.468966600000000677e-02 -9.222535999999999928e-03 4.158627509999999639e+00 1.948534000000000030e-03 -1.578455399999999925e-02 1.828121999999999950e-03 9.998718500000000065e-01
1.703784405984230518e+09 6.481061100000000408e-02 -9.343330000000000385e-03 4.219404220999999566e+00 1.056396999999999935e-03 -4.936008999999999883e-03 1.434790000000000024e-03 9.999862309999999477e-01
1.703784406604569197e+09 6.502296800000000043e-02 -9.873144000000000364e-03 4.275239467999999654e+00 1.591923000000000079e-03 2.511808999999999830e-03 1.387701999999999989e-03 9.999946360000000478e-01
1.703784407353454590e+09 6.669130199999999398e-02 -9.902604000000000614e-03 4.342476845000000196e+00 1.408944000000000082e-03 1.288425399999999950e-02 1.032815000000000078e-03 9.999154810000000504e-01
1.703784408018391371e+09 6.977915799999999391e-02 -1.015460999999999968e-02 4.403117657000000129e+00 1.774093000000000024e-03 1.998773599999999900e-02 7.652699999999999694e-04 9.997983569999999709e-01
1.703784408725889444e+09 7.270724300000000473e-02 -9.648399000000000211e-03 4.468008041000000041e+00 1.116451999999999983e-03 2.120015199999999989e-02 -3.754000000000000311e-05 9.997746349999999671e-01
1.703784409351215363e+09 7.137713599999999381e-02 -1.005350600000000025e-02 4.523207664000000072e+00 6.777699999999999567e-04 3.884910000000000099e-03 -3.087359999999999931e-04 9.999921920000000020e-01
1.703784410102436543e+09 7.433468099999999967e-02 -9.283009999999999526e-03 4.591636181000000150e+00 8.152259999999999498e-04 2.122518600000000005e-02 3.999769999999999823e-04 9.997743369999999574e-01
1.703784410810256481e+09 7.159604899999999494e-02 -8.732152999999999443e-03 4.625612735999999892e+00 1.139440000000000055e-04 -7.221288999999999660e-03 -3.062600000000000120e-05 9.999739530000000265e-01
1.703784411517834187e+09 7.695887999999999340e-02 -8.774729000000000209e-03 4.685076236999999644e+00 8.639130000000000073e-04 2.733593200000000029e-02 1.379140999999999961e-03 9.996250269999999993e-01
1.703784412311132193e+09 8.322098899999999522e-02 -8.707573999999999176e-03 4.756092072000000393e+00 7.593120000000000511e-04 4.244215800000000066e-02 1.394833999999999961e-03 9.990977049999999471e-01
1.703784413014203072e+09 9.469267700000000287e-02 -8.802023000000000832e-03 4.818864345999999799e+00 9.626899999999999867e-04 7.860993600000000525e-02 2.250760000000000087e-03 9.969024659999999871e-01
1.703784413682351351e+09 1.085889710000000064e-01 -8.867523000000000419e-03 4.877302170000000103e+00 5.624799999999999679e-04 1.106165499999999940e-01 1.936189999999999960e-03 9.938611389999999490e-01
1.703784414390798330e+09 1.262284369999999989e-01 -9.437259999999999399e-03 4.936343192999999907e+00 2.931621000000000140e-03 1.409527210000000030e-01 6.653499999999999909e-05 9.900119899999999529e-01
1.703784415264279842e+09 1.517123579999999916e-01 -9.060452999999999563e-03 5.012240410000000423e+00 3.492099999999999989e-05 1.628138719999999984e-01 3.701269999999999886e-04 9.866567849999999806e-01
1.703784416055376053e+09 1.726935510000000007e-01 -1.060648299999999988e-02 5.078536986999999669e+00 1.036374999999999970e-03 1.517693400000000026e-01 7.801460000000000079e-04 9.884151220000000349e-01
1.703784416804455757e+09 1.879947780000000013e-01 -1.022591100000000072e-02 5.141035079999999979e+00 -1.761989999999999954e-03 1.293742360000000036e-01 6.260010000000000531e-04 9.915940760000000465e-01
1.703784417469023943e+09 1.887160089999999901e-01 -1.093197199999999987e-02 5.180976868000000124e+00 1.422288999999999975e-03 6.140535300000000279e-02 1.726667000000000089e-03 9.981104140000000013e-01
1.703784418718930721e+09 1.767354160000000063e-01 -1.025251100000000061e-02 5.271481037000000036e+00 7.383000000000000023e-04 -5.624865700000000052e-02 1.099500000000000000e-03 9.984159470000000258e-01
1.703784419389025211e+09 1.625356819999999869e-01 -9.398879000000000608e-03 5.327299595000000387e+00 -4.671969999999999791e-04 -1.012795789999999946e-01 1.555058000000000005e-03 9.948567149999999470e-01
1.703784420216517210e+09 1.393935679999999955e-01 -8.742496000000000642e-03 5.398683070999999778e+00 -2.387038000000000181e-03 -1.376462430000000015e-01 2.339368000000000090e-03 9.904758329999999722e-01
1.703784421010624409e+09 1.126005719999999960e-01 -7.762820000000000137e-03 5.465700149999999979e+00 -1.185454999999999972e-03 -1.734779479999999929e-01 1.764341999999999907e-03 9.848354459999999477e-01
1.703784421677828550e+09 8.875533900000000254e-02 -9.032725999999999603e-03 5.520475388000000372e+00 -2.123345000000000007e-03 -2.032690639999999993e-01 1.867160000000000087e-03 9.791188840000000226e-01
1.703784422339633226e+09 6.020975099999999886e-02 -9.213601000000000082e-03 5.574227810000000005e+00 -3.260648000000000105e-03 -2.340776029999999952e-01 6.814699999999999924e-04 9.722121950000000012e-01
1.703784423047734976e+09 2.671733499999999831e-02 -8.738424999999999318e-03 5.628182411000000052e+00 -3.112254000000000062e-03 -2.654518490000000175e-01 1.048012999999999983e-03 9.641185399999999683e-01
1.703784423760351658e+09 -1.007598600000000032e-02 -9.756782999999999775e-03 5.680240153999999819e+00 -2.938986000000000202e-03 -2.956855299999999742e-01 7.710150000000000033e-04 9.552804830000000136e-01
1.703784424338715315e+09 -4.348206500000000030e-02 -9.606797000000000253e-03 5.721386908999999577e+00 -3.321605999999999951e-03 -3.254743520000000223e-01 2.584064000000000066e-03 9.455415010000000064e-01
1.703784424921893835e+09 -7.888412499999999938e-02 -9.877679000000000320e-03 5.758409499999999959e+00 -9.873670000000000623e-04 -3.516690430000000145e-01 4.315491999999999766e-03 9.361139539999999704e-01
1.703784425461460114e+09 -1.152135130000000035e-01 -9.290467000000000170e-03 5.792891026000000387e+00 -3.112859999999999846e-03 -3.789002000000000203e-01 3.095047000000000076e-03 9.254271389999999542e-01
1.703784426015416145e+09 -1.524441239999999864e-01 -9.627975999999999895e-03 5.824627876000000093e+00 -2.367029000000000095e-03 -4.063552919999999791e-01 2.175466000000000032e-03 9.137095210000000245e-01
1.703784426587561846e+09 -1.943926810000000116e-01 -9.695749999999999508e-03 5.855816363999999830e+00 -3.950686000000000128e-03 -4.376862939999999758e-01 2.422586999999999918e-03 8.991158599999999890e-01
1.703784427087022543e+09 -2.319610119999999942e-01 -9.273438999999999641e-03 5.879220962999999855e+00 -3.442090999999999987e-03 -4.674659669999999823e-01 1.659291999999999928e-03 8.840028640000000548e-01
1.703784427629693747e+09 -2.737731930000000258e-01 -8.890092999999999954e-03 5.901202202000000341e+00 -3.963738999999999978e-03 -5.064525010000000549e-01 2.485282000000000116e-03 8.622550960000000542e-01
1.703784428168422937e+09 -3.177964690000000259e-01 -9.181388000000000396e-03 5.918596745000000325e+00 -5.335465000000000173e-03 -5.431824330000000201e-01 2.704302999999999915e-03 8.395934099999999844e-01
1.703784428716291428e+09 -3.572745319999999780e-01 -9.042733000000000715e-03 5.929712772000000243e+00 -3.481311999999999861e-03 -5.812778469999999587e-01 3.561154999999999876e-03 8.136898879999999723e-01
1.703784429213615894e+09 -4.001140590000000219e-01 -8.675878999999999189e-03 5.936546326000000207e+00 -4.727002999999999587e-03 -6.195471879999999709e-01 2.974612000000000176e-03 7.849395869999999942e-01
1.703784429750492811e+09 -4.314374919999999780e-01 -8.990596999999999478e-03 5.937407494000000341e+00 -3.702767999999999945e-03 -6.584061979999999981e-01 3.551325000000000141e-03 7.526453140000000097e-01
1.703784430292747259e+09 -4.574952130000000117e-01 -8.150210999999999220e-03 5.937351226999999732e+00 -3.072754000000000024e-03 -6.792792680000000471e-01 5.023643000000000379e-03 7.338562610000000097e-01
1.703784430916113853e+09 -5.111379619999999457e-01 -7.736559999999999965e-03 5.939428805999999561e+00 -4.734931999999999856e-03 -6.917093399999999503e-01 3.310539999999999837e-03 7.221529479999999612e-01
1.703784431505542994e+09 -5.624103550000000284e-01 -7.407753000000000428e-03 5.944640159999999618e+00 -3.817192999999999975e-03 -6.756366489999999780e-01 3.889638999999999857e-03 7.372147439999999774e-01
1.703784432087243319e+09 -6.153421399999999819e-01 -7.388658999999999678e-03 5.945338248999999742e+00 -4.409579999999999750e-03 -6.955829860000000142e-01 3.076114000000000018e-03 7.184256319999999807e-01
1.703784432668577433e+09 -6.667542459999999949e-01 -7.377447999999999992e-03 5.943832397000000434e+00 -3.029613999999999918e-03 -7.127652169999999510e-01 4.176380999999999843e-03 7.013837699999999620e-01
1.703784433126121044e+09 -7.069063190000000052e-01 -7.182418999999999783e-03 5.942811965999999835e+00 -3.930654999999999913e-03 -7.066261769999999665e-01 2.921921000000000067e-03 7.075701949999999574e-01
1.703784433664773703e+09 -7.550244329999999948e-01 -7.364838999999999761e-03 5.940957069000000423e+00 -4.395579000000000153e-03 -7.197349069999999793e-01 3.634361000000000015e-03 6.942256089999999658e-01
1.703784434247193575e+09 -8.075723649999999587e-01 -6.882463000000000122e-03 5.938983916999999835e+00 -3.709343999999999836e-03 -7.143023609999999968e-01 1.986340000000000067e-03 6.998245720000000336e-01
1.703784434830351353e+09 -8.592624660000000025e-01 -7.511826000000000093e-03 5.940992354999999669e+00 -3.084342999999999807e-03 -6.954262850000000329e-01 3.317493999999999825e-03 7.185831670000000226e-01
1.703784435413525105e+09 -9.113698009999999794e-01 -7.261636000000000132e-03 5.948050022000000325e+00 -2.421765000000000202e-03 -6.739062070000000348e-01 3.400677999999999861e-03 7.388051150000000122e-01
1.703784436036767483e+09 -9.662303920000000490e-01 -7.142626000000000010e-03 5.956383705000000361e+00 -1.903303000000000069e-03 -6.564040180000000335e-01 3.735047999999999927e-03 7.543979290000000226e-01
1.703784436577383995e+09 -1.015465260000000036e+00 -6.486167999999999621e-03 5.961488723999999628e+00 -4.469065000000000364e-03 -6.631009580000000181e-01 3.216175999999999844e-03 7.485097050000000252e-01
1.703784437159282446e+09 -1.067422389999999943e+00 -6.407615000000000186e-03 5.963293076000000248e+00 -4.204552000000000289e-03 -6.886871460000000278e-01 2.424744999999999852e-03 7.250424619999999987e-01
1.703784437745041370e+09 -1.118117808999999907e+00 -6.845778999999999753e-03 5.970293998999999907e+00 -3.034695999999999921e-03 -6.657093760000000193e-01 3.952718000000000030e-03 7.461944820000000478e-01
1.703784438368616819e+09 -1.174050330999999892e+00 -6.012123000000000293e-03 5.976272105999999695e+00 -3.261165999999999805e-03 -6.714621779999999651e-01 2.952265999999999831e-03 7.410257460000000407e-01
1.703784439078678608e+09 -1.235374450999999985e+00 -6.613983999999999835e-03 5.982068539000000129e+00 -1.979399000000000176e-03 -6.638073330000000549e-01 3.607444000000000015e-03 7.478923200000000548e-01
1.703784439824687243e+09 -1.300673245999999894e+00 -6.723854999999999936e-03 5.994948386999999990e+00 -2.671028000000000204e-03 -6.365987659999999826e-01 3.539944000000000163e-03 7.711824179999999807e-01
1.703784440449386358e+09 -1.354009151000000077e+00 -6.863751999999999874e-03 6.008926392000000227e+00 -1.688508999999999930e-03 -6.186913849999999826e-01 3.732042000000000085e-03 7.856234309999999832e-01
1.703784441078886032e+09 -1.408102273999999987e+00 -5.688966999999999635e-03 6.024724960000000351e+00 -1.865546999999999952e-03 -5.977116230000000252e-01 3.335545000000000090e-03 8.017021420000000065e-01
1.703784441781426191e+09 -1.466567635999999952e+00 -5.495045999999999958e-03 6.047712326000000083e+00 -3.309073999999999956e-03 -5.733823179999999464e-01 2.312994000000000074e-03 8.192779420000000368e-01
1.703784442369630575e+09 -1.513857722000000017e+00 -4.953308000000000016e-03 6.066834927000000377e+00 -1.417529999999999962e-03 -5.529826879999999445e-01 3.869396000000000207e-03 8.331825729999999819e-01
1.703784443072876215e+09 -1.569658875000000009e+00 -4.859094999999999907e-03 6.092810154000000367e+00 -1.211037000000000094e-03 -5.400081869999999729e-01 5.305716000000000251e-03 8.416422009999999787e-01
1.703784443864677668e+09 -1.633114457000000019e+00 -4.396729000000000262e-03 6.122711181999999752e+00 -1.377170999999999951e-03 -5.341209169999999729e-01 6.199098000000000108e-03 8.453842400000000090e-01
1.703784444530674696e+09 -1.687069654000000085e+00 -4.579853000000000049e-03 6.145827292999999969e+00 -5.107549999999999981e-04 -5.432915090000000058e-01 5.917801000000000311e-03 8.395231370000000304e-01
1.703784445070068121e+09 -1.729478121000000090e+00 -3.953421000000000365e-03 6.168011664999999866e+00 -1.767352999999999936e-03 -5.253127810000000064e-01 5.296369000000000424e-03 8.508908750000000465e-01
1.703784445694954634e+09 -1.777020693000000096e+00 -3.547675000000000134e-03 6.196378708000000124e+00 -2.074624000000000173e-03 -5.010498169999999529e-01 3.992805999999999786e-03 8.654067519999999458e-01
1.703784446279315233e+09 -1.823271155000000032e+00 -3.237349000000000043e-03 6.219799042000000000e+00 -2.472958999999999834e-03 -5.148775580000000129e-01 3.956587999999999598e-03 8.572511080000000394e-01
1.703784446817924976e+09 -1.864850520999999928e+00 -3.386459999999999991e-03 6.241899489999999773e+00 -1.832101999999999949e-03 -5.139398569999999999e-01 4.579093000000000226e-03 8.578120470000000219e-01
1.703784447281284571e+09 -1.899291395999999965e+00 -3.547698000000000171e-03 6.262032508999999969e+00 -7.672329999999999775e-04 -4.989050030000000135e-01 5.027295999999999675e-03 8.666417600000000387e-01
1.703784447775449276e+09 -1.934981703999999914e+00 -2.730156999999999983e-03 6.286956309999999881e+00 -1.433990000000000004e-04 -4.793424310000000133e-01 5.803476000000000121e-03 8.776088359999999478e-01
1.703784448234896898e+09 -1.966159105000000018e+00 -4.312762999999999840e-03 6.310670853000000413e+00 8.435399999999999908e-05 -4.587521849999999790e-01 7.148317999999999860e-03 8.885355000000000336e-01
1.703784448691164255e+09 -1.998498678000000028e+00 -4.343063000000000305e-03 6.336136817999999948e+00 -8.710429999999999475e-04 -4.410856960000000271e-01 6.021704999999999593e-03 8.974444270000000445e-01
1.703784449152490377e+09 -2.026719570000000026e+00 -4.931867000000000369e-03 6.363783360000000222e+00 -1.304012000000000010e-03 -4.148722289999999813e-01 6.646789999999999643e-03 9.098544720000000252e-01
1.703784449610859632e+09 -2.054177761000000046e+00 -4.689045000000000192e-03 6.392585753999999731e+00 2.977850000000000093e-04 -3.883593080000000142e-01 7.874506999999999340e-03 9.214743380000000039e-01
1.703784450067120552e+09 -2.079532622999999969e+00 -4.379280000000000152e-03 6.424745083000000356e+00 -1.855728000000000065e-03 -3.454677159999999803e-01 6.202553000000000406e-03 9.384083149999999929e-01
1.703784450525881529e+09 -2.100315809000000034e+00 -4.301567000000000064e-03 6.458106994999999628e+00 -1.309674999999999945e-03 -3.034453690000000203e-01 5.900421000000000311e-03 9.528296590000000510e-01
1.703784450986887455e+09 -2.118951320999999943e+00 -4.715201999999999935e-03 6.493529320000000382e+00 -1.545074999999999921e-03 -2.654058930000000038e-01 5.246988999999999646e-03 9.641212820000000239e-01
1.703784451316569090e+09 -2.133769034999999814e+00 -4.241863999999999704e-03 6.520013332000000439e+00 -2.691508000000000008e-03 -2.509061399999999997e-01 4.757894000000000359e-03 9.679960010000000503e-01
1.703784451689666033e+09 -2.147934198000000183e+00 -3.842883000000000063e-03 6.547920704000000036e+00 1.906409999999999930e-04 -2.412233500000000030e-01 5.579266000000000260e-03 9.704536200000000168e-01
1.703784452106033564e+09 -2.163419484999999920e+00 -4.051194999999999623e-03 6.581370353999999701e+00 -2.077063999999999994e-03 -2.294828299999999988e-01 6.747312000000000101e-03 9.732871060000000130e-01
1.703784452439124107e+09 -2.176542996999999868e+00 -3.248987999999999963e-03 6.609803199999999990e+00 -7.040460999999999595e-03 -2.255028040000000011e-01 8.703732000000000482e-03 9.741781950000000245e-01
1.703784452813702583e+09 -2.189392090000000124e+00 -1.916256000000000079e-03 6.640654086999999706e+00 -9.845783000000000312e-03 -2.239188699999999921e-01 1.231721799999999957e-02 9.744802120000000123e-01
1.703784453271713257e+09 -2.208008528000000137e+00 -1.519633000000000051e-03 6.675363541000000289e+00 -8.087445999999999871e-03 -2.192652370000000017e-01 4.021153000000000401e-03 9.756234879999999832e-01
1.703784453647200108e+09 -2.225653648000000207e+00 -2.119323000000000214e-03 6.700912476000000062e+00 -3.035290999999999857e-03 -2.267375140000000011e-01 -4.758179000000000401e-03 9.739395979999999620e-01
1.703784454021511078e+09 -2.237941979999999997e+00 -2.976907999999999898e-03 6.726491927999999731e+00 4.936433999999999961e-03 -2.373112139999999926e-01 -9.236109999999999633e-04 9.714207049999999954e-01
1.703784454773181438e+09 -2.264678716999999786e+00 -3.714031000000000016e-03 6.778431892000000403e+00 7.351387000000000026e-03 -2.292355000000000087e-01 1.926261999999999983e-03 9.733413459999999962e-01
1.703784455228145123e+09 -2.278696537000000077e+00 -4.319723999999999613e-03 6.815484524000000377e+00 8.812148000000000550e-03 -2.035335749999999944e-01 2.087111000000000001e-03 9.790260790000000490e-01
1.703784455977398634e+09 -2.298829078999999886e+00 -3.546041000000000210e-03 6.877304076999999793e+00 4.365550000000000160e-03 -1.644453409999999949e-01 1.861238999999999992e-03 9.863747950000000264e-01
1.703784456436537743e+09 -2.308967351999999806e+00 -3.935326000000000275e-03 6.915197849000000119e+00 5.326470000000000250e-04 -1.405815330000000085e-01 1.332005000000000038e-03 9.900680779999999626e-01
1.703784456854017258e+09 -2.316705226999999923e+00 -3.264846999999999975e-03 6.951442241999999716e+00 -1.818458000000000010e-03 -1.180184630000000040e-01 1.285550000000000104e-03 9.930089119999999658e-01
1.703784457354820967e+09 -2.323969363999999871e+00 -3.237223000000000010e-03 6.993724822999999979e+00 -2.169111000000000043e-03 -9.525649199999999817e-02 1.559159999999999973e-03 9.954491850000000142e-01
1.703784457810316324e+09 -2.328694104999999848e+00 -3.166092000000000125e-03 7.031338692000000279e+00 -1.348412000000000005e-03 -7.116944299999999890e-02 1.548560000000000041e-03 9.974621529999999625e-01
1.703784458267688513e+09 -2.331375121999999855e+00 -2.747827999999999903e-03 7.072299003999999556e+00 -2.872215000000000011e-03 -4.827011700000000127e-02 9.167539999999999847e-04 9.988297820000000549e-01
1.703784458728211880e+09 -2.333830832999999938e+00 -2.468529000000000122e-03 7.110005855999999902e+00 -1.916745000000000081e-03 -3.178863199999999722e-02 8.351250000000000383e-04 9.994924659999999683e-01
1.703784459266357422e+09 -2.338881493000000145e+00 -2.824290000000000134e-03 7.155759334999999943e+00 -3.209350000000000028e-04 -4.714335100000000001e-02 8.207439999999999874e-04 9.988877769999999767e-01
1.703784459848517418e+09 -2.345371007999999868e+00 -3.192631000000000028e-03 7.204420566999999664e+00 -2.285610000000000094e-04 -6.394588199999999556e-02 1.721166000000000102e-03 9.979518649999999935e-01
1.703784460349632025e+09 -2.352496147000000093e+00 -2.803209000000000083e-03 7.246822833999999602e+00 6.852839999999999800e-04 -7.544821499999999903e-02 1.546691999999999902e-03 9.971483349999999968e-01
1.703784460974417686e+09 -2.361084700000000147e+00 -2.122624000000000039e-03 7.299871922000000346e+00 -7.148299999999999576e-04 -6.890491399999999766e-02 1.914268000000000003e-03 9.976211790000000246e-01
1.703784461638929605e+09 -2.369278908000000072e+00 -1.462886000000000047e-03 7.355927944000000274e+00 -1.254200999999999927e-03 -7.031650799999999979e-02 1.950759999999999951e-03 9.975220559999999903e-01
1.703784462308709383e+09 -2.376157760999999979e+00 -1.160044999999999956e-03 7.411764621999999747e+00 -1.685330999999999982e-03 -5.718347800000000286e-02 1.239209999999999921e-03 9.983615279999999981e-01
1.703784462889260530e+09 -2.380250454000000015e+00 -1.173615000000000031e-03 7.460741042999999628e+00 -1.294522999999999898e-03 -4.624221099999999834e-02 1.796513000000000016e-03 9.989278320000000155e-01
1.703784463480672598e+09 -2.382315874000000111e+00 -1.041278999999999989e-03 7.510193347999999602e+00 -7.442720000000000325e-04 -2.978555499999999828e-02 1.610265999999999954e-03 9.995547529999999625e-01
1.703784464179902315e+09 -2.384404421000000163e+00 -7.322239999999999608e-04 7.570587634999999871e+00 -6.604980000000000313e-04 -1.760778400000000132e-02 2.252772000000000108e-03 9.998422270000000278e-01
1.703784464761944532e+09 -2.384018420999999943e+00 -6.821280000000000529e-04 7.620248795000000186e+00 -1.327634999999999970e-03 9.945929999999999962e-04 1.608194999999999980e-03 9.999973180000000239e-01
1.703784465346359730e+09 -2.381246089999999871e+00 -9.031399999999999758e-04 7.668809891000000434e+00 7.353620000000000382e-04 1.899514199999999958e-02 1.835367999999999982e-03 9.998176100000000233e-01
1.703784466053936720e+09 -2.377615212999999894e+00 -7.031630000000000302e-04 7.728085518000000320e+00 8.334250000000000512e-04 2.960383100000000059e-02 2.013491000000000065e-03 9.995593430000000446e-01
1.703784466676037788e+09 -2.375275849999999966e+00 -4.213740000000000215e-04 7.781205653999999861e+00 6.062660000000000531e-04 2.361582400000000054e-02 1.750379000000000041e-03 9.997193810000000180e-01
1.703784467260377169e+09 -2.374921082999999822e+00 -8.036610000000000021e-04 7.830035686000000439e+00 2.587539999999999827e-04 9.016365999999999617e-03 1.232519000000000062e-03 9.999585749999999607e-01
1.703784467928367376e+09 -2.376039505000000052e+00 -4.717020000000000045e-04 7.885668755000000196e+00 -1.260522999999999939e-03 -6.944421000000000101e-03 8.132050000000000042e-04 9.999747869999999761e-01
1.703784468592284679e+09 -2.378070115999999956e+00 -3.680819999999999904e-04 7.932100295999999773e+00 -1.156537999999999924e-03 -8.955614000000000630e-03 1.088729999999999993e-03 9.999586339999999574e-01
1.703784469256927013e+09 -2.375165223999999853e+00 5.527500000000000187e-05 7.988388062000000289e+00 -1.759995000000000092e-03 2.063691399999999926e-02 4.608099999999999740e-04 9.997853639999999542e-01
1.703784469883489370e+09 -2.368400811999999966e+00 -2.465000000000000116e-06 8.040981292999999752e+00 -4.430220000000000013e-04 4.800589799999999824e-02 1.076878000000000080e-03 9.988464120000000168e-01
1.703784470633460283e+09 -2.358709097000000199e+00 4.989890000000000297e-04 8.103304862999999969e+00 -1.519120000000000106e-03 7.326396599999999981e-02 2.245480000000000056e-04 9.973114130000000355e-01
1.703784471257873774e+09 -2.351933001999999995e+00 8.878249999999999640e-04 8.155495644000000155e+00 -9.469720000000000264e-04 6.302736000000000449e-02 1.591750000000000066e-03 9.980100990000000394e-01
1.703784471963782310e+09 -2.341312647000000080e+00 1.388024000000000072e-03 8.213886261000000744e+00 2.694719999999999841e-04 8.528330900000000159e-02 1.108844000000000106e-03 9.963560700000000381e-01
1.703784472673470259e+09 -2.330014944000000199e+00 1.796730000000000126e-04 8.271275519999999659e+00 2.660410000000000205e-03 8.525460999999999456e-02 1.203407000000000088e-03 9.963549379999999678e-01
1.703784473253386021e+09 -2.323462008999999995e+00 5.271699999999999688e-05 8.319724083000000547e+00 1.987950999999999954e-03 7.182633900000000293e-02 9.520449999999999963e-04 9.974147079999999832e-01
1.703784473919856071e+09 -2.311966657999999786e+00 -6.182670000000000353e-04 8.373831749000000713e+00 9.281940000000000243e-04 9.547297700000000054e-02 1.764907000000000021e-03 9.954300520000000096e-01
1.703784474590988636e+09 -2.300126313999999894e+00 -1.072105999999999970e-03 8.428380012999999948e+00 5.010690000000000369e-04 9.540284400000000053e-02 1.702743000000000052e-03 9.954372049999999916e-01
1.703784475171024323e+09 -2.294580460000000155e+00 -1.573622999999999906e-03 8.477184296000000785e+00 -2.054606999999999961e-03 6.809692100000000470e-02 2.467029999999999831e-03 9.976735709999999813e-01
1.703784475837266445e+09 -2.290863276000000059e+00 -1.953344999999999995e-03 8.532850266000000516e+00 -8.872440000000000318e-04 3.800620899999999913e-02 2.894109000000000178e-03 9.992729430000000246e-01
1.703784476504163980e+09 -2.290130377000000106e+00 -2.139315000000000140e-03 8.588788986000000847e+00 -2.848484999999999993e-03 1.285454599999999968e-02 2.176411000000000057e-03 9.999109510000000478e-01
1.703784477125076532e+09 -2.290632485999999801e+00 -1.079841999999999911e-03 8.640609741000000454e+00 -1.296803999999999926e-03 -6.001860000000000354e-03 4.115535000000000027e-03 9.999727010000000194e-01
1.703784477875203133e+09 -2.291656494000000155e+00 -6.256290000000000505e-04 8.703149795999999938e+00 -2.948392000000000200e-03 -2.888512000000000197e-03 3.498245999999999994e-03 9.999853969999999981e-01
1.703784478541227102e+09 -2.292372703999999928e+00 -7.146249999999999825e-04 8.757626533999999907e+00 -2.431182000000000048e-03 -5.864030000000000110e-03 2.981067999999999912e-03 9.999754429999999639e-01
1.703784479334774971e+09 -2.293673276999999899e+00 -1.236120999999999965e-03 8.822968483000000361e+00 -1.348304999999999946e-03 -5.914907999999999971e-03 2.572155000000000014e-03 9.999783039999999845e-01
1.703784480009190798e+09 -2.295984507000000008e+00 -7.639759999999999780e-04 8.877762794000000568e+00 -3.048872000000000214e-03 -2.419823800000000039e-02 2.902043999999999891e-03 9.996983409999999903e-01
1.703784480625741482e+09 -2.299100637000000003e+00 -1.498912999999999938e-03 8.929797173000000754e+00 -2.885275999999999987e-03 -2.763789100000000123e-02 3.305055999999999793e-03 9.996083970000000374e-01
1.703784481330193520e+09 -2.296427727000000196e+00 -4.026810000000000025e-04 8.988252640000000682e+00 -3.524152999999999921e-03 -2.568551000000000081e-03 2.602675999999999948e-03 9.999871249999999767e-01
1.703784482037942410e+09 -2.297657490000000191e+00 2.017769999999999894e-04 9.047747612000000217e+00 -1.308315999999999906e-03 -1.258214600000000065e-02 3.244187999999999846e-03 9.999147649999999832e-01
1.703784482870790005e+09 -2.299715996000000207e+00 3.986400000000000322e-05 9.116500853999999876e+00 -3.575866999999999934e-03 -7.473478999999999886e-03 2.539398000000000002e-03 9.999624489999999755e-01
1.703784483506773233e+09 -2.298991202999999928e+00 1.068277000000000072e-03 9.167823792000000083e+00 -1.716267999999999960e-03 -1.190452099999999951e-02 3.246929999999999868e-03 9.999223950000000194e-01
1.703784484165051460e+09 -2.299939870999999858e+00 1.222514999999999973e-03 9.222372054999999236e+00 -1.865626999999999910e-03 -9.307057000000000524e-03 2.847407000000000150e-03 9.999509450000000355e-01
1.703784484828094959e+09 -2.300319672000000093e+00 2.030699999999999866e-03 9.277115822000000733e+00 -3.019300000000000044e-04 -1.328737399999999937e-02 4.086677000000000365e-03 9.999033210000000116e-01
1.703784485494462967e+09 -2.301764727000000121e+00 1.274844000000000021e-03 9.331192016999999339e+00 -5.260310000000000463e-04 -1.011926800000000071e-02 2.692171000000000147e-03 9.999450450000000323e-01
1.703784486159785271e+09 -2.301808357000000083e+00 1.579504999999999928e-03 9.387128829999999979e+00 -5.177964000000000178e-03 -4.646148999999999592e-03 2.682181000000000062e-03 9.999722239999999651e-01
1.703784486744436502e+09 -2.302044630000000147e+00 1.460607999999999958e-03 9.434265137000000578e+00 -5.220673999999999801e-03 -5.385186999999999613e-03 3.343365999999999959e-03 9.999662639999999936e-01
1.703784487285592556e+09 -2.302318096000000036e+00 1.434387999999999982e-03 9.478138923999999577e+00 -4.416629000000000041e-03 -6.135630999999999897e-03 3.366071999999999901e-03 9.999657870000000504e-01
1.703784487826549768e+09 -2.303421021000000124e+00 1.373003000000000027e-03 9.521875380999999194e+00 -3.436479000000000096e-03 -6.344975999999999568e-03 3.890261999999999800e-03 9.999664430000000381e-01
1.703784488369223118e+09 -2.305288076000000075e+00 8.371379999999999664e-04 9.565475464000000372e+00 -4.416727999999999973e-03 -9.011655000000000360e-03 3.250519999999999798e-03 9.999443890000000446e-01
1.703784488952010870e+09 -2.306296349000000134e+00 1.058319999999999964e-03 9.610149383999999628e+00 -4.179793000000000223e-03 -1.754038000000000125e-02 3.702177999999999979e-03 9.998306040000000117e-01
1.703784489325035334e+09 -2.306189299000000137e+00 2.563984999999999962e-03 9.620480537000000609e+00 -3.708225999999999797e-03 -1.788721999999999882e-02 4.382475000000000259e-03 9.998235109999999981e-01
