1.702688123750164747e+09 0.000000000000000000e+00 0.000000000000000000e+00 0.000000000000000000e+00 -0.000000000000000000e+00 -0.000000000000000000e+00 -0.000000000000000000e+00 1.000000000000000000e+00
1.702688124081733227e+09 4.423900000000000114e-05 5.159899999999999844e-05 1.880918999999999994e-03 -6.731709999999999691e-04 2.775759999999999729e-04 5.311190000000000355e-04 9.999996420000000219e-01
1.702688124121896505e+09 3.107200000000000337e-05 4.303499999999999708e-05 2.083597999999999874e-03 -9.105219999999999807e-04 4.958189999999999906e-04 5.312640000000000418e-04 9.999993440000000122e-01
1.702688124750879765e+09 -1.780180000000000022e-04 1.228620000000000038e-04 5.522344999999999685e-03 -3.314290000000000009e-04 -3.225739999999999944e-03 -1.862640000000000042e-04 9.999947550000000129e-01
1.702688124833318949e+09 -2.250300000000000054e-04 6.687499999999999922e-05 5.995679000000000286e-03 -1.041227000000000038e-03 -3.027553000000000102e-03 -4.366929999999999879e-04 9.999948140000000096e-01
1.702688124914194107e+09 -2.470670000000000114e-04 1.200430000000000025e-04 6.454343999999999880e-03 -1.160676999999999933e-03 -2.837553000000000037e-03 -3.640059999999999975e-04 9.999952319999999562e-01
1.702688125254037619e+09 -3.908059999999999984e-04 4.419000000000000381e-06 8.203633000000000106e-03 -8.561260000000000224e-04 -3.859815999999999855e-03 4.870590000000000271e-04 9.999920730000000368e-01
1.702688125412331581e+09 -2.367620000000000076e-04 5.284499999999999972e-05 9.162939000000000153e-03 -1.130048999999999941e-03 -2.985420999999999821e-03 8.647960000000000326e-04 9.999945160000000000e-01
1.702688125497219563e+09 -2.516579999999999815e-04 3.224800000000000024e-05 9.610657999999999354e-03 -1.622670000000000102e-03 -2.345409000000000122e-03 3.997170000000000085e-04 9.999958869999999722e-01
1.702688125832619429e+09 -1.113890000000000003e-04 1.027649999999999961e-04 1.147649000000000065e-02 -1.473958999999999946e-03 -2.608459000000000038e-03 8.948079999999999749e-04 9.999951120000000193e-01
1.702688126080536604e+09 -1.711000000000000118e-04 4.233900000000000239e-05 1.283781900000000031e-02 -1.745571999999999922e-03 -3.451329999999999849e-03 6.354929999999999954e-04 9.999923109999999671e-01
1.702688126330384970e+09 -1.989519999999999884e-04 1.035699999999999926e-05 1.417378099999999988e-02 -1.764439999999999932e-03 -4.435203999999999883e-03 5.436119999999999581e-04 9.999884959999999490e-01
1.702688126581273794e+09 -1.294590000000000085e-04 1.779900000000000018e-05 1.554566400000000070e-02 -1.928311000000000044e-03 -3.739132999999999953e-03 9.910430000000000454e-04 9.999906419999999851e-01
1.702688126703040838e+09 -4.492200000000000121e-05 -7.722499999999999330e-05 1.617573900000000148e-02 -6.518939999999999761e-04 -2.658030000000000028e-03 1.132170999999999959e-03 9.999955889999999625e-01
1.702688126871085882e+09 -7.831100000000000289e-05 -1.080869999999999970e-04 1.707762100000000116e-02 -3.472959999999999763e-04 -3.682410000000000110e-03 1.553130000000000005e-03 9.999919529999999890e-01
1.702688127040353298e+09 -5.117799999999999688e-05 -1.330389999999999980e-04 1.798579999999999970e-02 -9.348999999999999766e-06 -4.013471000000000226e-03 1.432831000000000079e-03 9.999909399999999948e-01
1.702688127203821421e+09 -7.589799999999999737e-05 -1.344200000000000039e-04 1.888085000000000110e-02 1.266929999999999879e-04 -3.824839000000000017e-03 4.816590000000000042e-04 9.999926089999999768e-01
1.702688127580854416e+09 -4.656269999999999788e-04 -1.317099999999999977e-04 2.087905300000000158e-02 7.405960000000000494e-04 -1.031963600000000009e-02 2.395239999999999923e-04 9.999464750000000013e-01
1.702688127959379911e+09 -8.649460000000000091e-04 -1.754240000000000064e-04 2.295165700000000031e-02 2.518110000000000053e-04 -1.518703199999999962e-02 -1.245540000000000004e-04 9.998846649999999503e-01
1.702688128162803411e+09 -7.907160000000000100e-04 -1.473079999999999930e-04 2.408881300000000059e-02 1.846963000000000077e-03 -1.508972299999999933e-02 -1.185459999999999943e-03 9.998837710000000323e-01
1.702688128578850508e+09 -1.096816999999999931e-03 -1.967249999999999977e-04 2.623514600000000085e-02 1.739742999999999975e-03 -1.887328900000000143e-02 -1.113213000000000050e-03 9.998197559999999484e-01
1.702688128784196377e+09 -1.143048999999999931e-03 -1.553889999999999991e-04 2.743106500000000100e-02 6.283779999999999661e-04 -2.480088199999999979e-02 -8.241239999999999720e-04 9.996919039999999645e-01
1.702688129040646076e+09 -1.218371999999999901e-03 -1.962180000000000109e-04 2.879803800000000150e-02 1.057402000000000038e-03 -2.837444800000000003e-02 -1.168661999999999999e-03 9.995961190000000052e-01
1.702688129284078836e+09 -1.319815000000000007e-03 -2.196280000000000053e-04 3.007775899999999905e-02 2.386572999999999906e-03 -2.416441999999999896e-02 -4.770479999999999903e-04 9.997050760000000258e-01
1.702688129535256386e+09 -1.311885000000000048e-03 -2.427340000000000107e-04 3.140822100000000006e-02 2.712647999999999796e-03 -1.956564200000000114e-02 -3.057700000000000218e-04 9.998048539999999651e-01
1.702688129785769463e+09 -1.333032000000000054e-03 -2.156100000000000041e-04 3.274880699999999784e-02 2.508392999999999821e-03 -2.439859299999999967e-02 1.411495000000000024e-03 9.996981619999999458e-01
1.702688130036317587e+09 -1.535543000000000107e-03 -2.038839999999999880e-04 3.412402400000000280e-02 5.313100000000000071e-04 -2.590281100000000128e-02 7.774150000000000504e-04 9.996640089999999645e-01
1.702688130329644442e+09 -1.566434999999999919e-03 -1.074749999999999968e-04 3.574855300000000236e-02 -5.124450000000000446e-04 -2.511171099999999837e-02 9.502550000000000016e-04 9.996840949999999948e-01
1.702688130619312525e+09 -1.556623000000000034e-03 -1.039519999999999968e-04 3.730998199999999848e-02 -1.363003000000000001e-03 -2.028895899999999877e-02 5.234050000000000074e-04 9.997931119999999838e-01
1.702688130912532806e+09 -1.501195000000000090e-03 -9.053700000000000408e-05 3.884293099999999721e-02 -3.486243999999999888e-03 -1.894449600000000164e-02 5.121639999999999570e-04 9.998143320000000278e-01
1.702688131201363802e+09 -1.300389000000000102e-03 -8.658000000000000114e-05 4.039538299999999998e-02 -2.416861000000000183e-03 -1.394860799999999949e-02 3.719390000000000044e-04 9.998997450000000065e-01
1.702688131454138279e+09 -1.440277999999999914e-03 -7.359000000000000524e-05 4.163150100000000131e-02 -1.768594000000000069e-03 -8.104455999999999466e-03 3.086160000000000010e-04 9.999655490000000091e-01
1.702688131741484404e+09 -1.545174000000000070e-03 -5.077200000000000110e-05 4.323599899999999718e-02 -1.768770000000000021e-03 -1.682733999999999966e-03 8.875999999999999382e-06 9.999970200000000142e-01
1.702688132074300051e+09 -1.267466000000000079e-03 -3.299900000000000034e-05 4.488245400000000218e-02 -1.195827000000000001e-03 3.646524999999999853e-03 -8.679449999999999579e-04 9.999922509999999987e-01
1.702688132376459122e+09 -1.306475999999999991e-03 -8.196500000000000552e-05 4.641102999999999895e-02 -1.229796000000000014e-03 4.407503999999999589e-03 -1.260147999999999997e-03 9.999887349999999619e-01
1.702688132698576212e+09 -1.317012999999999908e-03 -1.035739999999999946e-04 4.818373900000000321e-02 -2.159770000000000092e-03 4.754061999999999871e-03 -1.951044000000000085e-03 9.999845029999999690e-01
1.702688133033560991e+09 -1.272090999999999934e-03 -9.961199999999999428e-05 4.988423399999999952e-02 -2.188686999999999924e-03 5.505808000000000056e-03 -1.473179000000000025e-03 9.999813440000000497e-01
1.702688133406391621e+09 -1.351006999999999989e-03 -7.222099999999999852e-05 5.187267100000000214e-02 -3.193968000000000154e-03 4.093793000000000085e-03 -2.612399999999999965e-03 9.999831319999999968e-01
1.702688133741813898e+09 -1.430548999999999927e-03 -1.270499999999999948e-05 5.359840400000000227e-02 -3.684019000000000182e-03 3.697764000000000086e-03 -3.120782999999999804e-03 9.999815229999999833e-01
1.702688134074502230e+09 -1.386256999999999897e-03 -1.586999999999999883e-05 5.532057600000000325e-02 -3.894359999999999922e-03 6.292215999999999781e-03 -3.526870999999999999e-03 9.999664430000000381e-01
1.702688134449181557e+09 -1.293139000000000007e-03 -6.005200000000000034e-05 5.725983899999999988e-02 -3.052117000000000024e-03 5.840661999999999937e-03 -2.833591999999999795e-03 9.999743100000000329e-01
1.702688134822543144e+09 -1.348397000000000094e-03 5.505000000000000317e-05 5.927193900000000265e-02 -4.178463000000000316e-03 5.282573999999999950e-03 -2.238401000000000106e-03 9.999748469999999445e-01
1.702688135196341991e+09 -1.277509999999999930e-03 4.063799999999999954e-05 6.120624799999999782e-02 -4.134694000000000390e-03 7.177783000000000080e-03 -2.458874000000000216e-03 9.999626870000000167e-01
1.702688135619563341e+09 -1.322859000000000014e-03 -1.306999999999999938e-06 6.334275000000000322e-02 -2.119792000000000117e-03 5.272627000000000216e-03 -1.843297000000000034e-03 9.999821779999999993e-01
1.702688135989392757e+09 -1.322980000000000076e-03 2.005400000000000146e-05 6.533531099999999314e-02 -3.714330000000000062e-03 5.742589000000000200e-03 -2.466780999999999922e-03 9.999735950000000484e-01
1.702688136277602911e+09 -1.141497999999999905e-03 3.300999999999999820e-06 6.683792199999999406e-02 -4.117660999999999891e-03 9.747343999999999800e-03 -3.266935999999999798e-03 9.999386670000000032e-01
1.702688136570878744e+09 -1.202394000000000076e-03 3.340500000000000289e-05 6.833674800000000271e-02 -3.465390999999999957e-03 7.929581999999999256e-03 -3.431990000000000214e-03 9.999566669999999657e-01
1.702688136862253666e+09 -1.221504999999999900e-03 4.775399999999999713e-05 6.984901400000000093e-02 -2.581051000000000005e-03 7.741938000000000292e-03 -3.046481000000000189e-03 9.999620909999999974e-01
1.702688137195188761e+09 -1.217860000000000080e-03 8.458299999999999976e-05 7.155130099999999771e-02 -2.513435999999999969e-03 5.666191000000000109e-03 -2.360436999999999952e-03 9.999780059999999748e-01
1.702688137528168678e+09 -1.234583999999999942e-03 6.818000000000000113e-05 7.330080099999999876e-02 -3.060529000000000201e-03 3.631750999999999903e-03 -1.485582000000000048e-03 9.999876619999999994e-01
1.702688138194791317e+09 -1.167195999999999902e-03 5.461900000000000002e-05 7.665922499999999751e-02 -3.149537999999999904e-03 2.171895999999999983e-03 -1.637620000000000004e-03 9.999913569999999696e-01
1.702688138446395159e+09 -1.171705000000000099e-03 5.094699999999999858e-05 7.798001899999999764e-02 -4.102686999999999827e-03 -2.067699999999999871e-05 -1.774006000000000064e-03 9.999900459999999658e-01
1.702688138696838379e+09 -1.187626000000000003e-03 2.447799999999999840e-05 7.914710799999999380e-02 -3.585248999999999988e-03 -5.106849999999999584e-03 -1.507056000000000107e-03 9.999793769999999471e-01
1.702688139033727646e+09 -9.412409999999999961e-04 4.378099999999999977e-05 8.084691300000000636e-02 -1.861767000000000066e-03 1.137621400000000081e-02 -1.876665000000000017e-03 9.999318120000000309e-01
1.702688139275592566e+09 -9.226920000000000217e-04 5.647199999999999735e-05 8.219074499999999561e-02 -1.095901000000000037e-03 2.597459800000000152e-02 -2.328965000000000115e-03 9.996593000000000284e-01
1.702688139573784351e+09 -8.783600000000000131e-04 6.963099999999999791e-05 8.365711600000000359e-02 -5.831639999999999480e-04 4.194068199999999996e-02 -2.213464000000000056e-03 9.991174940000000504e-01
1.702688139820947886e+09 -5.766910000000000525e-04 4.893300000000000058e-05 8.488738499999999576e-02 1.429760000000000080e-04 5.065026100000000198e-02 -1.745028000000000031e-03 9.987149239999999484e-01
1.702688140774698019e+09 2.433319999999999938e-04 6.498700000000000646e-05 8.976151000000000268e-02 -6.723189999999999982e-04 9.322040500000000618e-02 -2.121885999999999911e-03 9.956430200000000452e-01
1.702688141068032980e+09 5.821319999999999620e-04 1.176289999999999947e-04 9.112750699999999648e-02 -1.503947000000000053e-03 1.031371880000000046e-01 -4.209810000000000136e-04 9.946659209999999529e-01
1.702688141358977079e+09 9.147339999999999464e-04 9.332099999999999640e-05 9.254943599999999881e-02 -3.897710000000000194e-04 1.052289609999999959e-01 -7.203010000000000142e-04 9.944477080000000413e-01
1.702688142691183090e+09 2.158536999999999869e-03 2.966399999999999923e-05 9.914662700000000106e-02 1.096387000000000099e-03 9.498872599999999555e-02 -1.329352000000000008e-03 9.954769020000000523e-01
1.702688142981350422e+09 2.409929999999999798e-03 6.792200000000000462e-05 1.006750690000000059e-01 -3.827519999999999837e-04 9.363493300000000352e-02 -7.477789999999999567e-04 9.956062439999999736e-01
1.702688143274113178e+09 2.573067000000000062e-03 1.284009999999999926e-04 1.021059680000000053e-01 -5.865920000000000379e-04 9.271264099999999841e-02 -6.725659999999999842e-04 9.956925509999999813e-01
1.702688143856527567e+09 3.008794999999999872e-03 8.597400000000000051e-05 1.050142939999999941e-01 -3.316810000000000114e-04 8.856042499999999817e-02 -1.877350000000000069e-03 9.960690140000000303e-01
1.702688144190204382e+09 3.454878000000000202e-03 7.382400000000000333e-05 1.066772789999999999e-01 -2.810940000000000162e-04 8.894051599999999724e-02 -1.433400000000000039e-03 9.960358740000000433e-01
1.702688144479971409e+09 3.751906000000000165e-03 4.484899999999999700e-05 1.080907059999999947e-01 1.132682000000000090e-03 8.850585699999999334e-02 -1.625525000000000060e-03 9.960736629999999980e-01
1.702688145023893595e+09 4.325551000000000396e-03 2.907199999999999880e-05 1.108692879999999964e-01 5.361400000000000540e-04 9.655334100000000086e-02 -6.549179999999999932e-04 9.953274730000000181e-01
1.702688145313872576e+09 4.665372000000000095e-03 5.612599999999999761e-05 1.124015230000000032e-01 6.311200000000000154e-05 9.822248699999999721e-02 -1.038740000000000019e-03 9.951639770000000329e-01
1.702688145603869200e+09 4.778184000000000424e-03 -5.934000000000000276e-06 1.138143989999999967e-01 -1.250084999999999955e-03 9.760399899999999684e-02 -6.261559999999999999e-04 9.952243570000000039e-01
1.702688146228599072e+09 5.406512999999999944e-03 4.517000000000000121e-06 1.168277790000000066e-01 1.925875000000000069e-03 7.286251300000000375e-02 -7.764319999999999685e-04 9.973398449999999471e-01
1.702688146603670359e+09 5.591930000000000164e-03 3.379000000000000174e-06 1.188778580000000029e-01 -9.986300000000000255e-05 5.928521199999999686e-02 -1.346083000000000088e-03 9.982401730000000084e-01
1.702688146935305357e+09 5.830674000000000100e-03 1.007629999999999973e-04 1.205824020000000052e-01 -1.719760000000000082e-03 4.246396899999999724e-02 -1.948763000000000058e-03 9.990946649999999929e-01
1.702688147271617889e+09 5.928425999999999661e-03 8.830500000000000242e-05 1.221957429999999956e-01 -3.281690000000000084e-04 5.955412999999999679e-02 -1.729471000000000003e-03 9.982235430000000465e-01
1.702688147686701298e+09 6.303658000000000178e-03 1.107819999999999974e-04 1.243252080000000065e-01 -2.988649999999999922e-04 6.723196100000000675e-02 -2.831770999999999854e-03 9.977333550000000439e-01
1.702688148023318291e+09 6.588858000000000388e-03 1.660730000000000073e-04 1.261005550000000031e-01 -1.074742999999999966e-03 6.567310499999999551e-02 -3.673404999999999813e-03 9.978338479999999677e-01
1.702688148311103821e+09 6.811514000000000284e-03 1.148440000000000002e-04 1.275748909999999958e-01 -6.105099999999999806e-04 6.620264100000000651e-02 -3.569778000000000014e-03 9.977996350000000181e-01
1.702688148644455433e+09 7.125483999999999637e-03 1.508299999999999942e-05 1.291880009999999968e-01 -6.579879999999999757e-04 6.472599499999999451e-02 -3.661480999999999850e-03 9.978961939999999586e-01
1.702688149434083700e+09 7.671980999999999593e-03 9.065300000000000094e-05 1.333388689999999988e-01 4.623860000000000144e-04 6.622793500000000166e-02 -3.321633000000000051e-03 9.977989200000000336e-01
1.702688149811947346e+09 7.783804000000000070e-03 2.783700000000000131e-05 1.351340259999999904e-01 1.462593000000000096e-03 6.655716200000000304e-02 -2.044859000000000000e-03 9.977794290000000510e-01
1.702688150146930933e+09 8.160113999999999562e-03 4.248400000000000185e-05 1.368417590000000073e-01 2.055528999999999950e-03 6.907083099999999920e-02 -1.732800999999999959e-03 9.976081850000000362e-01
1.702688150520905733e+09 8.507643999999999970e-03 3.929400000000000021e-05 1.388159099999999868e-01 2.339691000000000080e-03 7.340210699999999422e-02 -1.440784999999999982e-03 9.972986579999999490e-01
1.702688150893731833e+09 8.791732000000000019e-03 9.372299999999999696e-05 1.406835909999999967e-01 3.361759000000000188e-03 7.573013800000000240e-02 -2.486437000000000196e-03 9.971196060000000472e-01
1.702688151225185394e+09 9.063033999999999327e-03 1.814669999999999890e-04 1.424117540000000015e-01 1.992709000000000060e-03 7.904504199999999592e-02 -4.371363999999999979e-03 9.968594910000000420e-01
1.702688151558432579e+09 9.348801000000000333e-03 1.177820000000000050e-04 1.441757080000000135e-01 8.761729999999999475e-04 8.132149299999999470e-02 -4.425840999999999803e-03 9.966776969999999736e-01
1.702688151893029690e+09 9.632656999999999331e-03 1.428169999999999982e-04 1.457765249999999901e-01 4.219499999999999835e-04 8.237259800000000520e-02 -4.443357999999999683e-03 9.965916280000000071e-01
1.702688152227737665e+09 9.898913999999999977e-03 8.524500000000000122e-05 1.473949400000000021e-01 1.651296000000000014e-03 8.357717100000000565e-02 -5.426265000000000428e-03 9.964851740000000291e-01
1.702688152556785822e+09 1.016766700000000002e-02 1.164210000000000022e-04 1.490780859999999985e-01 9.164009999999999561e-04 8.666606200000000204e-02 -4.500854999999999786e-03 9.962268469999999709e-01
1.702688153015389681e+09 1.075015799999999924e-02 1.566879999999999879e-04 1.513141389999999864e-01 7.225400000000000312e-04 1.018126760000000047e-01 -5.427961999999999718e-03 9.947885269999999780e-01
1.702688153430705547e+09 1.129378200000000047e-02 1.502279999999999989e-04 1.533139799999999886e-01 2.094041999999999952e-03 1.140253100000000047e-01 -6.587746000000000227e-03 9.934538010000000252e-01
1.702688153931197166e+09 1.188731699999999968e-02 1.700989999999999989e-04 1.557826400000000000e-01 2.338185000000000003e-03 1.147363710000000037e-01 -8.117889999999999134e-03 9.933600430000000259e-01
1.702688154388037205e+09 1.233380899999999940e-02 1.459900000000000032e-04 1.580192599999999947e-01 3.739192000000000123e-03 1.105966050000000006e-01 -9.059711999999999280e-03 9.938170910000000413e-01
1.702688154973164558e+09 1.285526199999999925e-02 1.974660000000000098e-04 1.608142850000000013e-01 5.180040000000000339e-03 9.153107600000000288e-02 -1.003754999999999925e-02 9.957381490000000168e-01
1.702688155386900425e+09 1.318842599999999962e-02 2.122319999999999968e-04 1.629331709999999878e-01 2.639472999999999819e-03 8.168079699999999943e-02 -1.121566300000000072e-02 9.965919850000000135e-01
1.702688155804564238e+09 1.332030399999999982e-02 2.318250000000000107e-04 1.648780109999999910e-01 1.700904999999999952e-03 6.640776199999999518e-02 -1.046855600000000039e-02 9.977362159999999536e-01
1.702688156224392176e+09 1.354955899999999921e-02 1.734259999999999892e-04 1.667198089999999966e-01 1.188973999999999977e-03 5.052604900000000343e-02 -8.551680000000000739e-03 9.986854200000000459e-01
1.702688156678430319e+09 1.356641800000000023e-02 1.907920000000000124e-04 1.690214720000000059e-01 1.846060000000000062e-03 2.579654199999999870e-02 -8.927513999999999242e-03 9.996256829999999871e-01
1.702688157095677614e+09 1.357219900000000007e-02 2.572580000000000092e-04 1.710817659999999962e-01 1.396977999999999892e-03 5.919268000000000099e-03 -9.030998999999999624e-03 9.999407529999999600e-01
1.702688157470165491e+09 1.349679399999999946e-02 2.749629999999999761e-04 1.730935869999999932e-01 -1.746000000000000097e-06 -1.162576100000000008e-02 -1.041920300000000014e-02 9.998781679999999561e-01
1.702688157802221060e+09 1.330111699999999945e-02 2.767949999999999816e-04 1.747225370000000111e-01 -1.691330000000000004e-03 -2.290006199999999881e-02 -1.076608199999999974e-02 9.996783729999999535e-01
1.702688158218498468e+09 1.316919299999999918e-02 2.881560000000000241e-04 1.768094299999999897e-01 -5.597140000000000015e-04 -2.455870599999999959e-02 -1.197917599999999937e-02 9.996264580000000510e-01
1.702688158637795210e+09 1.319902400000000017e-02 3.028220000000000087e-04 1.788668479999999950e-01 1.002869999999999971e-04 -1.643076200000000153e-02 -1.114208099999999986e-02 9.998029470000000529e-01
1.702688159013438702e+09 1.313985299999999995e-02 2.669770000000000021e-04 1.807842249999999928e-01 -5.924940000000000501e-04 -1.546604399999999997e-02 -1.038387399999999954e-02 9.998263120000000503e-01
1.702688159510745287e+09 1.291267500000000019e-02 2.857350000000000146e-04 1.832423059999999937e-01 -2.089089999999999882e-04 -2.753656900000000032e-02 -1.082699399999999951e-02 9.995621439999999858e-01
1.702688159927341223e+09 1.282818399999999942e-02 3.146530000000000247e-04 1.853499859999999944e-01 -3.407859999999999861e-04 -3.326941700000000252e-02 -1.015351400000000064e-02 9.993947739999999857e-01
1.702688160384006739e+09 1.269887400000000062e-02 2.547140000000000146e-04 1.876223529999999917e-01 -1.722020000000000104e-03 -2.593848500000000071e-02 -1.090329299999999967e-02 9.996026159999999994e-01
1.702688160765698195e+09 1.277306800000000027e-02 2.830870000000000088e-04 1.895437839999999929e-01 -1.319211999999999945e-03 -1.273618800000000072e-02 -1.097673400000000014e-02 9.998577830000000555e-01
1.702688161217192173e+09 1.261770400000000042e-02 3.080429999999999779e-04 1.916845889999999886e-01 -2.528100000000000071e-05 6.366759999999999737e-04 -9.695232999999999282e-03 9.999527929999999509e-01
1.702688161637373686e+09 1.256483000000000079e-02 2.924380000000000078e-04 1.936742660000000116e-01 2.378402999999999854e-03 -1.354942000000000039e-03 -9.935681000000000027e-03 9.999468919999999761e-01
1.702688162092471123e+09 1.269860499999999996e-02 2.636870000000000251e-04 1.959719659999999974e-01 1.371063000000000056e-03 4.092311000000000386e-03 -9.637003999999999362e-03 9.999442699999999684e-01
1.702688163094022989e+09 1.282659300000000072e-02 3.206060000000000268e-04 2.008751930000000074e-01 2.735535999999999784e-03 1.715554500000000121e-02 -9.845450999999999855e-03 9.998006219999999722e-01
1.702688163590433121e+09 1.292537499999999936e-02 2.829770000000000115e-04 2.033557739999999892e-01 1.891787000000000026e-03 2.472434800000000016e-02 -1.099552200000000063e-02 9.996320610000000162e-01
1.702688164215002298e+09 1.315188899999999994e-02 2.835499999999999804e-04 2.063548859999999874e-01 3.697241999999999890e-03 3.558914400000000311e-02 -1.078973100000000032e-02 9.993014340000000439e-01
1.702688164717071772e+09 1.323791000000000030e-02 3.136929999999999797e-04 2.088041750000000085e-01 3.058827000000000074e-03 3.328099799999999914e-02 -1.112913599999999954e-02 9.993793960000000309e-01
1.702688165173072100e+09 1.345810899999999935e-02 3.575939999999999783e-04 2.110207829999999896e-01 3.283756999999999995e-03 3.370291000000000259e-02 -1.169515299999999980e-02 9.993580579999999935e-01
1.702688165628839970e+09 1.347127499999999957e-02 3.154349999999999776e-04 2.132733169999999900e-01 3.079824000000000103e-03 3.316910900000000217e-02 -1.116454899999999931e-02 9.993826749999999981e-01
1.702688166046271086e+09 1.384393599999999939e-02 3.393129999999999953e-04 2.153350559999999969e-01 3.086978000000000204e-03 3.508913100000000257e-02 -1.152468400000000032e-02 9.993129969999999807e-01
1.702688166502873898e+09 1.377039099999999988e-02 3.266170000000000206e-04 2.175402190000000069e-01 3.283503000000000116e-03 4.075031700000000118e-02 -1.286492099999999965e-02 9.990811349999999535e-01
1.702688167544245720e+09 1.399105599999999998e-02 3.191399999999999836e-04 2.225914449999999989e-01 3.372452000000000175e-03 6.111964200000000180e-02 -1.308763899999999987e-02 9.980389480000000368e-01
1.702688168334489346e+09 1.478858000000000082e-02 3.917899999999999877e-04 2.260996849999999947e-01 3.725019999999999894e-03 7.257861599999999858e-02 -1.003653799999999936e-02 9.973052140000000509e-01
1.702688168793599606e+09 1.473274100000000059e-02 4.428680000000000160e-04 2.283839579999999980e-01 5.569301999999999933e-03 8.261313300000000526e-02 -7.960448999999999650e-03 9.965343479999999587e-01
1.702688169293601513e+09 1.472514699999999919e-02 4.040199999999999976e-04 2.306648789999999893e-01 4.925729999999999692e-03 9.992684400000000078e-02 -8.654682999999999821e-03 9.949449299999999496e-01
1.702688169627766848e+09 1.484538300000000019e-02 4.468639999999999960e-04 2.323601989999999895e-01 4.885585999999999922e-03 1.131649390000000061e-01 -9.371334999999999735e-03 9.935200210000000309e-01
1.702688170082923889e+09 1.608708899999999886e-02 2.671309999999999874e-04 2.345267679999999966e-01 6.169125000000000129e-03 1.229799240000000043e-01 -8.815256999999999954e-03 9.923508170000000517e-01
1.702688170500962019e+09 1.669660800000000167e-02 1.983280000000000026e-04 2.365947509999999920e-01 6.718749999999999896e-03 1.425425260000000027e-01 -1.006454300000000045e-02 9.897146820000000123e-01
1.702688170874715567e+09 1.777545900000000040e-02 1.434589999999999965e-04 2.384030669999999963e-01 6.947243999999999989e-03 1.520697330000000125e-01 -1.083426000000000007e-02 9.882860180000000438e-01
1.702688171372530699e+09 1.772608200000000064e-02 -2.972249999999999740e-04 2.404659690000000016e-01 4.076655999999999683e-03 1.703701320000000075e-01 -8.334246999999999489e-03 9.853364829999999852e-01
1.702688171750840425e+09 1.723629600000000164e-02 1.224150000000000130e-04 2.423971890000000129e-01 5.635878000000000415e-03 1.838059569999999920e-01 -8.752634000000000455e-03 9.829074140000000348e-01
1.702688172165761471e+09 1.674911399999999898e-02 -1.071843000000000058e-03 2.425168309999999883e-01 -7.250933999999999678e-03 1.785750239999999989e-01 -7.959946000000000729e-03 9.838674069999999716e-01
1.702688172579943419e+09 1.596117799999999948e-02 -1.314316999999999959e-03 2.432205530000000060e-01 -1.073822900000000018e-02 1.815212069999999900e-01 -9.257846999999999604e-03 9.832848309999999703e-01
1.702688173037659407e+09 1.657151999999999931e-02 -1.299622000000000060e-03 2.444381860000000017e-01 -1.152013300000000011e-02 1.448506270000000096e-01 -6.343154000000000153e-03 9.893661139999999632e-01
1.702688173580810785e+09 1.659843700000000061e-02 -1.334623999999999967e-03 2.460276630000000075e-01 -1.480382499999999962e-02 9.535757499999999998e-02 -5.856931999999999590e-03 9.953157900000000335e-01
1.702688173870713711e+09 1.670867900000000059e-02 -1.332173000000000081e-03 2.468357089999999865e-01 -1.364438500000000019e-02 6.250053599999999543e-02 -4.125260000000000385e-03 9.979431629999999664e-01
1.702688174168249846e+09 1.675474600000000092e-02 -1.831015000000000073e-03 2.478591800000000123e-01 -1.762658400000000070e-02 3.635374799999999823e-02 -8.221710000000000129e-04 9.991831780000000052e-01
1.702688174661454439e+09 1.707730299999999854e-02 -1.429441000000000045e-03 2.499022330000000014e-01 -1.387998300000000025e-02 -1.294249599999999951e-02 -2.835518999999999887e-03 9.998158809999999619e-01
1.702688174910407543e+09 1.718822899999999931e-02 -1.099507000000000002e-03 2.508700790000000236e-01 -1.150221300000000071e-02 -3.481192100000000261e-02 -3.618965000000000029e-03 9.993211629999999568e-01
1.702688175585099220e+09 1.694697499999999954e-02 -9.322630000000000153e-04 2.530563769999999990e-01 -1.140045699999999926e-02 -8.235344299999999840e-02 -5.958630000000000350e-03 9.965201620000000426e-01
1.702688175828527927e+09 1.681296499999999916e-02 -8.833699999999999669e-04 2.539755399999999996e-01 -1.315906799999999946e-02 -9.121863500000000624e-02 -6.515751999999999655e-03 9.957226510000000141e-01
1.702688176038653851e+09 1.682155999999999929e-02 -7.823609999999999723e-04 2.550144489999999764e-01 -1.226943500000000041e-02 -1.035246630000000029e-01 -6.147678999999999644e-03 9.945322279999999626e-01
1.702688176244094372e+09 1.684679600000000069e-02 -8.306350000000000322e-04 2.559490500000000113e-01 -1.518136800000000064e-02 -1.134456620000000027e-01 -6.583422000000000232e-03 9.934064150000000426e-01
1.702688176455815315e+09 1.655433699999999883e-02 -8.222239999999999801e-04 2.565684619999999971e-01 -1.601241299999999965e-02 -1.191058980000000017e-01 -8.247397999999999535e-03 9.927181600000000161e-01
1.702688176827462435e+09 1.719448200000000052e-02 -1.181940999999999938e-03 2.583250109999999933e-01 -1.698109700000000055e-02 -1.432234199999999902e-01 -1.310577400000000059e-02 9.894579049999999709e-01
1.702688177369846106e+09 1.693433299999999933e-02 -1.483467999999999939e-03 2.594940660000000232e-01 -2.239549700000000032e-02 -1.510231939999999995e-01 -1.505838399999999931e-02 9.881618020000000335e-01
1.702688177534214735e+09 1.686510299999999934e-02 -1.484005999999999954e-03 2.598614989999999958e-01 -2.293801300000000015e-02 -1.543101070000000019e-01 -1.514967600000000081e-02 9.876399639999999813e-01
1.702688177703878880e+09 1.679778800000000100e-02 -1.516655999999999907e-03 2.602355179999999990e-01 -2.370485799999999879e-02 -1.573643829999999966e-01 -1.509032400000000045e-02 9.871407749999999703e-01
1.702688177908123493e+09 1.670756199999999872e-02 -1.555348999999999924e-03 2.607327099999999787e-01 -2.422525199999999920e-02 -1.619795709999999889e-01 -1.558314700000000032e-02 9.863736629999999561e-01
1.702688178908134699e+09 1.476388699999999984e-02 -1.046672000000000010e-03 2.640621069999999904e-01 -2.096759200000000017e-02 -1.960636229999999924e-01 -1.287578200000000055e-02 9.802824260000000400e-01
1.702688179119230032e+09 1.443133199999999984e-02 -1.268950000000000026e-03 2.645207940000000035e-01 -2.480346500000000023e-02 -2.034633610000000092e-01 -1.357572100000000066e-02 9.786741730000000361e-01
1.702688179282643557e+09 1.421231599999999914e-02 -1.250451000000000080e-03 2.650697830000000033e-01 -2.563591900000000007e-02 -2.101672290000000110e-01 -1.389548399999999961e-02 9.772305489999999484e-01
1.702688179450808048e+09 1.391990899999999941e-02 -1.110129000000000064e-03 2.656293809999999977e-01 -2.321649699999999913e-02 -2.186162170000000016e-01 -1.392756099999999976e-02 9.754353169999999684e-01
1.702688179617077351e+09 1.363757600000000021e-02 -1.058415999999999958e-03 2.661420700000000084e-01 -2.235555599999999865e-02 -2.261283550000000031e-01 -1.403235400000000035e-02 9.737398619999999561e-01
1.702688179826010227e+09 1.327441099999999985e-02 -9.437059999999999936e-04 2.667884229999999968e-01 -2.246801699999999985e-02 -2.354307029999999912e-01 -1.406170500000000073e-02 9.715296629999999878e-01
1.702688181158828974e+09 1.045532199999999953e-02 -9.519920000000000292e-04 2.702730300000000252e-01 -2.725859400000000057e-02 -2.934286300000000236e-01 -1.191553300000000072e-02 9.555180070000000025e-01
1.702688181407511950e+09 9.874272999999999384e-03 -8.487069999999999770e-04 2.711187899999999984e-01 -2.455693899999999985e-02 -3.073444069999999861e-01 -9.745016999999999915e-03 9.512315390000000148e-01
1.702688181620156527e+09 9.404499000000000192e-03 -8.435849999999999946e-04 2.717339100000000229e-01 -2.555216800000000010e-02 -3.182682390000000083e-01 -9.331159000000000328e-03 9.476103190000000343e-01
1.702688181864032269e+09 8.806250999999999315e-03 -8.037089999999999989e-04 2.725474829999999793e-01 -2.740458999999999951e-02 -3.322440680000000035e-01 -8.741118000000000846e-03 9.427547450000000051e-01
1.702688182282747746e+09 7.786303999999999968e-03 -8.730279999999999768e-04 2.736529710000000226e-01 -3.107265000000000027e-02 -3.532935979999999865e-01 -8.872408000000000031e-03 9.349542259999999994e-01
1.702688182491040230e+09 7.228095000000000353e-03 -8.135310000000000414e-04 2.741346060000000029e-01 -3.079780899999999891e-02 -3.637246789999999952e-01 -9.424673999999999205e-03 9.309495690000000323e-01
1.702688182951270819e+09 5.948257000000000197e-03 -5.280149999999999514e-04 2.752908769999999894e-01 -2.917585099999999917e-02 -3.898310959999999881e-01 -9.527804000000000828e-03 9.203748109999999594e-01
1.702688183196659088e+09 5.283043000000000287e-03 -3.587169999999999877e-04 2.760051190000000210e-01 -2.725316800000000123e-02 -4.061423840000000229e-01 -8.955963000000000812e-03 9.133594040000000414e-01
1.702688183404708624e+09 4.714854000000000094e-03 -3.652509999999999763e-04 2.764118309999999967e-01 -2.745532599999999865e-02 -4.211260079999999961e-01 -8.694017999999999538e-03 9.065448640000000058e-01
1.702688183656378269e+09 3.942384999999999640e-03 -3.532860000000000189e-04 2.768389580000000239e-01 -2.845635100000000126e-02 -4.378404920000000256e-01 -7.687898000000000301e-03 8.985693449999999638e-01
1.702688183861770868e+09 3.346987000000000052e-03 -3.619830000000000205e-04 2.773203850000000026e-01 -2.955926600000000071e-02 -4.539995190000000180e-01 -6.603270999999999967e-03 8.904870150000000484e-01
1.702688184110902548e+09 2.638235999999999967e-03 -3.136640000000000109e-04 2.777101399999999942e-01 -2.903639499999999957e-02 -4.697158040000000145e-01 -6.501274999999999936e-03 8.823161130000000130e-01
1.702688184328037739e+09 1.946545999999999953e-03 -1.722860000000000103e-04 2.780627010000000232e-01 -2.856159000000000128e-02 -4.862879219999999836e-01 -5.771924999999999799e-03 8.733126519999999671e-01
1.702688184576878309e+09 1.160636999999999953e-03 -2.035519999999999918e-04 2.784112690000000168e-01 -2.955841799999999950e-02 -5.049697760000000368e-01 -4.629333999999999706e-03 8.626183269999999625e-01
1.702688184822968721e+09 5.038080000000000119e-04 -3.010350000000000070e-04 2.786174419999999929e-01 -3.173916799999999816e-02 -5.244339110000000304e-01 -3.683318000000000095e-03 8.508514169999999988e-01
1.702688185111918926e+09 -1.220109999999999945e-04 -2.010849999999999899e-04 2.789988520000000194e-01 -3.002045100000000008e-02 -5.482626560000000149e-01 -2.820300999999999884e-03 8.357624409999999671e-01
1.702688185363918543e+09 -9.728970000000000196e-04 -2.016110000000000048e-04 2.791866960000000120e-01 -3.009187199999999868e-02 -5.669756529999999684e-01 -2.553903000000000163e-03 8.231807349999999968e-01
1.702688185610520363e+09 -1.782432000000000027e-03 -1.714619999999999925e-04 2.793973679999999793e-01 -3.088805500000000107e-02 -5.856699939999999716e-01 -2.607439999999999931e-03 8.099567290000000419e-01
1.702688185821190834e+09 -2.405061999999999912e-03 -9.961799999999999388e-05 2.795513270000000161e-01 -3.203842400000000284e-02 -6.026288269999999780e-01 -1.444062000000000080e-03 7.973769309999999555e-01
1.702688186074335814e+09 -3.104761000000000153e-03 -7.707299999999999882e-05 2.795958519999999781e-01 -3.202263300000000174e-02 -6.175609829999999523e-01 -1.653977000000000051e-03 7.858691220000000310e-01
1.702688186527632236e+09 -4.012256999999999976e-03 8.892000000000000584e-06 2.798893150000000274e-01 -3.106279299999999827e-02 -6.471011039999999825e-01 1.681719999999999884e-04 7.617711419999999567e-01
1.702688186776847363e+09 -4.317999000000000316e-03 -1.963599999999999970e-05 2.796016929999999845e-01 -2.964591199999999996e-02 -6.485779879999999942e-01 8.133860000000000352e-04 7.605702279999999593e-01
1.702688186985560894e+09 -4.947125999999999607e-03 4.494100000000000221e-05 2.793582680000000207e-01 -3.171343699999999710e-02 -6.503217820000000149e-01 9.786600000000000117e-05 7.589966059999999626e-01
1.702688187238864660e+09 -5.722388999999999601e-03 1.107939999999999967e-04 2.800440790000000013e-01 -3.143860799999999983e-02 -6.486852170000000362e-01 -7.490000000000000498e-07 7.604072090000000284e-01
1.702688187484103918e+09 -6.527319999999999650e-03 1.419469999999999879e-04 2.802643180000000123e-01 -3.073297399999999971e-02 -6.479352710000000348e-01 5.624200000000000125e-05 7.610751390000000116e-01
1.702688187734517336e+09 -7.511511000000000229e-03 1.955670000000000065e-04 2.800578180000000139e-01 -3.125514800000000343e-02 -6.505592470000000072e-01 1.363710000000000128e-04 7.588120699999999497e-01
1.702688188573563576e+09 -1.045204700000000077e-02 3.702159999999999804e-04 2.808158399999999832e-01 -3.055757300000000107e-02 -6.497701409999999678e-01 3.476460000000000119e-04 7.595162989999999503e-01
1.702688188863511562e+09 -1.153284299999999922e-02 4.147649999999999905e-04 2.808288340000000272e-01 -3.070819899999999852e-02 -6.432720419999999883e-01 -2.002469999999999955e-04 7.650216220000000122e-01
1.702688189151738405e+09 -1.259607100000000035e-02 4.549460000000000179e-04 2.807514070000000084e-01 -3.079593400000000050e-02 -6.547794940000000175e-01 3.963920000000000225e-04 7.551922199999999696e-01
1.702688189441761494e+09 -1.361230000000000079e-02 5.385639999999999481e-04 2.809698880000000010e-01 -2.982912999999999884e-02 -6.675426960000000465e-01 1.971894000000000077e-03 7.439711690000000432e-01
1.702688189734070778e+09 -1.469923599999999921e-02 5.922129999999999625e-04 2.811118360000000038e-01 -2.970180799999999968e-02 -6.660610439999999910e-01 2.168499999999999990e-05 7.453057170000000342e-01
1.702688189983146667e+09 -1.561529899999999915e-02 6.270229999999999901e-04 2.811908129999999839e-01 -3.065681500000000045e-02 -6.704443690000000400e-01 3.030700000000000104e-04 7.413262130000000116e-01
1.702688190279198170e+09 -1.665449100000000043e-02 6.932299999999999747e-04 2.812277670000000174e-01 -3.011295400000000080e-02 -6.844590900000000477e-01 1.348828000000000049e-03 7.284278870000000516e-01
1.702688190525139809e+09 -1.754921699999999890e-02 7.648779999999999772e-04 2.812174259999999926e-01 -2.846433199999999844e-02 -6.853913659999999464e-01 9.815480000000000559e-04 7.276176810000000161e-01
1.702688190731891394e+09 -1.827372600000000055e-02 7.718990000000000443e-04 2.813731429999999922e-01 -2.814926800000000159e-02 -6.790181400000000478e-01 1.040179000000000017e-03 7.335809469999999832e-01
1.702688190982280731e+09 -1.919013300000000158e-02 8.098489999999999639e-04 2.814938129999999816e-01 -2.903057100000000154e-02 -6.753995419999999639e-01 1.488677000000000099e-03 7.368788720000000181e-01
1.702688191236978531e+09 -2.006460700000000166e-02 8.128620000000000246e-04 2.815113960000000248e-01 -2.984127400000000097e-02 -6.863920690000000491e-01 2.632663999999999838e-03 7.266144749999999819e-01
1.702688191484062672e+09 -2.093303200000000072e-02 8.176159999999999591e-04 2.815452809999999806e-01 -2.909629799999999961e-02 -6.840919850000000135e-01 2.793958999999999939e-03 7.288098929999999864e-01
1.702688191774575710e+09 -2.196002000000000023e-02 8.556119999999999524e-04 2.817095820000000139e-01 -2.818749499999999991e-02 -6.715460420000000097e-01 3.536201000000000101e-03 7.404180169999999839e-01
1.702688192062933922e+09 -2.297726300000000124e-02 8.899420000000000117e-04 2.817768749999999822e-01 -2.874986499999999945e-02 -6.661934849999999741e-01 4.411168000000000033e-03 7.452115419999999490e-01
1.702688192355956793e+09 -2.401854100000000089e-02 9.584570000000000155e-04 2.819900510000000193e-01 -2.883173500000000070e-02 -6.571430560000000032e-01 2.896952999999999855e-03 7.532086369999999587e-01
1.702688192646316767e+09 -2.509507500000000141e-02 1.033669000000000081e-03 2.822703719999999916e-01 -2.903979500000000019e-02 -6.441190839999999529e-01 2.286765999999999972e-03 7.643703819999999594e-01
1.702688192938962221e+09 -2.610704299999999992e-02 1.058632000000000106e-03 2.824288899999999880e-01 -3.011404900000000037e-02 -6.415526270000000419e-01 1.887797999999999993e-03 7.664853929999999593e-01
1.702688193231017590e+09 -2.714754600000000156e-02 1.162903999999999978e-03 2.825447620000000049e-01 -2.927787800000000024e-02 -6.504338979999999548e-01 4.985569999999999499e-04 7.589982149999999761e-01
1.702688193523477077e+09 -2.817787199999999964e-02 1.199041000000000082e-03 2.827389840000000265e-01 -2.897543099999999941e-02 -6.478003260000000374e-01 9.910439999999999527e-04 7.612583640000000207e-01
1.702688193811842442e+09 -2.915099300000000004e-02 1.218623000000000059e-03 2.829422059999999739e-01 -2.755317800000000109e-02 -6.370452640000000555e-01 2.441224999999999992e-03 7.703300119999999529e-01
1.702688194108810425e+09 -3.018474599999999841e-02 1.260588999999999894e-03 2.831983570000000117e-01 -2.780597099999999877e-02 -6.283010239999999857e-01 1.928748000000000094e-03 7.774709459999999961e-01
1.702688194397277594e+09 -3.119127500000000094e-02 1.320647000000000097e-03 2.834190129999999974e-01 -2.725523200000000076e-02 -6.271510719999999761e-01 1.084487000000000081e-03 7.784199120000000471e-01
1.702688194771994114e+09 -3.249941800000000214e-02 1.393934000000000102e-03 2.837309840000000194e-01 -2.873706800000000103e-02 -6.249799129999999980e-01 6.831629999999999777e-04 7.801114319999999935e-01
1.702688195060985088e+09 -3.345560999999999674e-02 1.449792000000000095e-03 2.839649020000000190e-01 -2.712416499999999869e-02 -6.260993480000000000e-01 2.745098999999999977e-03 7.792665359999999541e-01
1.702688195358011246e+09 -3.443548099999999695e-02 1.484164999999999963e-03 2.841943499999999845e-01 -2.606371999999999856e-02 -6.206229930000000117e-01 2.793364000000000003e-03 7.836708430000000059e-01
1.702688195645828724e+09 -3.548681699999999689e-02 1.503285999999999945e-03 2.844386700000000046e-01 -2.508297899999999830e-02 -6.114470360000000548e-01 1.205319999999999959e-03 7.908868190000000187e-01
1.702688195937274694e+09 -3.646706000000000253e-02 1.556876999999999914e-03 2.846673129999999774e-01 -2.517566300000000090e-02 -6.113339070000000097e-01 9.644000000000000229e-04 7.909715769999999813e-01
1.702688196271027088e+09 -3.762233300000000086e-02 1.571151000000000015e-03 2.849953170000000258e-01 -2.638456999999999955e-02 -6.015408639999999529e-01 -2.929720000000000132e-04 7.984061239999999948e-01
1.702688196603257895e+09 -3.872841600000000162e-02 1.673428999999999932e-03 2.855512499999999787e-01 -2.389534000000000102e-02 -5.933203099999999619e-01 1.275503000000000097e-03 8.046107890000000484e-01
1.702688196895312071e+09 -3.991857199999999939e-02 1.947153000000000078e-03 2.848455010000000009e-01 -2.341369899999999962e-02 -5.718204380000000420e-01 2.499638000000000207e-03 8.200408219999999471e-01
1.702688197231165886e+09 -4.009184999999999832e-02 1.848204999999999900e-03 2.847210760000000174e-01 -3.327856199999999764e-02 -5.644494890000000265e-01 1.619842000000000027e-03 8.247950080000000517e-01
1.702688197521100044e+09 -4.140537200000000279e-02 2.003711999999999941e-03 2.855256800000000039e-01 -2.845284899999999881e-02 -5.531142350000000096e-01 2.440432000000000191e-03 8.326158519999999896e-01
1.702688197852490187e+09 -4.274162699999999732e-02 2.151447999999999815e-03 2.856214639999999916e-01 -2.625132900000000033e-02 -5.345822569999999496e-01 1.252202999999999910e-03 8.447077269999999638e-01
1.702688198068964243e+09 -4.339640599999999848e-02 2.337904999999999931e-03 2.861267920000000187e-01 -2.486207000000000000e-02 -5.270881649999999974e-01 2.287556000000000051e-03 8.494437929999999470e-01
1.702688198309193373e+09 -4.413620399999999833e-02 2.422185999999999784e-03 2.865755859999999933e-01 -2.473683999999999952e-02 -5.169525740000000535e-01 1.714077999999999956e-03 8.556547759999999503e-01
1.702688198517964125e+09 -4.469079499999999844e-02 2.329939000000000055e-03 2.870565059999999891e-01 -2.620613399999999898e-02 -5.088915229999999568e-01 1.108170000000000064e-04 8.604316709999999535e-01
1.702688198644781113e+09 -4.502057999999999754e-02 2.415214000000000163e-03 2.872719169999999878e-01 -2.355918099999999848e-02 -5.031997559999999980e-01 1.368244999999999921e-03 8.638479110000000238e-01
1.702688198890823126e+09 -4.585452400000000067e-02 2.449886999999999985e-03 2.876771089999999864e-01 -2.300331699999999882e-02 -4.933218959999999820e-01 1.706496000000000055e-03 8.695409299999999897e-01
1.702688199020442486e+09 -4.607594799999999852e-02 2.393999999999999861e-03 2.878287429999999980e-01 -2.403513200000000072e-02 -4.924277959999999732e-01 1.134690000000000048e-03 8.700206280000000181e-01
1.702688199182362318e+09 -4.655658499999999755e-02 2.510080999999999944e-03 2.882382569999999977e-01 -2.218965999999999994e-02 -4.901859459999999835e-01 1.794807000000000043e-03 8.713335389999999903e-01
1.702688199308119774e+09 -4.682344599999999774e-02 2.487834999999999873e-03 2.886086400000000274e-01 -2.246928200000000014e-02 -4.887697990000000048e-01 2.050213999999999856e-03 8.721209760000000477e-01
1.702688199601385117e+09 -4.756648100000000073e-02 2.554148000000000009e-03 2.892708780000000091e-01 -2.217239899999999889e-02 -4.854140880000000213e-01 2.485624999999999987e-03 8.739996549999999864e-01
1.702688199933295965e+09 -4.841454700000000222e-02 2.594901000000000152e-03 2.899066809999999994e-01 -2.179981799999999859e-02 -4.837882820000000139e-01 2.146783000000000198e-03 8.749108909999999684e-01
1.702688200100477219e+09 -4.891496199999999933e-02 2.558711999999999879e-03 2.900929449999999910e-01 -2.190944699999999856e-02 -4.830350880000000013e-01 1.662349999999999939e-03 8.753252630000000201e-01
1.702688200308521986e+09 -4.947502200000000044e-02 2.556315999999999884e-03 2.901625629999999845e-01 -2.237855299999999895e-02 -4.813062850000000004e-01 1.217579000000000100e-03 8.762659430000000471e-01
1.702688200476429939e+09 -4.991484100000000146e-02 2.475212000000000072e-03 2.901793120000000226e-01 -2.301386399999999846e-02 -4.806308449999999732e-01 5.001810000000000414e-04 8.766208290000000458e-01
1.702688200680939913e+09 -5.055136999999999825e-02 2.529258999999999848e-03 2.903886439999999736e-01 -2.297624399999999983e-02 -4.816312189999999993e-01 9.589070000000000536e-04 8.760722880000000323e-01
1.702688200889688492e+09 -5.109733000000000330e-02 2.508059999999999890e-03 2.906149330000000197e-01 -2.367665199999999942e-02 -4.810819920000000138e-01 -4.649900000000000322e-05 8.763558860000000283e-01
1.702688201097800016e+09 -5.167435499999999821e-02 2.525722000000000210e-03 2.910046880000000113e-01 -2.468321799999999983e-02 -4.929115179999999929e-01 8.708369999999999566e-04 8.697288629999999632e-01
1.702688201305832624e+09 -5.228279499999999996e-02 2.501118000000000091e-03 2.912745179999999823e-01 -2.548096299999999884e-02 -5.015975240000000168e-01 8.242160000000000111e-04 8.647253510000000309e-01
1.702688201516457558e+09 -5.288599399999999867e-02 2.585150999999999942e-03 2.917557359999999878e-01 -2.554044499999999843e-02 -5.057470800000000155e-01 -2.207289999999999936e-04 8.623036739999999645e-01
1.702688201722691774e+09 -5.347514200000000328e-02 2.635882999999999889e-03 2.920371290000000064e-01 -2.533235799999999927e-02 -5.037636760000000491e-01 4.112009999999999819e-04 8.634698389999999613e-01
1.702688202013572454e+09 -5.434843500000000049e-02 2.687544999999999951e-03 2.923665939999999797e-01 -2.560367599999999882e-02 -5.049493309999999457e-01 -1.177836000000000031e-03 8.627683520000000161e-01
1.702688202227379084e+09 -5.490389500000000117e-02 2.731570999999999912e-03 2.928512099999999729e-01 -2.583682899999999866e-02 -5.099436640000000187e-01 -1.058087000000000090e-03 8.598190549999999988e-01
1.702688202680885315e+09 -5.620063799999999721e-02 2.796013999999999878e-03 2.933979930000000236e-01 -2.498932699999999868e-02 -5.105557440000000335e-01 -2.921140000000000021e-04 8.594813940000000096e-01
1.702688203181320906e+09 -5.758087700000000253e-02 2.883910999999999853e-03 2.942489979999999838e-01 -2.509484400000000157e-02 -5.020366309999999554e-01 -6.893169999999999463e-04 8.644818659999999877e-01
1.702688203442121029e+09 -5.826688599999999690e-02 2.906882999999999863e-03 2.945766750000000100e-01 -2.466495100000000093e-02 -4.925029280000000065e-01 -2.193180000000000032e-04 8.699612620000000129e-01
1.702688203680618525e+09 -5.878847799999999818e-02 2.885234999999999883e-03 2.950283289999999781e-01 -2.376259099999999957e-02 -4.749910529999999964e-01 -4.565169999999999797e-04 8.796696659999999612e-01
1.702688203930830002e+09 -5.934679899999999869e-02 3.037114999999999954e-03 2.956674400000000036e-01 -2.208918899999999866e-02 -4.649296700000000171e-01 1.013316000000000000e-03 8.850714560000000342e-01
1.702688204430001497e+09 -6.067442499999999711e-02 3.041696999999999890e-03 2.965373399999999826e-01 -2.298493899999999937e-02 -4.375775749999999964e-01 -1.292470000000000045e-04 8.988868589999999825e-01
1.702688204677348375e+09 -6.129845999999999906e-02 2.988067000000000067e-03 2.969852390000000120e-01 -2.366777899999999990e-02 -4.244860710000000203e-01 -1.964888000000000138e-03 9.051229360000000446e-01
1.702688204928294897e+09 -6.177861199999999664e-02 2.993054000000000200e-03 2.975170019999999749e-01 -2.302875600000000092e-02 -4.117054940000000052e-01 -1.533602000000000012e-03 9.110246899999999703e-01
1.702688205178096294e+09 -6.231666000000000288e-02 3.024841999999999809e-03 2.980823220000000107e-01 -2.295569899999999955e-02 -3.952475489999999758e-01 -2.452167999999999796e-03 9.182844759999999606e-01
1.702688205467789888e+09 -6.293245399999999878e-02 2.973183999999999810e-03 2.986650470000000168e-01 -2.367626700000000084e-02 -3.773058349999999783e-01 -3.920070000000000325e-03 9.257777329999999916e-01
1.702688205720149755e+09 -6.338179900000000255e-02 3.013081999999999826e-03 2.992628509999999964e-01 -2.521085600000000024e-02 -3.623226880000000039e-01 -4.539566000000000087e-03 9.317007059999999896e-01
1.702688205967622519e+09 -6.383505500000000166e-02 3.095548999999999957e-03 2.999358180000000207e-01 -2.421049000000000118e-02 -3.373584749999999910e-01 -5.519246999999999695e-03 9.410487410000000219e-01
1.702688206179199457e+09 -6.420786700000000180e-02 3.028734999999999847e-03 3.003377320000000239e-01 -2.350625599999999968e-02 -3.180707099999999787e-01 -6.275860999999999766e-03 9.477548000000000084e-01
1.702688206426771402e+09 -6.469859199999999921e-02 3.083155000000000184e-03 3.010133799999999971e-01 -2.341342299999999918e-02 -2.939014730000000242e-01 -6.564722000000000265e-03 9.555264119999999917e-01
1.702688206883792400e+09 -6.522069899999999310e-02 3.177825999999999915e-03 3.023337720000000006e-01 -2.403024200000000027e-02 -2.514095900000000161e-01 -7.262883999999999833e-03 9.675551650000000503e-01
1.702688207091658831e+09 -6.544262200000000584e-02 3.203723999999999808e-03 3.028815389999999774e-01 -2.373042499999999944e-02 -2.316603060000000103e-01 -8.370947000000000110e-03 9.724712970000000123e-01
1.702688207341269493e+09 -6.581173799999999463e-02 3.170442999999999786e-03 3.035177290000000139e-01 -2.402891000000000055e-02 -2.071685940000000115e-01 -1.065056699999999967e-02 9.779521230000000065e-01
1.702688207592875957e+09 -6.606186199999999897e-02 3.144526999999999826e-03 3.042211229999999822e-01 -2.507964899999999900e-02 -1.879143570000000041e-01 -1.057744499999999956e-02 9.818081859999999716e-01
1.702688208133293867e+09 -6.638956099999999971e-02 3.286209000000000005e-03 3.058226410000000062e-01 -2.397514900000000115e-02 -1.497649849999999894e-01 -1.095333899999999944e-02 9.883702399999999555e-01
1.702688208386148214e+09 -6.653899000000000619e-02 3.339702999999999856e-03 3.065196570000000009e-01 -2.239999399999999946e-02 -1.394297330000000001e-01 -1.080278800000000067e-02 9.899196620000000335e-01
1.702688208634181261e+09 -6.674154799999999776e-02 3.362602000000000126e-03 3.072502910000000087e-01 -2.295390300000000119e-02 -1.323350070000000045e-01 -1.151867200000000063e-02 9.908722639999999471e-01
1.702688209134292126e+09 -6.703337299999999332e-02 3.461973000000000134e-03 3.087353709999999807e-01 -2.591418800000000119e-02 -1.358839719999999918e-01 -7.319697000000000009e-03 9.903587099999999754e-01
1.702688209382207632e+09 -6.725486399999999754e-02 3.509122999999999843e-03 3.095310030000000268e-01 -3.026905300000000062e-02 -1.410129069999999929e-01 -4.224898999999999842e-03 9.895359280000000091e-01
1.702688209924416304e+09 -6.782349199999999911e-02 3.609900999999999995e-03 3.110399249999999949e-01 -2.892890000000000045e-02 -1.494610909999999904e-01 -1.562375199999999943e-02 9.882208110000000323e-01
1.702688210215263605e+09 -6.823488299999999618e-02 3.693216000000000034e-03 3.118442889999999967e-01 -2.649212600000000126e-02 -1.690710629999999937e-01 -1.948945399999999981e-02 9.850550289999999709e-01
1.702688210515516043e+09 -6.862930200000000314e-02 3.669808000000000098e-03 3.126263320000000068e-01 -1.985837000000000019e-02 -1.897114370000000105e-01 -1.776324400000000095e-02 9.814783329999999806e-01
1.702688210798669338e+09 -6.893280899999999767e-02 3.724274000000000074e-03 3.133704959999999984e-01 -1.230668799999999966e-02 -2.076190559999999963e-01 -1.175210399999999933e-02 9.780617360000000149e-01
1.702688211087900400e+09 -6.913704399999999473e-02 3.722039999999999810e-03 3.139941689999999896e-01 -1.028750900000000024e-02 -1.825404760000000071e-01 -1.028452099999999959e-02 9.830907580000000090e-01
1.702688211423400164e+09 -6.910188500000000178e-02 3.693829999999999943e-03 3.138719200000000265e-01 -1.525637600000000031e-02 -1.631435900000000050e-01 -1.398460699999999959e-02 9.863852859999999723e-01
1.702688211713690996e+09 -6.954511300000000562e-02 3.796967000000000050e-03 3.156966569999999916e-01 -1.739493799999999868e-02 -1.452004159999999988e-01 -1.548520500000000015e-02 9.891281130000000310e-01
1.702688212009487867e+09 -6.974541400000000557e-02 3.800762000000000064e-03 3.164898159999999794e-01 -1.461880699999999929e-02 -1.316844819999999916e-01 -1.470503700000000066e-02 9.910748600000000019e-01
1.702688212629299164e+09 -7.002180800000000482e-02 3.850502999999999912e-03 3.183399439999999858e-01 -1.741414499999999893e-02 -9.981034699999999371e-02 -1.331470700000000028e-02 9.947649840000000188e-01
1.702688212923546314e+09 -7.017392699999999706e-02 3.905252000000000116e-03 3.192348480000000155e-01 -2.043592899999999851e-02 -8.367589899999999803e-02 -1.539082599999999981e-02 9.961645599999999767e-01
1.702688213549164295e+09 -7.032471199999999756e-02 3.930982000000000399e-03 3.211212749999999838e-01 -2.350568800000000028e-02 -5.140411500000000022e-02 -1.682967100000000091e-02 9.982594249999999780e-01
1.702688213836076260e+09 -7.033751200000000481e-02 3.989267000000000334e-03 3.219364579999999809e-01 -2.207267699999999888e-02 -3.627120699999999975e-02 -1.670065499999999828e-02 9.989586470000000329e-01
1.702688214085433245e+09 -7.047050400000000325e-02 3.966892999999999982e-03 3.227000830000000264e-01 -2.409728100000000164e-02 -1.971304800000000038e-02 -1.815918799999999972e-02 9.993502499999999955e-01
1.702688214335704565e+09 -7.044258000000000464e-02 4.002422999999999745e-03 3.234161440000000165e-01 -2.320628799999999853e-02 -7.018128999999999687e-03 -1.880079100000000072e-02 9.995293020000000084e-01
1.702688214629415274e+09 -7.037974099999999567e-02 4.051039000000000202e-03 3.242274820000000113e-01 -2.263087600000000116e-02 6.620715000000000107e-03 -1.924576100000000012e-02 9.995366930000000316e-01
1.702688215168448925e+09 -7.028903799999999813e-02 4.132695999999999939e-03 3.257760410000000162e-01 -2.096774200000000102e-02 3.291930299999999698e-02 -1.857346699999999975e-02 9.990653990000000206e-01
1.702688215417400599e+09 -7.024071399999999576e-02 4.151827000000000295e-03 3.265053629999999929e-01 -2.020221900000000043e-02 3.111440099999999986e-02 -1.856086200000000089e-02 9.991393090000000310e-01
1.702688216084835529e+09 -7.021360100000000048e-02 4.243206999999999708e-03 3.284823599999999733e-01 -1.993462999999999832e-02 8.513919999999999474e-03 -1.931684700000000157e-02 9.995784159999999696e-01
1.702688216378652811e+09 -7.024905800000000311e-02 4.309671999999999635e-03 3.293069599999999819e-01 -2.039333200000000013e-02 -5.755248999999999608e-03 -1.714034899999999917e-02 9.996285440000000078e-01
1.702688216753650188e+09 -7.029997600000000013e-02 4.346921000000000118e-03 3.304117019999999738e-01 -1.958199999999999871e-02 -2.028540900000000077e-02 -1.663897900000000166e-02 9.994639749999999490e-01
1.702688217044773579e+09 -7.036647899999999567e-02 4.389004000000000169e-03 3.312582079999999984e-01 -1.950069499999999845e-02 -2.617014000000000146e-02 -1.642744599999999833e-02 9.993323090000000297e-01
1.702688217375742912e+09 -7.034231000000000511e-02 4.437288999999999643e-03 3.322179020000000094e-01 -2.149881199999999909e-02 -2.576705799999999894e-02 -1.691274499999999986e-02 9.992936850000000426e-01
1.702688217756749630e+09 -7.046733099999999417e-02 4.466854000000000137e-03 3.333279490000000123e-01 -2.165180099999999830e-02 -1.240159899999999926e-02 -1.719936400000000171e-02 9.995406869999999833e-01
1.702688218125150204e+09 -7.042461599999999544e-02 4.497931000000000151e-03 3.343947230000000048e-01 -1.992916299999999974e-02 -1.062990200000000010e-02 -1.708706700000000092e-02 9.995988609999999497e-01
1.702688218789843559e+09 -7.048601699999999803e-02 4.643361999999999837e-03 3.363608719999999774e-01 -2.095144999999999993e-02 -7.090515999999999833e-03 -1.810309499999999960e-02 9.995914700000000375e-01
1.702688219167444229e+09 -7.053977300000000006e-02 4.660906000000000250e-03 3.374286590000000197e-01 -2.093691199999999850e-02 -3.858667999999999994e-03 -1.858570400000000150e-02 9.996005890000000393e-01
1.702688219543590069e+09 -7.053999599999999370e-02 4.703035000000000375e-03 3.385182919999999984e-01 -2.057060399999999928e-02 -5.197609999999999860e-04 -1.829516700000000107e-02 9.996208549999999748e-01
1.702688219873607635e+09 -7.044219999999999648e-02 4.742920999999999769e-03 3.394857050000000265e-01 -1.956603900000000035e-02 1.073529500000000060e-02 -1.735346999999999931e-02 9.996002910000000297e-01
1.702688220250758171e+09 -7.045178900000000077e-02 4.801546999999999760e-03 3.406076430000000155e-01 -2.061351599999999840e-02 1.200356799999999918e-02 -1.853713599999999920e-02 9.995436070000000006e-01
1.702688220622666359e+09 -7.040815799999999847e-02 4.863466999999999790e-03 3.416986759999999790e-01 -1.948317100000000052e-02 2.320389800000000058e-02 -1.789996599999999979e-02 9.993806480000000381e-01
1.702688220915590286e+09 -7.032043500000000058e-02 4.896875999999999660e-03 3.425376119999999913e-01 -1.986515000000000156e-02 3.268048900000000007e-02 -1.842320500000000152e-02 9.990985989999999761e-01
1.702688221289048433e+09 -7.020179899999999529e-02 4.932914000000000049e-03 3.436337709999999768e-01 -1.895486899999999919e-02 4.949818899999999799e-02 -1.809827099999999911e-02 9.984303709999999832e-01
1.702688221956384659e+09 -6.991325299999999465e-02 5.000074999999999659e-03 3.455544110000000058e-01 -1.752780899999999836e-02 7.225898699999999675e-02 -1.907631900000000130e-02 9.970493910000000071e-01
1.702688222334378481e+09 -6.969745500000000538e-02 5.031474000000000189e-03 3.466048239999999780e-01 -1.823045300000000063e-02 8.136426700000000400e-02 -1.889242400000000141e-02 9.963386060000000155e-01
1.702688222703141451e+09 -6.951930400000000398e-02 5.062996000000000163e-03 3.476569649999999845e-01 -1.678987800000000113e-02 8.374857199999999335e-02 -1.818623600000000146e-02 9.961795209999999567e-01
1.702688223081188202e+09 -6.934685299999999997e-02 5.074478999999999795e-03 3.487147389999999958e-01 -1.693763599999999897e-02 7.989067599999999381e-02 -1.900572899999999898e-02 9.964784979999999903e-01
1.702688223536725283e+09 -6.917209900000000078e-02 5.141174000000000091e-03 3.500517309999999771e-01 -1.833127799999999946e-02 6.814216800000000296e-02 -1.876541799999999899e-02 9.973306659999999768e-01
1.702688223910227537e+09 -6.908362399999999626e-02 5.168354000000000004e-03 3.511010110000000184e-01 -1.734439999999999940e-02 5.767543599999999659e-02 -1.841020599999999841e-02 9.980149270000000516e-01
1.702688224409829617e+09 -6.901765599999999667e-02 5.216435000000000169e-03 3.522835080000000230e-01 -1.810138500000000109e-02 4.223199600000000081e-02 -1.758923000000000084e-02 9.987889530000000349e-01
1.702688224828633308e+09 -6.893747999999999543e-02 5.237962999999999994e-03 3.531859820000000094e-01 -1.889471499999999943e-02 4.817458599999999841e-02 -1.800054499999999974e-02 9.984979630000000439e-01
1.702688225283527851e+09 -6.871505799999999553e-02 5.284375000000000010e-03 3.545339109999999794e-01 -1.925858999999999904e-02 5.881072999999999856e-02 -1.892959699999999940e-02 9.979038829999999916e-01
1.702688225701874971e+09 -6.850469100000000644e-02 5.334893000000000274e-03 3.557143810000000239e-01 -1.931467099999999854e-02 7.801610200000000384e-02 -1.860855900000000021e-02 9.965912700000000291e-01
1.702688226078522921e+09 -6.835181299999999738e-02 5.385135000000000095e-03 3.567836280000000193e-01 -1.968272999999999898e-02 8.191016299999999417e-02 -1.998095399999999869e-02 9.962449669999999813e-01
1.702688226455904484e+09 -6.808580499999999924e-02 5.419171000000000404e-03 3.577711279999999938e-01 -1.880392800000000100e-02 9.894545400000000213e-02 -2.047806400000000068e-02 9.947044250000000032e-01
1.702688226868486643e+09 -6.779406200000000215e-02 5.446623000000000263e-03 3.589147630000000255e-01 -1.842347199999999977e-02 1.124087049999999977e-01 -1.907998899999999859e-02 9.933080669999999612e-01
1.702688227330985785e+09 -6.749103200000000635e-02 5.492094999999999790e-03 3.602174220000000093e-01 -1.856656900000000152e-02 1.185493839999999938e-01 -1.959772400000000039e-02 9.925811289999999509e-01
1.702688227700713634e+09 -6.721910799999999964e-02 5.546737000000000369e-03 3.612704869999999735e-01 -1.707332799999999873e-02 1.270361240000000003e-01 -2.021509800000000079e-02 9.915450810000000503e-01
1.702688228120533943e+09 -6.692037700000000311e-02 5.565890999999999894e-03 3.624097700000000200e-01 -1.767743800000000018e-02 1.159648900000000010e-01 -2.011353000000000099e-02 9.928922650000000516e-01
1.702688228534579754e+09 -6.655880799999999708e-02 5.611414999999999806e-03 3.635497690000000226e-01 -1.688115899999999975e-02 1.335704920000000129e-01 -2.070496200000000037e-02 9.906792039999999799e-01
1.702688228952790022e+09 -6.615253499999999842e-02 5.635811999999999593e-03 3.646720350000000055e-01 -1.468884200000000056e-02 1.558443609999999868e-01 -2.044542499999999971e-02 9.874607920000000316e-01
1.702688229371582031e+09 -6.572308400000000106e-02 5.636101000000000132e-03 3.658026750000000216e-01 -1.428151000000000073e-02 1.732298429999999945e-01 -2.161505799999999949e-02 9.845406410000000497e-01
1.702688229782695532e+09 -6.524995000000000100e-02 5.640395999999999778e-03 3.669155239999999929e-01 -1.413684599999999979e-02 1.832690090000000105e-01 -2.079681900000000111e-02 9.827411769999999658e-01
1.702688230196976662e+09 -6.474746800000000246e-02 5.665512999999999626e-03 3.679748179999999813e-01 -1.273905600000000034e-02 1.960366669999999978e-01 -2.024215299999999884e-02 9.803048370000000400e-01
1.702688230613232136e+09 -6.429031500000000066e-02 5.679993000000000368e-03 3.691193460000000148e-01 -1.451132299999999958e-02 1.993779089999999921e-01 -2.080897599999999986e-02 9.795942309999999820e-01
1.702688230992670536e+09 -6.391897100000000498e-02 5.706008999999999734e-03 3.701614440000000061e-01 -1.654897400000000102e-02 1.856797779999999898e-01 -2.077255199999999968e-02 9.822513459999999696e-01
1.702688231363632202e+09 -6.364816399999999319e-02 5.701918999999999738e-03 3.711698350000000035e-01 -1.625478500000000076e-02 1.662602280000000099e-01 -2.080256700000000097e-02 9.857285019999999509e-01
1.702688231737268925e+09 -6.331267999999999618e-02 5.750204000000000079e-03 3.722338680000000233e-01 -1.723758099999999835e-02 1.446208659999999868e-01 -1.964836000000000013e-02 9.891418810000000006e-01
1.702688232113836765e+09 -6.305940399999999946e-02 5.789858000000000157e-03 3.733132479999999864e-01 -1.868345000000000075e-02 1.250817780000000046e-01 -2.050553600000000129e-02 9.917585249999999464e-01
1.702688232529087067e+09 -6.287416799999999417e-02 5.862278000000000280e-03 3.745113609999999871e-01 -1.842832000000000151e-02 1.028126330000000005e-01 -1.883806700000000001e-02 9.943516249999999612e-01
1.702688232903902054e+09 -6.272382999999999431e-02 5.893632000000000211e-03 3.755592409999999881e-01 -1.897784300000000118e-02 8.524743499999999641e-02 -1.790274099999999979e-02 9.960181710000000077e-01
1.702688233329391241e+09 -6.258266399999999618e-02 5.958220000000000183e-03 3.767445389999999894e-01 -1.948149899999999934e-02 6.596298500000000176e-02 -1.677914299999999984e-02 9.974907640000000297e-01
1.702688233824233294e+09 -6.250532000000000310e-02 5.966660000000000366e-03 3.781666759999999794e-01 -1.959779299999999877e-02 4.384641000000000233e-02 -1.609567900000000162e-02 9.987163540000000284e-01
1.702688234276890516e+09 -6.251648799999999506e-02 6.037306000000000096e-03 3.794864119999999952e-01 -2.014867399999999836e-02 2.986773699999999837e-02 -1.682859499999999828e-02 9.992091060000000136e-01
1.702688234699040651e+09 -6.242544600000000249e-02 6.076907000000000315e-03 3.806626799999999755e-01 -2.248783999999999852e-02 1.738997899999999985e-02 -1.596759400000000162e-02 9.994683269999999897e-01
1.702688235234091282e+09 -6.237730799999999937e-02 6.098169999999999980e-03 3.821869190000000138e-01 -2.202261200000000044e-02 1.287459399999999962e-02 -1.706510400000000108e-02 9.995288850000000336e-01
1.702688235698872328e+09 -6.241932099999999983e-02 6.168871000000000250e-03 3.834836480000000103e-01 -2.229378400000000052e-02 -2.506898999999999933e-03 -1.618305399999999880e-02 9.996173980000000459e-01
1.702688236193366051e+09 -6.247122599999999776e-02 6.195790999999999972e-03 3.848665059999999971e-01 -2.090163000000000090e-02 -9.593275999999999540e-03 -1.646247500000000072e-02 9.995999930000000200e-01
1.702688236608602047e+09 -6.253301399999999788e-02 6.227678999999999854e-03 3.860352930000000016e-01 -2.218299899999999839e-02 -7.039670000000000042e-04 -1.648598000000000077e-02 9.996177550000000522e-01
1.702688237028928995e+09 -6.243715100000000323e-02 6.282816000000000095e-03 3.872201439999999883e-01 -2.257892099999999833e-02 7.657630999999999813e-03 -1.767514800000000164e-02 9.995594620000000097e-01
1.702688237498155117e+09 -6.241370699999999883e-02 6.327033999999999610e-03 3.885327579999999781e-01 -2.411780900000000047e-02 2.243726899999999927e-02 -1.814670999999999992e-02 9.992925520000000006e-01
1.702688237983145475e+09 -6.223245300000000008e-02 6.386522000000000379e-03 3.899086119999999878e-01 -2.169292999999999916e-02 4.450098100000000195e-02 -1.826791499999999915e-02 9.986066820000000233e-01
1.702688238441134930e+09 -6.200455500000000286e-02 6.458756999999999866e-03 3.912374679999999771e-01 -2.183971200000000071e-02 5.582727900000000049e-02 -1.934410400000000085e-02 9.980141519999999877e-01
1.702688239070782423e+09 -6.182980899999999946e-02 6.552360000000000129e-03 3.929955660000000184e-01 -2.200163200000000013e-02 5.190157499999999841e-02 -1.916951500000000155e-02 9.982257490000000510e-01
1.702688239688847542e+09 -6.141487899999999861e-02 6.607095000000000329e-03 3.947961629999999777e-01 -2.153762999999999858e-02 5.425272500000000164e-02 -1.842840000000000103e-02 9.981248379999999587e-01
1.702688240355690479e+09 -6.141698699999999927e-02 6.642328000000000295e-03 3.966574370000000016e-01 -2.152859400000000159e-02 5.575285900000000183e-02 -1.831974999999999923e-02 9.980443719999999574e-01
1.702688240941674471e+09 -6.127687899999999938e-02 6.684296999999999635e-03 3.983362019999999726e-01 -2.127799400000000146e-02 5.830219400000000163e-02 -1.776876999999999970e-02 9.979140159999999593e-01
1.702688241437530518e+09 -6.127364200000000316e-02 6.729085999999999575e-03 3.997679650000000029e-01 -2.112058199999999886e-02 5.771217099999999961e-02 -1.856514100000000028e-02 9.979372020000000232e-01
1.702688241897000074e+09 -6.098371400000000137e-02 6.756775999999999928e-03 4.010041950000000077e-01 -2.091984599999999889e-02 6.114025000000000015e-02 -1.812135100000000082e-02 9.977453950000000349e-01
1.702688242353607655e+09 -6.088025899999999907e-02 6.817520999999999998e-03 4.023210110000000062e-01 -2.174902500000000169e-02 6.326656799999999525e-02 -1.890319000000000027e-02 9.975805880000000458e-01
1.702688242855948687e+09 -6.054199500000000123e-02 6.943908999999999845e-03 4.037381709999999790e-01 -2.337385000000000157e-02 6.538134099999999560e-02 -1.891531200000000010e-02 9.974071979999999948e-01
1.702688243353327990e+09 -6.035423300000000019e-02 7.007575000000000262e-03 4.051694570000000106e-01 -2.324969500000000078e-02 6.727292399999999783e-02 -1.941796599999999831e-02 9.972746369999999638e-01
1.702688243812269926e+09 -6.025863800000000325e-02 7.010470000000000416e-03 4.064298570000000055e-01 -2.301659600000000028e-02 5.605445800000000145e-02 -1.890219200000000169e-02 9.979833959999999671e-01
1.702688244272349834e+09 -6.028676399999999963e-02 7.140205999999999636e-03 4.077839549999999758e-01 -2.340744999999999978e-02 4.690797299999999864e-02 -1.820622800000000138e-02 9.984589820000000504e-01
1.702688244726606369e+09 -6.041102100000000225e-02 7.171577999999999634e-03 4.090739789999999765e-01 -2.234317499999999984e-02 3.591716300000000195e-02 -1.735772799999999935e-02 9.989542369999999671e-01
1.702688245183914423e+09 -6.015977599999999814e-02 7.167063000000000426e-03 4.102683369999999830e-01 -2.077611700000000020e-02 3.417297799999999969e-02 -1.698157399999999928e-02 9.990556839999999994e-01
1.702688245559079170e+09 -6.004916500000000157e-02 7.267492000000000396e-03 4.112849530000000087e-01 -1.859869399999999895e-02 2.849688900000000094e-02 -1.589366199999999937e-02 9.992945189999999922e-01
1.702688245974857330e+09 -6.002246599999999654e-02 7.265737999999999884e-03 4.118131700000000062e-01 -2.016524199999999989e-02 3.264585500000000140e-02 -1.662173700000000101e-02 9.991253020000000484e-01
