1.703784360022506237e+09 0.000000000000000000e+00 0.000000000000000000e+00 0.000000000000000000e+00 -0.000000000000000000e+00 -0.000000000000000000e+00 -0.000000000000000000e+00 1.000000000000000000e+00
1.703784360143980503e+09 -1.530260000000000084e-04 7.466699999999999509e-05 9.345422000000000798e-03 1.991050000000000122e-04 2.468139999999999852e-04 -2.670339999999999780e-04 9.999999400000000316e-01
1.703784360186384916e+09 -1.929299999999999977e-05 6.451799999999999452e-05 1.235944299999999947e-02 1.655229999999999939e-04 -1.612589999999999954e-04 -1.980119999999999873e-04 1.000000000000000000e+00
1.703784360312968016e+09 -3.184840000000000088e-04 1.766500000000000112e-05 2.135191300000000014e-02 9.848289999999999995e-04 -1.404461999999999985e-03 -7.178129999999999797e-04 9.999982710000000496e-01
1.703784360481251955e+09 -4.434870000000000045e-04 1.871799999999999934e-05 3.366312400000000260e-02 1.169387999999999938e-03 -1.971500000000000162e-03 -1.134288999999999914e-03 9.999967220000000045e-01
1.703784361642393589e+09 -1.321335999999999995e-03 -3.749460000000000249e-04 1.186881880000000000e-01 2.374364999999999809e-03 -6.143995000000000185e-03 -2.692099999999999788e-04 9.999783039999999845e-01
1.703784361767729998e+09 -1.568818000000000035e-03 -4.726220000000000161e-04 1.277324410000000021e-01 3.228299000000000012e-03 -8.159018999999999994e-03 -1.322159999999999959e-04 9.999614949999999780e-01
1.703784361893409252e+09 -1.487512000000000079e-03 -6.597769999999999547e-04 1.367012860000000052e-01 3.469423000000000125e-03 -8.311504000000000808e-03 1.150400000000000031e-05 9.999594689999999897e-01
1.703784362104622602e+09 -2.050034999999999965e-03 -5.958969999999999632e-04 1.523445099999999885e-01 3.058620000000000175e-03 -7.452735999999999736e-03 -1.392959999999999891e-04 9.999675749999999974e-01
1.703784363891480684e+09 -4.086847999999999696e-03 -1.173100000000000054e-03 2.846289579999999875e-01 1.492753000000000092e-03 -8.966388000000000483e-03 -3.695029999999999756e-04 9.999586339999999574e-01
1.703784364932721615e+09 -6.247499000000000108e-03 -1.139262999999999951e-03 3.619178239999999991e-01 1.908388000000000011e-03 -1.354760099999999939e-02 3.329720000000000097e-04 9.999063609999999658e-01
1.703784365059247255e+09 -7.073061000000000278e-03 -1.035904000000000035e-03 3.715323509999999829e-01 2.664721000000000103e-03 -1.455174600000000082e-02 7.464999999999999847e-05 9.998905660000000362e-01
1.703784365389751196e+09 -7.440949999999999995e-03 -1.043840999999999996e-03 3.955782350000000003e-01 2.092858999999999865e-03 -1.529002900000000012e-02 1.657580000000000078e-04 9.998809100000000116e-01
1.703784365556113720e+09 -8.842472000000000526e-03 -1.503994000000000034e-03 4.079841969999999929e-01 2.565552999999999931e-03 -1.488051599999999988e-02 8.064700000000000221e-05 9.998859759999999541e-01
1.703784369137588024e+09 -2.055031100000000166e-02 -5.725069999999999855e-04 6.720602509999999974e-01 -9.622599999999999654e-05 -2.103860499999999842e-02 2.047239000000000177e-03 9.997766019999999587e-01
1.703784369344375372e+09 -2.102838300000000119e-02 -6.263829999999999962e-04 6.870496870000000200e-01 2.448519999999999928e-04 -1.706819399999999834e-02 1.762246999999999989e-03 9.998527769999999704e-01
1.703784369513425827e+09 -2.148598100000000122e-02 -5.226369999999999497e-04 6.999374630000000375e-01 -8.851860000000000457e-04 -1.699064999999999950e-02 2.010384000000000043e-03 9.998532530000000529e-01
1.703784369759958744e+09 -2.217168500000000000e-02 -7.560130000000000409e-04 7.181792259999999484e-01 -1.023803999999999903e-03 -1.846780799999999875e-02 1.885746999999999901e-03 9.998271469999999717e-01
1.703784371426641941e+09 -2.729194799999999990e-02 -1.906492000000000082e-03 8.383297920000000181e-01 4.383938000000000418e-03 -9.081827000000000649e-03 -2.779939999999999950e-04 9.999490979999999807e-01
1.703784371675909996e+09 -2.824903999999999957e-02 -2.334121000000000199e-03 8.534026150000000310e-01 3.894395000000000148e-03 -1.588009699999999927e-02 6.054949999999999482e-04 9.998661279999999651e-01
1.703784372428327799e+09 -3.458856400000000220e-02 -2.695438000000000087e-03 9.065915350000000039e-01 5.712301000000000357e-03 -5.206295500000000104e-02 6.691909999999999699e-04 9.986272449999999967e-01
1.703784372923496246e+09 -3.904277099999999695e-02 -2.902833000000000063e-03 9.432494639999999819e-01 3.646841000000000058e-03 -5.821117800000000231e-02 8.401959999999999767e-04 9.982972740000000123e-01
1.703784373178196907e+09 -4.095812900000000284e-02 -2.828333000000000149e-03 9.612737300000000484e-01 3.796930000000000010e-03 -5.906005899999999809e-02 1.508692000000000063e-03 9.982460739999999833e-01
1.703784373466591597e+09 -4.385290299999999863e-02 -2.815810000000000188e-03 9.830449820000000116e-01 2.156929000000000138e-03 -6.309414700000000320e-02 1.383069000000000008e-03 9.980043170000000297e-01
1.703784374048839569e+09 -4.840975299999999981e-02 -1.969583999999999918e-03 1.026483178000000107e+00 -6.177609999999999829e-04 -5.347787999999999847e-02 2.344948999999999818e-03 9.985660910000000445e-01
1.703784374340732574e+09 -5.082286500000000179e-02 -2.135643000000000003e-03 1.048112154000000018e+00 -7.462039999999999862e-04 -4.624483699999999697e-02 1.195567000000000027e-03 9.989292029999999878e-01
1.703784375216461897e+09 -5.400478799999999802e-02 -2.553160000000000065e-03 1.111434102000000035e+00 1.045383999999999897e-03 -2.317586699999999930e-02 1.022499000000000064e-03 9.997303490000000181e-01
1.703784375547644615e+09 -5.479535099999999909e-02 -2.556731999999999928e-03 1.135103702999999964e+00 1.192417999999999994e-03 -2.157835500000000045e-02 3.861140000000000102e-04 9.997664090000000225e-01
1.703784375924799919e+09 -5.688010899999999814e-02 -2.677520000000000074e-03 1.162998199000000010e+00 -1.559529999999999890e-04 -2.629673899999999953e-02 -1.112599999999999986e-05 9.996541740000000065e-01
1.703784376341199398e+09 -5.814013600000000198e-02 -2.571991000000000034e-03 1.193020224999999934e+00 2.881499999999999838e-04 -1.869314199999999940e-02 -3.076609999999999805e-04 9.998251799999999800e-01
1.703784376672067881e+09 -5.850627600000000289e-02 -2.079174999999999947e-03 1.217479109999999975e+00 -1.041475000000000040e-03 -1.487057100000000083e-02 -9.436520000000000108e-04 9.998884799999999684e-01
1.703784377007226467e+09 -5.925427400000000261e-02 -2.091589999999999942e-03 1.241775869999999893e+00 -2.310338999999999796e-03 -1.585619200000000159e-02 -9.173929999999999628e-04 9.998711940000000187e-01
1.703784377380127192e+09 -6.040262799999999987e-02 -2.030427000000000013e-03 1.268933058000000003e+00 -2.079639999999999787e-03 -1.311469600000000034e-02 -2.612513999999999809e-03 9.999084470000000335e-01
1.703784377837789536e+09 -6.095469700000000213e-02 -2.060733999999999830e-03 1.302429438000000106e+00 -1.612169000000000102e-03 -1.743792900000000132e-02 -7.208130000000000526e-04 9.998463990000000523e-01
1.703784378297250748e+09 -6.248712199999999911e-02 -1.844188000000000077e-03 1.335785030999999901e+00 -1.453223000000000015e-03 -1.942603099999999985e-02 -6.206869999999999749e-04 9.998100399999999555e-01
1.703784378794466257e+09 -6.392665999999999626e-02 -2.177170999999999881e-03 1.372474431999999966e+00 -1.618047000000000062e-03 -2.011278500000000108e-02 -7.858049999999999887e-04 9.997960930000000523e-01
1.703784379252372980e+09 -6.561188399999999532e-02 -1.310970000000000061e-03 1.406499742999999913e+00 -2.521961999999999988e-03 -2.165196999999999955e-02 -1.244096000000000091e-03 9.997616409999999787e-01
1.703784379668682098e+09 -6.670390800000000620e-02 -1.712245000000000043e-03 1.436251640000000052e+00 -1.801216999999999922e-03 -1.739306700000000164e-02 -1.002094000000000032e-03 9.998466369999999825e-01
1.703784380129389048e+09 -6.734650600000000042e-02 -1.444139000000000100e-03 1.469557761999999990e+00 -1.176577000000000048e-03 -1.633414399999999836e-02 -3.515510000000000228e-04 9.998658900000000349e-01
1.703784380586558104e+09 -6.899334499999999759e-02 -1.610445999999999970e-03 1.502825617999999919e+00 -9.864459999999999808e-04 -2.372303599999999943e-02 -6.461999999999999862e-04 9.997178909999999696e-01
1.703784381005775213e+09 -7.031101700000000343e-02 -1.470832999999999949e-03 1.533309459999999902e+00 -7.384610000000000436e-04 -2.412627100000000122e-02 9.621610000000000058e-04 9.997081759999999484e-01
1.703784381418283701e+09 -7.190062099999999790e-02 -1.583524999999999907e-03 1.562518120000000010e+00 -4.328649999999999967e-04 -2.877416099999999949e-02 1.201903000000000043e-03 9.995851519999999768e-01
1.703784381791591883e+09 -7.118091699999999633e-02 -1.177321000000000053e-03 1.591030836000000059e+00 -2.025011000000000172e-03 -8.037179000000000198e-03 8.010930000000000091e-04 9.999653099999999961e-01
1.703784382251308441e+09 -6.913571100000000247e-02 -1.536431999999999902e-03 1.624123454000000022e+00 -3.814350000000000097e-04 1.642345300000000105e-02 1.273131000000000046e-03 9.998642800000000497e-01
1.703784383166155815e+09 -6.240996299999999886e-02 -1.904066000000000048e-03 1.690216184000000066e+00 1.528068999999999955e-03 5.473815600000000309e-02 2.144629999999999963e-04 9.984995719999999464e-01
1.703784383582515240e+09 -5.771196600000000343e-02 -2.147547000000000084e-03 1.719985126999999947e+00 2.344361000000000101e-03 7.200739500000000182e-02 -2.628420000000000019e-04 9.974013569999999884e-01
1.703784384039674997e+09 -5.139099099999999698e-02 -1.722290999999999926e-03 1.753561853999999975e+00 7.399769999999999525e-04 7.748004799999999581e-02 7.215620000000000280e-04 9.969933629999999658e-01
1.703784384544103384e+09 -4.679042099999999871e-02 -2.544263000000000167e-03 1.790721416000000010e+00 -4.363810000000000085e-04 7.271874000000000393e-02 1.220340000000000042e-04 9.973524209999999890e-01
1.703784384998497725e+09 -4.142455400000000232e-02 -2.337637999999999956e-03 1.823997735999999925e+00 -4.398609999999999955e-04 6.864682599999999413e-02 2.620969999999999810e-04 9.976409080000000484e-01
1.703784386498089075e+09 -2.877616699999999833e-02 -2.733671000000000018e-03 1.932534814000000045e+00 -6.179859999999999477e-04 6.097227699999999834e-02 5.390749999999999709e-04 9.981391429999999509e-01
1.703784387038962841e+09 -2.428656100000000165e-02 -2.635726000000000128e-03 1.971553563999999925e+00 1.540988000000000080e-03 6.070829900000000029e-02 -2.125999999999999974e-05 9.981544020000000517e-01
1.703784388037490606e+09 -1.585172500000000054e-02 -2.917444999999999847e-03 2.044020653000000021e+00 1.758662999999999936e-03 5.861091999999999691e-02 1.689700000000000102e-05 9.982793330000000465e-01
1.703784388576959372e+09 -1.045927699999999946e-02 -2.783976999999999979e-03 2.083555936999999858e+00 1.342806999999999898e-03 7.097981100000000376e-02 8.274299999999999841e-04 9.974765180000000342e-01
1.703784389083643436e+09 -5.946082999999999577e-03 -2.602361999999999991e-03 2.119160890999999936e+00 7.867599999999999550e-04 5.962455299999999681e-02 6.347230000000000146e-04 9.982203840000000161e-01
1.703784389665032148e+09 -3.728692999999999938e-03 -2.936292000000000069e-03 2.161421060999999977e+00 2.700277000000000059e-03 3.332733400000000012e-02 1.599827999999999971e-03 9.994395969999999574e-01
1.703784390246065617e+09 -1.302149000000000058e-03 -2.814320999999999837e-03 2.205093383999999990e+00 4.755839999999999785e-04 2.946210700000000127e-02 1.916958999999999981e-03 9.995639920000000123e-01
1.703784390783964157e+09 3.014600000000000092e-03 -2.750307999999999919e-03 2.244419812999999930e+00 1.085957999999999932e-03 4.686238200000000104e-02 5.570689999999999887e-04 9.989006520000000000e-01
1.703784391451585054e+09 7.502402000000000029e-03 -2.571345999999999962e-03 2.293470620999999987e+00 -1.543099999999999846e-05 4.641829399999999883e-02 4.252600000000000043e-04 9.989220500000000058e-01
1.703784392241395950e+09 1.272908099999999973e-02 -2.953081000000000195e-03 2.351050376999999969e+00 1.400484000000000017e-03 4.459661200000000075e-02 9.690400000000000055e-04 9.990036490000000491e-01
1.703784392952522278e+09 1.785018099999999969e-02 -2.996817000000000144e-03 2.401224851999999910e+00 3.577696999999999908e-03 4.765124600000000127e-02 1.465273999999999917e-03 9.988565440000000129e-01
1.703784393626829624e+09 2.266258000000000161e-02 -3.228499000000000126e-03 2.450144052999999822e+00 2.794767999999999992e-03 5.156216400000000061e-02 1.345559999999999985e-03 9.986649749999999548e-01
1.703784394203167200e+09 2.659609200000000173e-02 -3.021717000000000153e-03 2.492612122999999791e+00 3.376960000000000031e-03 5.188335499999999906e-02 1.764357000000000035e-03 9.986459020000000297e-01
1.703784395034668684e+09 3.497921300000000205e-02 -3.480383999999999995e-03 2.553707360999999842e+00 6.781989999999999894e-04 6.280956399999999828e-02 7.823259999999999633e-04 9.980250000000000510e-01
1.703784395656391144e+09 4.215070199999999823e-02 -3.823252000000000074e-03 2.598347186999999892e+00 1.575891999999999961e-03 7.726080700000000079e-02 7.092830000000000055e-04 9.970094560000000161e-01
1.703784396238164425e+09 5.050823100000000065e-02 -3.446600000000000184e-03 2.640862465000000103e+00 1.184794000000000081e-03 9.000527099999999781e-02 8.001269999999999780e-04 9.959402680000000174e-01
1.703784396736968279e+09 5.703306200000000242e-02 -3.647005999999999946e-03 2.676911354000000021e+00 7.898739999999999798e-04 9.670808200000000077e-02 -7.417299999999999610e-05 9.953124519999999587e-01
1.703784397279750347e+09 6.397567699999999469e-02 -3.977167999999999676e-03 2.715465068999999954e+00 7.345710000000000520e-04 9.183347199999999932e-02 8.522000000000000739e-06 9.957740899999999451e-01
1.703784397862036943e+09 6.991069799999999335e-02 -4.135004999999999757e-03 2.757151841999999853e+00 3.432587999999999872e-03 7.498317999999999650e-02 5.671599999999999705e-05 9.971789119999999729e-01
1.703784398409215927e+09 7.350062599999999946e-02 -4.152941999999999745e-03 2.796672105999999935e+00 2.821936000000000149e-03 5.182200299999999843e-02 2.619459999999999887e-04 9.986523389999999445e-01
1.703784398908652782e+09 7.404933099999999602e-02 -4.040898000000000233e-03 2.833848000000000145e+00 1.086687999999999934e-03 2.975227299999999922e-02 -4.563300000000000169e-04 9.995566609999999574e-01
1.703784399442791224e+09 7.424531900000000406e-02 -4.177486999999999694e-03 2.874443053999999886e+00 -1.013079000000000063e-03 4.593696999999999885e-03 -2.935299999999999831e-05 9.999889730000000032e-01
1.703784400070503235e+09 7.086539299999999875e-02 -3.825664999999999795e-03 2.919124365000000054e+00 -1.139225000000000003e-03 -2.301407999999999926e-02 4.163559999999999961e-04 9.997344019999999665e-01
1.703784400609543562e+09 6.803832899999999462e-02 -3.205163999999999930e-03 2.959470510000000054e+00 -1.178404999999999991e-03 -2.835435600000000070e-02 -6.950370000000000202e-04 9.995970130000000342e-01
1.703784401066779613e+09 6.525447199999999393e-02 -2.811704999999999847e-03 2.993441105000000046e+00 -2.179261999999999953e-03 -2.861050899999999925e-02 -1.046157000000000033e-03 9.995877149999999878e-01
1.703784401567448139e+09 6.234224900000000236e-02 -2.412727999999999835e-03 3.029801130000000065e+00 -1.698702999999999975e-03 -2.899696900000000091e-02 -2.232322000000000126e-03 9.995755549999999490e-01
1.703784402150418282e+09 6.074695699999999726e-02 -2.530025999999999890e-03 3.072194815000000023e+00 -9.699920000000000330e-04 -3.214548899999999931e-02 -6.973860000000000345e-04 9.994825120000000451e-01
1.703784402732512951e+09 5.749604099999999773e-02 -2.401935000000000008e-03 3.114791869999999907e+00 -1.450118000000000023e-03 -3.400972099999999970e-02 -1.650463000000000017e-03 9.994190929999999806e-01
1.703784403190058947e+09 5.583365299999999698e-02 -2.232140000000000079e-03 3.148403405999999904e+00 -2.855474000000000206e-03 -2.232685100000000172e-02 -1.402419000000000018e-03 9.997456670000000045e-01
1.703784403649603844e+09 5.419078799999999668e-02 -1.892989999999999994e-03 3.181475162999999995e+00 -1.172815999999999919e-03 -2.651614100000000002e-02 -1.254794999999999956e-03 9.996469620000000278e-01
1.703784404231219769e+09 5.213506100000000337e-02 -2.188836999999999901e-03 3.224239348999999866e+00 -2.420883999999999883e-03 -2.497386700000000029e-02 -8.752939999999999852e-04 9.996848109999999510e-01
1.703784404771872044e+09 4.982465500000000241e-02 -2.487332000000000085e-03 3.262752294999999858e+00 1.128840000000000095e-03 -2.803459900000000032e-02 -5.593469999999999692e-04 9.996061330000000078e-01
1.703784405329666376e+09 4.868038699999999858e-02 -1.902587000000000072e-03 3.302330970999999948e+00 8.014059999999999500e-04 -1.598490199999999875e-02 -7.096999999999999983e-06 9.998719099999999749e-01
1.703784405859408617e+09 4.832860499999999671e-02 -1.725299999999999924e-03 3.342028856000000214e+00 -9.791700000000000458e-05 -5.951001000000000034e-03 -3.628579999999999740e-04 9.999822379999999677e-01
1.703784406356488705e+09 4.810442799999999769e-02 -1.785184999999999897e-03 3.378408432000000072e+00 2.032649999999999995e-04 -1.657126999999999992e-03 8.579600000000000323e-05 9.999986290000000277e-01
1.703784406936085224e+09 4.929261299999999901e-02 -1.864442000000000009e-03 3.421387434000000116e+00 3.498190000000000197e-04 5.491242999999999819e-03 7.526500000000000529e-05 9.999848599999999754e-01
1.703784407479896545e+09 5.063207399999999914e-02 -1.860302000000000093e-03 3.460579871999999835e+00 1.260990000000000028e-03 1.464952500000000005e-02 -5.851310000000000192e-04 9.998917579999999639e-01
1.703784408018391371e+09 5.245056000000000024e-02 -1.756476999999999995e-03 3.500232935000000101e+00 9.916549999999999237e-04 1.979208199999999904e-02 -9.041809999999999951e-04 9.998032449999999516e-01
1.703784408560763121e+09 5.384039899999999712e-02 -1.610237999999999947e-03 3.540153742000000214e+00 -5.355799999999999781e-05 2.541439800000000124e-02 -1.090206000000000031e-03 9.996764059999999619e-01
1.703784409102977991e+09 5.510709099999999694e-02 -1.267083000000000011e-03 3.580072164999999806e+00 -1.119418999999999970e-03 1.460273900000000000e-02 -1.274607000000000084e-03 9.998919370000000084e-01
1.703784409686966181e+09 5.476970200000000344e-02 -9.356879999999999495e-04 3.622285365999999840e+00 9.029959999999999853e-04 -6.260219999999999500e-04 -1.248158999999999987e-03 9.999986290000000277e-01
1.703784410231238842e+09 5.696272899999999667e-02 -4.941150000000000490e-04 3.661302566999999897e+00 -2.671340999999999820e-03 2.163908399999999940e-02 -1.240966000000000031e-03 9.997615220000000136e-01
1.703784410895402193e+09 5.552975799999999851e-02 -1.075582000000000057e-03 3.685068846000000065e+00 -6.146300000000000157e-04 -2.136675000000000206e-03 -1.691493000000000076e-03 9.999961259999999852e-01
1.703784411481023550e+09 5.920222800000000257e-02 -4.384899999999999844e-04 3.725991963999999879e+00 7.485589999999999865e-04 2.309935200000000008e-02 -8.838199999999999507e-05 9.997329120000000291e-01
1.703784412016225576e+09 6.184217300000000028e-02 7.845799999999999996e-05 3.765954493999999819e+00 -1.985577000000000088e-03 3.430161600000000005e-02 -1.636560000000000065e-04 9.994095560000000322e-01
1.703784412559818029e+09 6.771448300000000586e-02 1.086979999999999950e-04 3.805068970000000217e+00 7.299680000000000014e-04 5.460987600000000164e-02 1.181169999999999941e-04 9.985074999999999923e-01
1.703784413139529943e+09 7.606755900000000681e-02 -8.086599999999999453e-05 3.846541404999999969e+00 -3.073780000000000240e-04 8.398417399999999478e-02 6.013890000000000251e-04 9.964668749999999742e-01
1.703784413682351351e+09 8.446953399999999890e-02 -5.036420000000000003e-04 3.884817362000000163e+00 -7.951860000000000265e-04 1.094300819999999980e-01 8.125499999999999910e-04 9.939938780000000529e-01
1.703784414806374550e+09 1.090594980000000047e-01 -1.877130999999999982e-03 3.962452412000000201e+00 8.341130000000000419e-04 1.446892170000000089e-01 -6.858370000000000135e-04 9.894765620000000039e-01
1.703784415347641706e+09 1.219596419999999931e-01 -1.357932000000000063e-03 4.000367165000000114e+00 -4.305910000000000249e-04 1.582316759999999878e-01 -3.749620000000000058e-04 9.874019029999999697e-01
1.703784415845721483e+09 1.327237039999999979e-01 -1.667875999999999994e-03 4.033831120000000325e+00 1.548560000000000095e-04 1.511626540000000074e-01 3.276699999999999985e-05 9.885089400000000026e-01
1.703784416346784115e+09 1.426387430000000123e-01 -1.924148999999999998e-03 4.068541050000000325e+00 -5.931200000000000404e-04 1.440847670000000025e-01 -1.651221999999999933e-03 9.895638230000000091e-01
1.703784419343832970e+09 1.311939059999999990e-01 3.350720000000000174e-03 4.249769687999999768e+00 2.230040000000000082e-04 -1.019817439999999992e-01 6.772380000000000370e-04 9.947860240000000465e-01
1.703784419893578291e+09 1.188508199999999959e-01 3.344568000000000020e-03 4.286456108000000320e+00 -2.494854999999999816e-03 -1.272988770000000047e-01 2.433307999999999912e-03 9.918583039999999684e-01
1.703784420424743176e+09 1.059549899999999989e-01 3.143022999999999997e-03 4.325509070999999928e+00 -3.189084000000000016e-03 -1.507961600000000124e-01 6.415729999999999914e-04 9.885595440000000123e-01
1.703784421010624409e+09 8.926279800000000431e-02 2.737516000000000168e-03 4.364041805000000274e+00 -1.826354000000000085e-03 -1.762545849999999914e-01 7.346170000000000174e-04 9.843426349999999658e-01
1.703784421509067297e+09 7.539242499999999902e-02 2.190281000000000085e-03 4.397580623999999716e+00 -2.486518000000000062e-03 -1.991070659999999992e-01 6.903260000000000039e-04 9.799743290000000329e-01
1.703784422052173615e+09 5.678875700000000221e-02 2.820258999999999874e-03 4.433208465999999959e+00 -3.598076999999999873e-03 -2.239465419999999984e-01 -4.892899999999999723e-04 9.745946530000000330e-01
1.703784422516175985e+09 4.103717199999999676e-02 2.096755000000000060e-03 4.462481022000000408e+00 -3.993860000000000118e-03 -2.447850560000000009e-01 9.637800000000000457e-05 9.695691469999999645e-01
1.703784423009670258e+09 2.075672099999999881e-02 2.732833000000000050e-03 4.493124007999999669e+00 -3.611088000000000145e-03 -2.666124400000000061e-01 7.784900000000000630e-05 9.637970919999999664e-01
1.703784424509125948e+09 -4.572570299999999949e-02 2.012685000000000168e-03 4.579154968000000103e+00 -3.876033999999999990e-03 -3.342645470000000230e-01 1.927614000000000020e-03 9.424693579999999793e-01
1.703784425421473026e+09 -9.373009200000000096e-02 1.884098000000000066e-03 4.627400397999999804e+00 -3.899451999999999866e-03 -3.807494940000000216e-01 1.860487000000000078e-03 9.246681329999999477e-01
1.703784425841462374e+09 -1.158436540000000042e-01 1.025985999999999999e-03 4.646250248000000305e+00 -3.054354999999999917e-03 -4.018119279999999849e-01 9.377549999999999688e-04 9.157167080000000459e-01
1.703784426295123339e+09 -1.423832180000000058e-01 1.434507999999999920e-03 4.666529654999999721e+00 -3.596479000000000082e-03 -4.252186419999999800e-01 1.778047000000000048e-03 9.050817490000000465e-01
1.703784426754387856e+09 -1.707885269999999955e-01 2.402485000000000211e-03 4.685828685999999799e+00 -5.687054000000000414e-03 -4.501280489999999745e-01 7.569430000000000472e-04 8.929455880000000123e-01
1.703784428417596817e+09 -2.738356590000000090e-01 2.680470999999999809e-03 4.732146262999999742e+00 -5.124524000000000093e-03 -5.638784169999999651e-01 2.201526999999999998e-03 8.258389830000000265e-01
1.703784428793510675e+09 -2.961673739999999833e-01 2.537821999999999908e-03 4.737127304000000372e+00 -4.204832000000000361e-03 -5.912409419999999916e-01 1.640320000000000016e-03 8.064823749999999736e-01
1.703784429168010712e+09 -3.225646019999999781e-01 3.178256999999999870e-03 4.741815566999999731e+00 -5.802248999999999775e-03 -6.198597550000000123e-01 1.609776000000000045e-03 7.846894859999999916e-01
1.703784429542188883e+09 -3.415749069999999832e-01 3.057354999999999882e-03 4.742396355000000341e+00 -4.919846999999999762e-03 -6.485715509999999684e-01 1.644801999999999896e-03 7.611360550000000336e-01
1.703784429924036026e+09 -3.581092359999999974e-01 3.437607000000000076e-03 4.742485523000000036e+00 -4.479559000000000145e-03 -6.698328850000000445e-01 2.792185999999999887e-03 7.424932119999999580e-01
1.703784430376053095e+09 -3.756890299999999794e-01 3.463659000000000009e-03 4.742619037999999954e+00 -3.785870000000000207e-03 -6.840913889999999942e-01 4.258620999999999761e-03 7.293740509999999677e-01
1.703784430791922092e+09 -4.054565430000000026e-01 3.655611999999999924e-03 4.743463992999999768e+00 -6.055434000000000164e-03 -6.930292249999999710e-01 2.559652999999999842e-03 7.208794950000000368e-01
1.703784431250886679e+09 -4.382643700000000142e-01 3.739867000000000018e-03 4.745254039999999840e+00 -5.346856999999999999e-03 -6.876766680000000465e-01 1.473838000000000101e-03 7.259958979999999729e-01
1.703784431675343513e+09 -4.684438710000000117e-01 4.384047999999999765e-03 4.748634814999999953e+00 -5.408531000000000276e-03 -6.801625489999999497e-01 1.952105999999999893e-03 7.330387830000000271e-01
1.703784432087243319e+09 -4.984397890000000220e-01 4.759532999999999819e-03 4.748317241999999716e+00 -5.174709000000000426e-03 -6.982319359999999975e-01 1.865068000000000108e-03 7.158504719999999599e-01
1.703784432456080914e+09 -5.245223049999999665e-01 4.612597000000000398e-03 4.746906756999999644e+00 -4.982295000000000300e-03 -7.108875510000000064e-01 1.964894999999999923e-03 7.032852769999999865e-01
1.703784432919450998e+09 -5.578436850000000335e-01 4.786798999999999568e-03 4.745576382000000315e+00 -4.752234000000000146e-03 -7.136200670000000246e-01 1.840491000000000089e-03 7.005144359999999626e-01
1.703784433288340807e+09 -5.853548050000000336e-01 5.304441000000000017e-03 4.746042727999999933e+00 -5.475938999999999980e-03 -7.091736789999999457e-01 1.578912000000000024e-03 7.050108309999999490e-01
1.703784433747887135e+09 -6.176977160000000078e-01 5.697111000000000362e-03 4.743943213999999742e+00 -5.145407000000000279e-03 -7.234758730000000471e-01 2.990864000000000196e-03 6.903240080000000445e-01
1.703784434204754829e+09 -6.506528849999999586e-01 5.723981000000000381e-03 4.742545127999999721e+00 -4.536777999999999991e-03 -7.173949480000000323e-01 9.004860000000000381e-04 6.966513989999999490e-01
1.703784434621040821e+09 -6.796679500000000207e-01 5.579871999999999610e-03 4.743321418999999928e+00 -4.497344000000000341e-03 -7.041338089999999994e-01 1.345009999999999999e-03 7.100517750000000516e-01
1.703784435039770603e+09 -7.089200020000000491e-01 5.691017999999999945e-03 4.745388031000000062e+00 -2.879226999999999828e-03 -6.909016369999999574e-01 2.710733999999999800e-03 7.229380610000000207e-01
1.703784435495979309e+09 -7.420108319999999535e-01 5.352746999999999714e-03 4.749853610999999809e+00 -3.311085999999999977e-03 -6.736837030000000226e-01 3.449185999999999919e-03 7.390043139999999955e-01
1.703784435911016703e+09 -7.714705469999999510e-01 5.848296000000000223e-03 4.754606246999999897e+00 -2.362275000000000052e-03 -6.593606469999999664e-01 2.580336999999999822e-03 7.518185969999999774e-01
1.703784436369227409e+09 -8.040564059999999458e-01 5.983437999999999778e-03 4.758322716000000341e+00 -4.032087000000000171e-03 -6.624112130000000542e-01 2.285797000000000002e-03 7.491261959999999664e-01
1.703784436785152197e+09 -8.347854609999999509e-01 6.446297999999999612e-03 4.761072635999999747e+00 -6.533170999999999944e-03 -6.719530219999999554e-01 1.462769999999999956e-04 7.405649420000000038e-01
1.703784437243511438e+09 -8.666622640000000155e-01 6.559874999999999734e-03 4.760835647999999587e+00 -4.465466000000000400e-03 -6.917836069999999671e-01 1.523431999999999911e-03 7.220894690000000393e-01
1.703784437704177380e+09 -8.983838560000000362e-01 6.666257000000000085e-03 4.766138076999999917e+00 -3.377689000000000125e-03 -6.693795919999999677e-01 3.041644000000000032e-03 7.429067489999999774e-01
1.703784438158672571e+09 -9.310166840000000388e-01 6.800345999999999648e-03 4.769820690000000418e+00 -2.836945000000000005e-03 -6.639802460000000517e-01 2.798879000000000210e-03 7.477394939999999490e-01
1.703784438621182919e+09 -9.630227089999999768e-01 6.963363999999999665e-03 4.770721435999999649e+00 -3.183128999999999820e-03 -6.814346909999999813e-01 2.491160999999999983e-03 7.318677900000000180e-01
1.703784439122312546e+09 -9.978783129999999613e-01 6.805872000000000137e-03 4.775679110999999644e+00 -2.251073000000000136e-03 -6.647296550000000304e-01 2.047764000000000095e-03 7.470778820000000264e-01
1.703784439618345737e+09 -1.032417297000000067e+00 6.339326999999999636e-03 4.781886577999999943e+00 -2.432861000000000138e-03 -6.462559100000000445e-01 3.507207999999999940e-03 7.631088499999999497e-01
1.703784440121641874e+09 -1.067028045999999897e+00 6.615392999999999794e-03 4.789062977000000387e+00 -2.058205000000000017e-03 -6.310428980000000188e-01 2.949690000000000038e-03 7.757396100000000239e-01
1.703784440617167950e+09 -1.101302623999999897e+00 7.056095000000000075e-03 4.798031807000000093e+00 -3.411290999999999889e-03 -6.155394910000000497e-01 2.295767000000000207e-03 7.880952949999999735e-01
1.703784441078886032e+09 -1.131902694999999959e+00 7.663399000000000426e-03 4.807571888000000015e+00 -2.686672000000000192e-03 -6.002523899999999690e-01 2.214859999999999919e-03 7.998030779999999451e-01
1.703784441492898226e+09 -1.160377382999999929e+00 8.093039999999999262e-03 4.816824436000000098e+00 -3.251916000000000095e-03 -5.861798520000000012e-01 9.421710000000000024e-04 8.101738689999999909e-01
1.703784441918869734e+09 -1.186935781999999939e+00 8.285512000000000085e-03 4.828314781000000444e+00 -2.547810000000000179e-03 -5.710069540000000110e-01 1.257036000000000004e-03 8.209403750000000555e-01
1.703784442410991907e+09 -1.219120741000000008e+00 8.021732999999999641e-03 4.842057227999999824e+00 -1.932310000000000017e-03 -5.548608900000000510e-01 2.469544000000000166e-03 8.319372529999999877e-01
1.703784442948894024e+09 -1.254346132000000003e+00 8.150343000000000865e-03 4.857536316000000021e+00 -2.383951000000000039e-03 -5.455845590000000245e-01 3.000783999999999830e-03 8.380470869999999683e-01
1.703784443530623913e+09 -1.290892123999999974e+00 8.269439999999999430e-03 4.875150203999999654e+00 -3.917589999999999874e-04 -5.360554459999999910e-01 4.434486999999999977e-03 8.441710470000000077e-01
1.703784443987205744e+09 -1.320741653000000015e+00 9.003320999999999893e-03 4.888740539999999690e+00 -1.181622999999999918e-03 -5.380761619999999690e-01 4.016552999999999964e-03 8.428858519999999910e-01
1.703784444407568455e+09 -1.347170830000000041e+00 8.742768999999999194e-03 4.900063515000000258e+00 -2.836019999999999860e-04 -5.446355339999999767e-01 4.457398999999999910e-03 8.386609550000000413e-01
1.703784444820491791e+09 -1.372525691999999964e+00 8.772656999999999677e-03 4.912510872000000361e+00 -2.253415999999999839e-03 -5.393883590000000394e-01 4.803639999999999646e-03 8.420404790000000084e-01
1.703784445238239288e+09 -1.398660183000000057e+00 9.282669000000000337e-03 4.926574707000000330e+00 -2.285770999999999810e-03 -5.242614749999999768e-01 3.751088000000000078e-03 8.515459899999999749e-01
1.703784445741558790e+09 -1.429807900999999992e+00 9.397278000000000228e-03 4.944000721000000098e+00 -3.230114999999999983e-03 -5.048696990000000051e-01 2.220052000000000136e-03 8.631866569999999683e-01
1.703784446194813013e+09 -1.458353757999999889e+00 9.385173000000000126e-03 4.958164215000000041e+00 -3.248619999999999806e-03 -5.164456960000000096e-01 2.610498000000000159e-03 8.563098310000000213e-01
1.703784446568116903e+09 -1.482083440000000030e+00 9.623262000000000482e-03 4.969572066999999649e+00 -3.598598000000000161e-03 -5.214214919999999864e-01 2.847160999999999963e-03 8.532868620000000348e-01
1.703784446943868876e+09 -1.504704475000000041e+00 9.673364000000000268e-03 4.982354164000000196e+00 -2.511797999999999982e-03 -5.112345809999999657e-01 3.539257000000000080e-03 8.594302539999999491e-01
1.703784447281284571e+09 -1.524630189000000025e+00 9.734576999999999466e-03 4.994393349000000093e+00 -1.856166999999999930e-03 -5.025301580000000046e-01 3.650118999999999846e-03 8.645500539999999567e-01
1.703784447611311197e+09 -1.544214487000000080e+00 9.968097000000000416e-03 5.006728171999999866e+00 -1.854228000000000083e-03 -4.910843670000000216e-01 3.357867000000000057e-03 8.711036439999999548e-01
1.703784447942962170e+09 -1.562455176999999917e+00 9.533633999999999165e-03 5.020015240000000212e+00 -1.349163999999999919e-03 -4.742393489999999767e-01 4.795040000000000413e-03 8.803818820000000045e-01
1.703784448276717424e+09 -1.580491781000000096e+00 1.007659699999999964e-02 5.034766196999999721e+00 -5.536939999999999744e-04 -4.610653219999999997e-01 6.046044999999999892e-03 8.873454330000000168e-01
1.703784448614529848e+09 -1.599485159000000101e+00 1.035517499999999945e-02 5.049249649000000062e+00 -1.085884999999999975e-03 -4.487524030000000219e-01 5.362877999999999742e-03 8.936393860000000355e-01
1.703784448983522654e+09 -1.618683695999999950e+00 1.021230400000000017e-02 5.067618369999999928e+00 -2.363122999999999960e-03 -4.295211429999999941e-01 5.720493999999999579e-03 9.030355810000000316e-01
1.703784449316970587e+09 -1.635105848000000028e+00 9.990627000000000188e-03 5.083539008999999886e+00 -1.758578000000000007e-03 -4.101265370000000132e-01 6.200536000000000415e-03 9.120058420000000110e-01
1.703784449691729069e+09 -1.653115987999999925e+00 9.661209000000000463e-03 5.102677345000000031e+00 -1.389693000000000005e-03 -3.838599320000000148e-01 5.636363999999999611e-03 9.233731029999999729e-01
1.703784450275902510e+09 -1.676926850999999941e+00 9.434298000000000683e-03 5.135795115999999716e+00 -2.521994999999999966e-03 -3.310824629999999935e-01 4.716342000000000104e-03 9.435866480000000278e-01
1.703784450565627098e+09 -1.687562108000000061e+00 9.770094000000000001e-03 5.153698921000000155e+00 -2.041044000000000105e-03 -3.044645489999999732e-01 4.427272000000000325e-03 9.525111910000000348e-01
1.703784450857978582e+09 -1.697767258000000057e+00 1.023678599999999946e-02 5.171309948000000212e+00 -1.671043000000000094e-03 -2.797526419999999958e-01 4.647853999999999874e-03 9.600594040000000051e-01
1.703784451150136232e+09 -1.707726121000000097e+00 9.953695000000000251e-03 5.189246178000000320e+00 -3.183533000000000109e-03 -2.597974840000000230e-01 2.747906000000000046e-03 9.656540160000000039e-01
1.703784451485425949e+09 -1.718687534000000072e+00 1.049322899999999975e-02 5.209619045000000170e+00 -2.511956999999999992e-03 -2.508464460000000007e-01 3.592380000000000052e-03 9.680169819999999703e-01
1.703784451734976530e+09 -1.726349353999999892e+00 1.039966800000000080e-02 5.224700927999999855e+00 1.373679999999999899e-04 -2.445479329999999951e-01 4.070660999999999724e-03 9.696286920000000142e-01
1.703784453313257694e+09 -1.775285959000000080e+00 1.235055399999999970e-02 5.326142310999999907e+00 -8.177784999999999915e-03 -2.228892590000000062e-01 4.600189999999999878e-04 9.748093490000000472e-01
1.703784453983546019e+09 -1.797474741999999903e+00 1.169548599999999973e-02 5.362768173000000083e+00 2.651208999999999857e-03 -2.407876999999999934e-01 -3.587022000000000040e-03 9.705675839999999832e-01
1.703784454563269138e+09 -1.812475443000000075e+00 9.593868999999999661e-03 5.391030788000000129e+00 1.174762199999999923e-02 -2.459004369999999995e-01 2.434487999999999843e-03 9.692208770000000362e-01
1.703784455647078991e+09 -1.841372012999999974e+00 9.808357999999999660e-03 5.462008952999999778e+00 5.665293000000000065e-03 -1.862923800000000074e-01 -1.750970000000000076e-04 9.824780229999999781e-01
1.703784456310715914e+09 -1.854453683000000019e+00 1.031827700000000070e-02 5.507384777000000398e+00 1.095033999999999938e-03 -1.515834179999999975e-01 2.326739999999999885e-04 9.884438509999999845e-01
1.703784457561182261e+09 -1.871330380000000071e+00 1.050406400000000046e-02 5.593694209999999778e+00 -3.092277000000000046e-03 -8.951528400000000052e-02 -8.716690000000000462e-04 9.959802629999999768e-01
1.703784458230830908e+09 -1.875942825999999952e+00 1.099003900000000006e-02 5.639988422000000057e+00 -3.058623999999999805e-03 -5.494196700000000128e-02 -1.334443000000000044e-03 9.984839559999999503e-01
1.703784459603581667e+09 -1.885192871000000103e+00 1.112846800000000073e-02 5.733335971999999892e+00 -1.110039999999999963e-04 -5.994938699999999981e-02 -6.080680000000000199e-04 9.982012510000000116e-01
1.703784459937238932e+09 -1.888965487000000110e+00 1.121440400000000073e-02 5.756000996000000036e+00 -7.832100000000000043e-04 -7.015550099999999512e-02 -1.183250999999999964e-03 9.975350499999999787e-01
1.703784460265170574e+09 -1.892362595000000036e+00 1.064490199999999949e-02 5.778615474999999613e+00 7.236010000000000402e-04 -7.896502299999999530e-02 -1.174120999999999975e-03 9.968764190000000136e-01
1.703784460933341026e+09 -1.899942279000000012e+00 1.097334600000000014e-02 5.824659824000000263e+00 -1.617699999999999911e-03 -7.578592000000000661e-02 -1.240439000000000081e-03 9.971220490000000103e-01
1.703784461268145561e+09 -1.903634666999999947e+00 1.144787400000000024e-02 5.847535610000000439e+00 -1.256834999999999983e-03 -7.463549799999999457e-02 -1.139786999999999962e-03 9.972094299999999523e-01
1.703784462099614620e+09 -1.912402748999999957e+00 1.190074900000000040e-02 5.904801845999999799e+00 -2.623995999999999967e-03 -6.855870799999999599e-02 -1.605248999999999999e-03 9.976423380000000174e-01
1.703784462474198103e+09 -1.914198875000000077e+00 1.222890700000000067e-02 5.930294513999999850e+00 -1.544751000000000023e-03 -5.536369599999999697e-02 -1.281157999999999906e-03 9.984642270000000375e-01
1.703784463265739918e+09 -1.918368816000000088e+00 1.237734199999999951e-02 5.984472752000000284e+00 -8.715170000000000382e-04 -4.104117999999999655e-02 -1.316819000000000106e-03 9.991562370000000026e-01
1.703784463639989614e+09 -1.919841646999999929e+00 1.252678699999999930e-02 6.009773731000000119e+00 -6.535420000000000118e-04 -3.275254699999999991e-02 -1.119081999999999976e-03 9.994626639999999451e-01
1.703784464387882471e+09 -1.921673297999999974e+00 1.260038900000000003e-02 6.062278747999999773e+00 -2.461178000000000064e-03 -1.941913899999999846e-02 -1.317819999999999929e-03 9.998075370000000239e-01
1.703784464761944532e+09 -1.921198009999999901e+00 1.224125199999999934e-02 6.088090420000000336e+00 -2.184634999999999876e-03 -4.053059000000000349e-03 -9.414350000000000149e-04 9.999889730000000032e-01
1.703784465179252625e+09 -1.919981718000000059e+00 1.229979699999999947e-02 6.116463183999999664e+00 -1.362937999999999953e-03 8.149045000000000594e-03 -9.260199999999999465e-04 9.999654289999999612e-01
1.703784465593988657e+09 -1.918281077999999917e+00 1.234414399999999960e-02 6.144635677000000129e+00 -1.170531000000000045e-03 2.067103799999999922e-02 -9.196589999999999713e-04 9.997852440000000174e-01
1.703784466012424231e+09 -1.916534423999999959e+00 1.220357799999999965e-02 6.172753334000000258e+00 9.703620000000000041e-04 2.385522799999999916e-02 -2.804920000000000243e-04 9.997149709999999523e-01
1.703784466441144228e+09 -1.915839075999999919e+00 1.232554999999999935e-02 6.201406479000000083e+00 -2.272580000000000119e-04 2.276150000000000048e-02 -4.287180000000000244e-04 9.997408389999999923e-01
1.703784466885472059e+09 -1.915536045999999937e+00 1.255442000000000016e-02 6.233005524000000186e+00 -7.894970000000000069e-04 1.265000600000000010e-02 -4.896110000000000392e-04 9.999195929999999954e-01
1.703784467388131380e+09 -1.916419386999999919e+00 1.242937099999999982e-02 6.266950129999999675e+00 4.146169999999999912e-04 2.494104999999999933e-03 -1.596062000000000088e-03 9.999955299999999658e-01
1.703784467886725426e+09 -1.917105674999999954e+00 1.322859200000000082e-02 6.301771163999999814e+00 -1.619381000000000032e-03 -1.095252099999999978e-02 -1.315790999999999966e-03 9.999378319999999709e-01
1.703784468344585657e+09 -1.919835447999999944e+00 1.283906599999999967e-02 6.326653481000000134e+00 -1.699287000000000063e-03 -2.881481300000000162e-02 -1.711234000000000062e-03 9.995818730000000096e-01
1.703784468883388758e+09 -1.918365359000000048e+00 1.306768900000000039e-02 6.362559795000000129e+00 -1.985199999999999899e-03 -9.148200000000000266e-05 -1.581635000000000072e-03 9.999967810000000012e-01
1.703784469388759613e+09 -1.916859030999999991e+00 1.339811500000000037e-02 6.396943091999999886e+00 -1.568558999999999969e-03 2.071013500000000104e-02 -1.930585000000000070e-03 9.997824429999999651e-01
1.703784469924350262e+09 -1.912389040000000096e+00 1.377942599999999913e-02 6.434025287999999954e+00 -9.592039999999999594e-04 4.472375700000000287e-02 -1.798754000000000065e-03 9.989973309999999884e-01
1.703784470384771824e+09 -1.908251643000000053e+00 1.389629799999999964e-02 6.465888976999999649e+00 -2.116806000000000156e-03 6.210812899999999803e-02 -2.345727000000000142e-03 9.980644579999999877e-01
1.703784470884932518e+09 -1.902951002000000003e+00 1.420812200000000011e-02 6.500504970999999799e+00 -1.114575999999999935e-03 6.605293600000000653e-02 -1.786117999999999950e-03 9.978139400000000103e-01
1.703784471381677866e+09 -1.899287461999999982e+00 1.429106599999999984e-02 6.534020424000000382e+00 -2.088000000000000066e-04 5.871587600000000018e-02 -4.172509999999999934e-04 9.982746239999999993e-01
1.703784471881525755e+09 -1.893257618000000031e+00 1.438188500000000050e-02 6.568290234000000005e+00 -9.344800000000000112e-04 7.749512000000000067e-02 -1.297009000000000009e-03 9.969914560000000536e-01
1.703784472426494360e+09 -1.884509801999999956e+00 1.377329799999999979e-02 6.604578017999999773e+00 1.762700999999999981e-03 9.558887000000000633e-02 -4.166619999999999894e-04 9.954192640000000258e-01
1.703784472922556639e+09 -1.879962444000000010e+00 1.294717599999999948e-02 6.638500689999999871e+00 1.563099000000000086e-03 6.867178499999999908e-02 -4.438010000000000154e-04 9.976379869999999483e-01
1.703784473422819614e+09 -1.875371933000000046e+00 1.240115399999999930e-02 6.671001911000000284e+00 1.762150999999999995e-03 7.320409299999999786e-02 -1.015450999999999897e-03 9.973149300000000439e-01
1.703784473878540993e+09 -1.869679689000000034e+00 1.251038999999999971e-02 6.702848433999999855e+00 5.091349999999999695e-04 8.742532100000000028e-02 6.933899999999999461e-05 9.961709979999999742e-01
1.703784474377659321e+09 -1.862423538999999906e+00 1.246225800000000036e-02 6.737256050000000052e+00 4.083899999999999981e-05 9.349314899999999762e-02 3.245049999999999974e-04 9.956198929999999780e-01
1.703784474919929266e+09 -1.858152390000000098e+00 1.219280099999999964e-02 6.774601460000000408e+00 -1.025258999999999936e-03 7.481804499999999969e-02 -9.703840000000000252e-04 9.971962570000000303e-01
1.703784475418912411e+09 -1.855207800999999934e+00 1.208089300000000053e-02 6.808650494000000108e+00 -1.901752999999999950e-03 5.218440700000000210e-02 1.429249999999999911e-04 9.986356499999999858e-01
1.703784475919638872e+09 -1.853359103000000063e+00 1.169070399999999968e-02 6.842669963999999716e+00 -1.283798999999999964e-03 2.876637500000000028e-02 4.338379999999999754e-04 9.995852710000000529e-01
1.703784476376712561e+09 -1.852593302999999914e+00 1.198342299999999999e-02 6.874350071000000284e+00 -2.840828000000000103e-03 1.008064600000000040e-02 8.162360000000000232e-04 9.999448060000000194e-01
1.703784476835718870e+09 -1.852924347000000083e+00 1.198316900000000011e-02 6.905244826999999752e+00 -2.951853999999999850e-03 -5.171275000000000351e-03 1.343187999999999934e-03 9.999814030000000464e-01
1.703784477384664774e+09 -1.854032040000000103e+00 1.198861099999999971e-02 6.942101478999999742e+00 -2.801777999999999994e-03 -1.146386700000000085e-02 1.348994999999999968e-03 9.999294880000000330e-01
1.703784477833156347e+09 -1.854631782000000007e+00 1.200428800000000011e-02 6.973047732999999582e+00 -4.192594000000000008e-03 -8.885914999999999439e-03 1.465761000000000104e-03 9.999506470000000258e-01
1.703784478291509390e+09 -1.855068563999999975e+00 1.166130800000000044e-02 7.003556252000000093e+00 -3.147343999999999836e-03 -1.045949699999999989e-02 1.699679999999999963e-04 9.999403359999999852e-01
1.703784479334774971e+09 -1.858586191999999970e+00 1.165524199999999969e-02 7.074405192999999592e+00 -2.490234000000000024e-03 -1.148477600000000036e-02 7.638970000000000352e-04 9.999306799999999606e-01
1.703784481418055773e+09 -1.865010857999999994e+00 1.170518400000000042e-02 7.215037345999999907e+00 -4.736950000000000188e-03 -7.683643000000000417e-03 5.190270000000000300e-04 9.999591709999999800e-01
1.703784481871390820e+09 -1.866284846999999969e+00 1.190013499999999919e-02 7.245492934999999690e+00 -2.652588999999999902e-03 -1.523014500000000049e-02 7.313180000000000071e-04 9.998802540000000239e-01
1.703784482289315701e+09 -1.866524457999999997e+00 1.261457199999999924e-02 7.274254321999999995e+00 -4.183733999999999717e-03 -1.556249999999999994e-02 1.849189999999999959e-04 9.998701810000000245e-01
1.703784483332620144e+09 -1.867148994999999978e+00 1.362709200000000037e-02 7.344852448000000145e+00 -3.594827000000000092e-03 -1.539615299999999923e-02 5.656619999999999791e-04 9.998748899999999606e-01
1.703784483872101545e+09 -1.867341042000000062e+00 1.458440700000000062e-02 7.381418704999999747e+00 -2.926825999999999994e-03 -1.432406999999999951e-02 6.589739999999999964e-04 9.998929500000000026e-01
1.703784484327495098e+09 -1.866860986000000056e+00 1.422004600000000007e-02 7.412562369999999845e+00 -2.991361000000000107e-03 -1.503659599999999930e-02 1.203040999999999963e-03 9.998818040000000407e-01
1.703784484746025801e+09 -1.868441105000000046e+00 1.368868799999999920e-02 7.440289020999999892e+00 -1.424258000000000078e-03 -1.591966900000000087e-02 1.831219000000000032e-03 9.998705979999999993e-01
1.703784485204777002e+09 -1.868825554999999916e+00 1.401456899999999929e-02 7.470941067000000047e+00 -1.064162000000000007e-03 -1.690071099999999882e-02 1.295857999999999993e-03 9.998558159999999528e-01
1.703784485619839191e+09 -1.869517564999999992e+00 1.433325000000000050e-02 7.498487949000000263e+00 -3.397203000000000115e-03 -1.497290499999999989e-02 8.886729999999999803e-04 9.998817439999999612e-01
1.703784486951471090e+09 -1.871998905999999963e+00 1.526063599999999930e-02 7.589569569000000016e+00 -7.354048999999999656e-03 -1.252721799999999969e-02 9.753070000000000185e-04 9.998940229999999652e-01
1.703784487325418949e+09 -1.871008873000000072e+00 1.520754799999999955e-02 7.614430428000000362e+00 -5.057932999999999700e-03 -1.242417300000000016e-02 1.404503999999999996e-03 9.999090430000000529e-01
1.703784487700248003e+09 -1.871292232999999916e+00 1.496848500000000012e-02 7.639657496999999964e+00 -4.003346999999999982e-03 -1.325013000000000059e-02 1.758716999999999919e-03 9.999026659999999955e-01
1.703784488036878586e+09 -1.872146129999999964e+00 1.510430899999999979e-02 7.662329674000000423e+00 -3.819631999999999888e-03 -1.337932300000000026e-02 2.017483000000000037e-03 9.999011749999999754e-01
1.703784488784774542e+09 -1.874594091999999934e+00 1.567025299999999857e-02 7.712615012999999742e+00 -2.734873000000000078e-03 -2.336602999999999944e-02 2.034708000000000089e-03 9.997211689999999651e-01
1.703784489365447283e+09 -1.875460029000000084e+00 1.531951299999999988e-02 7.729661465000000398e+00 -5.431540000000000326e-03 -2.313677600000000126e-02 2.111257999999999972e-03 9.997153279999999587e-01
1.703784489616868496e+09 -1.875666617999999897e+00 1.531117300000000084e-02 7.728700160999999902e+00 -4.239803999999999795e-03 -2.299045599999999939e-02 2.261655000000000002e-03 9.997241500000000336e-01
