1.702688152640086412e+09 0.000000000000000000e+00 0.000000000000000000e+00 0.000000000000000000e+00 -0.000000000000000000e+00 -0.000000000000000000e+00 -0.000000000000000000e+00 1.000000000000000000e+00
1.702688152931230068e+09 7.317619999999999507e-04 9.652500000000000164e-05 9.275424000000000863e-03 -3.243799999999999809e-04 1.062747600000000028e-02 -9.851700000000000561e-05 9.999434950000000155e-01
1.702688153267913103e+09 1.337440000000000070e-03 1.277699999999999981e-05 1.983109300000000103e-02 6.032750000000000135e-04 2.138148399999999921e-02 -3.622680000000000084e-04 9.997711780000000381e-01
1.702688153348134518e+09 1.573446000000000046e-03 9.265999999999999714e-05 2.260400200000000151e-02 1.596088999999999971e-03 2.353846999999999884e-02 -4.545780000000000242e-04 9.997215870000000226e-01
1.702688153475735903e+09 1.697666000000000019e-03 8.833500000000000043e-05 2.658495699999999934e-02 1.260611000000000023e-03 2.586386200000000135e-02 -1.127504000000000093e-03 9.996640679999999612e-01
1.702688153804666042e+09 2.357561000000000205e-03 9.790500000000000537e-05 3.728686600000000184e-02 1.738787000000000102e-03 2.584416800000000070e-02 -1.585222999999999971e-03 9.996632340000000116e-01
1.702688153977144480e+09 2.730836999999999848e-03 2.177269999999999976e-04 4.283339500000000327e-02 1.040200000000000022e-03 2.547349000000000141e-02 -2.257720999999999860e-03 9.996724129999999819e-01
1.702688154473976851e+09 2.902446999999999840e-03 1.276919999999999965e-04 5.849708599999999675e-02 3.179904999999999798e-03 1.933191199999999971e-02 -3.510969000000000069e-03 9.998019339999999477e-01
1.702688154555123091e+09 2.886456999999999825e-03 2.236139999999999905e-04 6.114228399999999813e-02 3.719664000000000130e-03 1.741822100000000109e-02 -3.753806000000000156e-03 9.998343589999999503e-01
1.702688154638869762e+09 2.969463999999999784e-03 1.596909999999999996e-04 6.394640399999999836e-02 3.956486999999999851e-03 1.475527800000000014e-02 -3.585721999999999954e-03 9.998769159999999490e-01
1.702688154722091675e+09 2.885380999999999797e-03 3.517810000000000121e-04 6.665913800000000666e-02 4.554785000000000431e-03 1.167674699999999947e-02 -3.802013999999999828e-03 9.999142290000000433e-01
1.702688154973164558e+09 2.698241000000000094e-03 1.339350000000000111e-04 7.464083300000000365e-02 4.196199000000000283e-03 2.774092000000000138e-03 -2.969252999999999823e-03 9.999829529999999522e-01
1.702688155097371340e+09 2.833295999999999905e-03 2.380799999999999974e-05 7.898853699999999756e-02 3.036909999999999870e-03 -7.751550000000000280e-04 -2.158773000000000115e-03 9.999927880000000213e-01
1.702688155225627184e+09 2.623031999999999968e-03 -1.899299999999999925e-05 8.285650599999999644e-02 2.961039999999999853e-03 -2.654615999999999833e-03 -2.353529000000000038e-03 9.999893309999999813e-01
1.702688155345086098e+09 2.479985000000000089e-03 -3.049799999999999836e-05 8.723696300000000070e-02 1.961042999999999988e-03 -6.820126000000000140e-03 -2.978081000000000044e-03 9.999704360000000181e-01
1.702688155511144876e+09 2.269895999999999980e-03 -8.361500000000000497e-05 9.231988300000000536e-02 6.328119999999999579e-04 -1.157312999999999918e-02 -2.133747000000000074e-03 9.999305609999999955e-01
1.702688155641277075e+09 1.822239999999999928e-03 5.482700000000000209e-05 9.587299800000000094e-02 1.204923000000000105e-03 -1.569223200000000040e-02 -3.012655999999999841e-03 9.998716119999999652e-01
1.702688155886714220e+09 1.353356999999999911e-03 3.760479999999999747e-04 1.043017279999999963e-01 4.110760000000000195e-04 -2.803227100000000097e-02 -3.047749000000000204e-03 9.996022580000000213e-01
1.702688156054667950e+09 8.337159999999999710e-04 4.241890000000000005e-04 1.088775169999999931e-01 -6.016180000000000529e-04 -3.317391499999999827e-02 -2.731649000000000056e-03 9.994457359999999735e-01
1.702688156178727388e+09 5.426289999999999846e-04 4.154070000000000158e-04 1.120096520000000012e-01 7.767079999999999774e-04 -3.566131699999999793e-02 -3.472305000000000183e-03 9.993576410000000187e-01
1.702688156522657633e+09 -8.810099999999999962e-04 1.621109999999999934e-04 1.235131250000000014e-01 1.506979999999999995e-04 -5.446850100000000250e-02 -2.675925999999999912e-03 9.985119099999999470e-01
1.702688156678430319e+09 -1.662433999999999960e-03 -4.402699999999999707e-05 1.283204410000000073e-01 7.855460000000000307e-04 -6.432009499999999380e-02 -2.128264999999999844e-03 9.979267720000000175e-01
1.702688156846200943e+09 -2.959670000000000183e-03 8.494099999999999871e-05 1.338834610000000092e-01 1.270960999999999922e-03 -7.230281800000000481e-02 -2.559256000000000204e-03 9.973786470000000071e-01
1.702688158426708937e+09 -1.430162299999999942e-02 7.069039999999999525e-04 1.845872249999999937e-01 -1.034371999999999982e-03 -1.137694790000000067e-01 -3.676566999999999943e-03 9.934998149999999528e-01
1.702688158637795210e+09 -1.530654300000000058e-02 1.042348999999999923e-03 1.912814080000000139e-01 -2.435380000000000118e-04 -1.060862240000000067e-01 -4.179745999999999809e-03 9.943481090000000355e-01
1.702688159176200867e+09 -1.928138899999999947e-02 1.338432000000000077e-03 2.079198210000000047e-01 9.529710000000000481e-04 -1.093406080000000058e-01 -3.356694999999999818e-03 9.939982299999999826e-01
1.702688159510745287e+09 -2.158157200000000026e-02 1.125141000000000075e-03 2.189410479999999992e-01 -3.975140000000000162e-04 -1.178019270000000007e-01 -3.554101999999999956e-03 9.930306669999999780e-01
1.702688159927341223e+09 -2.476414299999999888e-02 1.551845999999999955e-03 2.326925099999999913e-01 -1.818610000000000127e-04 -1.235086019999999951e-01 -3.392436999999999883e-03 9.923377039999999871e-01
1.702688161548185349e+09 -3.568033100000000263e-02 1.310706999999999931e-03 2.837890390000000207e-01 2.530942000000000001e-03 -9.134742599999999546e-02 -3.211181999999999925e-03 9.958107470000000516e-01
1.702688162299654007e+09 -3.999553599999999820e-02 1.552434000000000106e-03 3.076350689999999832e-01 1.945382999999999965e-03 -8.516466599999999998e-02 -1.895339000000000008e-03 9.963632230000000201e-01
1.702688163174157143e+09 -4.385304100000000233e-02 1.643134000000000088e-03 3.362123370000000278e-01 2.139769000000000133e-03 -7.315357799999999688e-02 -2.026529999999999911e-03 9.973163600000000129e-01
1.702688163379859447e+09 -4.489765300000000264e-02 1.689521000000000035e-03 3.431507050000000003e-01 1.669724000000000035e-03 -6.938909000000000049e-02 -1.682115000000000086e-03 9.975868460000000271e-01
1.702688163590433121e+09 -4.636562600000000006e-02 1.896275999999999908e-03 3.497853879999999749e-01 1.704692000000000056e-03 -6.511870000000000158e-02 -2.660294000000000113e-03 9.978725309999999515e-01
1.702688165003051043e+09 -5.014675100000000330e-02 1.954575000000000062e-03 3.964766259999999987e-01 2.080450000000000181e-03 -5.764557000000000014e-02 -3.839684999999999800e-03 9.983275529999999787e-01
1.702688165257032394e+09 -5.120043500000000247e-02 2.093878999999999879e-03 4.040237070000000097e-01 2.642502000000000132e-03 -5.662844699999999842e-02 -3.889727999999999849e-03 9.983842370000000077e-01
1.702688165465056419e+09 -5.183128299999999883e-02 2.303182999999999880e-03 4.109739070000000272e-01 3.273296000000000192e-03 -5.543814200000000275e-02 -3.871082000000000082e-03 9.984492659999999464e-01
1.702688167712405682e+09 -5.760924099999999853e-02 2.314203999999999827e-03 4.835103450000000080e-01 3.404804999999999898e-03 -3.281178700000000198e-02 -3.819011000000000194e-03 9.994484780000000290e-01
1.702688167921336412e+09 -5.791135499999999769e-02 3.445226999999999925e-03 4.909390809999999994e-01 3.944895000000000346e-03 -2.788909900000000053e-02 -2.935804000000000191e-03 9.995989199999999464e-01
1.702688171043518066e+09 -7.866749900000000184e-02 -1.195195999999999932e-03 5.803678039999999871e-01 2.223447999999999831e-03 9.218672699999999609e-02 -2.933083999999999865e-03 9.957349899999999865e-01
1.702688171335400820e+09 -8.174075199999999986e-02 -2.531488000000000141e-03 5.877320769999999639e-01 -4.372600000000000114e-05 1.041229739999999931e-01 -9.096939999999999540e-04 9.945639969999999774e-01
1.702688171543298244e+09 -8.401884099999999689e-02 -2.566561000000000189e-03 5.939090849999999477e-01 -1.394686999999999923e-03 1.085376960000000029e-01 -5.665969999999999557e-04 9.940912130000000291e-01
1.702688174168249846e+09 -1.126793700000000009e-01 -3.852701999999999950e-03 6.565738319999999684e-01 -5.731720000000000044e-03 -6.415666000000000424e-03 2.754130999999999940e-03 9.999592299999999767e-01
1.702688174537330389e+09 -1.122027190000000063e-01 -3.740343000000000140e-03 6.654357309999999748e-01 -5.665635999999999936e-03 -4.317996300000000176e-02 1.943896999999999986e-03 9.990493660000000498e-01
1.702688175042083740e+09 -1.107426140000000031e-01 -3.064986999999999920e-03 6.794335249999999826e-01 -3.062869000000000182e-03 -8.930959600000000498e-02 4.859350000000000019e-04 9.959990979999999716e-01
1.702688176244094372e+09 -1.048217040000000017e-01 -1.151167000000000032e-03 7.182900909999999639e-01 -5.532518000000000158e-03 -1.783526990000000034e-01 -3.152549000000000150e-03 9.839460249999999464e-01
1.702688176618507147e+09 -1.029876099999999933e-01 -5.320439999999999631e-04 7.337468270000000459e-01 -4.233040999999999887e-03 -2.053942229999999869e-01 -4.433704999999999591e-03 9.786601660000000535e-01
1.702688176784389257e+09 -1.022985649999999941e-01 -4.221860000000000131e-04 7.399448749999999464e-01 -4.216451999999999874e-03 -2.162857950000000029e-01 -5.245014000000000100e-03 9.763069149999999974e-01
1.702688177455182552e+09 -1.007931160000000020e-01 -4.717890000000000191e-04 7.550039889999999865e-01 -5.404372000000000169e-03 -2.364287820000000040e-01 -6.589176999999999881e-03 9.716114999999999613e-01
1.702688177747878075e+09 -1.024137509999999973e-01 -7.859409999999999617e-04 7.564041609999999638e-01 -5.662373000000000059e-03 -2.386022660000000073e-01 -7.039423000000000381e-03 9.710754160000000246e-01
1.702688177827694893e+09 -1.026180389999999942e-01 -8.075520000000000094e-04 7.568919659999999716e-01 -6.104105000000000295e-03 -2.399049699999999952e-01 -7.051947999999999724e-03 9.707516430000000529e-01
1.702688178202335119e+09 -1.035404060000000015e-01 -8.136369999999999757e-04 7.588014600000000387e-01 -5.507032999999999720e-03 -2.498987910000000090e-01 -9.392654999999999754e-03 9.682107570000000329e-01
1.702688178452182293e+09 -1.043715630000000005e-01 -8.905869999999999759e-04 7.600142960000000336e-01 -6.719596000000000423e-03 -2.572388950000000230e-01 -1.267145899999999950e-02 9.662414190000000458e-01
1.702688178749221563e+09 -1.057200429999999997e-01 -1.240786999999999923e-03 7.613357309999999600e-01 -7.398631000000000131e-03 -2.688193620000000061e-01 -1.401803899999999950e-02 9.630602000000000329e-01
1.702688179075419426e+09 -1.070137320000000003e-01 -1.439380999999999994e-03 7.631430630000000104e-01 -9.659588999999999676e-03 -2.816121879999999855e-01 -1.486341700000000030e-02 9.593645929999999877e-01
1.702688179160036325e+09 -1.073053030000000047e-01 -1.787483000000000084e-03 7.633106710000000517e-01 -1.186891799999999914e-02 -2.839685980000000165e-01 -1.803575300000000159e-02 9.585904480000000394e-01
1.702688179245624542e+09 -1.077532469999999964e-01 -1.837576000000000053e-03 7.638143299999999858e-01 -1.264699199999999926e-02 -2.864046390000000164e-01 -1.812319999999999903e-02 9.578538540000000046e-01
1.702688179826010227e+09 -1.104413119999999998e-01 -3.344399000000000070e-03 7.657169099999999728e-01 -2.110804200000000047e-02 -3.048409220000000142e-01 -2.614151899999999848e-02 9.518104200000000459e-01
1.702688179907404661e+09 -1.107360720000000048e-01 -3.574111999999999949e-03 7.660892009999999974e-01 -2.353404599999999944e-02 -3.088293080000000246e-01 -2.683984299999999865e-02 9.504473810000000356e-01
1.702688180241099834e+09 -1.121306569999999947e-01 -3.895341999999999989e-03 7.675912980000000330e-01 -2.539192900000000058e-02 -3.228944539999999974e-01 -2.648195999999999883e-02 9.457236530000000529e-01
1.702688180448678255e+09 -1.129895000000000066e-01 -4.200843999999999585e-03 7.685014009999999729e-01 -2.854516199999999893e-02 -3.303078409999999909e-01 -2.592506799999999903e-02 9.430852530000000122e-01
1.702688181363631964e+09 -1.174129099999999953e-01 -3.150056999999999944e-03 7.729346750000000155e-01 -2.534299200000000168e-02 -3.763974909999999729e-01 -2.059967399999999838e-02 9.258824589999999910e-01
1.702688182156037807e+09 -1.218311039999999956e-01 -3.012322000000000003e-03 7.770402429999999638e-01 -2.876853199999999944e-02 -4.169628619999999897e-01 -2.134004399999999899e-02 9.082174299999999922e-01
1.702688182329205513e+09 -1.227541490000000068e-01 -2.860741999999999886e-03 7.777082320000000548e-01 -2.994625100000000012e-02 -4.246107940000000136e-01 -2.101711200000000099e-02 9.046365020000000090e-01
1.702688182866460323e+09 -1.259812859999999979e-01 -2.576029000000000079e-03 7.799196840000000019e-01 -3.249971900000000330e-02 -4.549795389999999884e-01 -2.118084400000000075e-02 8.896566030000000458e-01
1.702688183488054276e+09 -1.297362149999999881e-01 -2.255468000000000056e-03 7.819060089999999574e-01 -3.176065200000000033e-02 -4.932006600000000129e-01 -1.982719800000000074e-02 8.691095110000000012e-01
1.702688183700091839e+09 -1.310183849999999872e-01 -1.976119000000000139e-03 7.825673819999999781e-01 -3.013484599999999985e-02 -5.076342820000000478e-01 -1.937900299999999881e-02 8.608274460000000516e-01
1.702688183780685425e+09 -1.314938519999999944e-01 -2.038565999999999902e-03 7.828468079999999496e-01 -3.136715699999999968e-02 -5.137112740000000510e-01 -1.951631499999999936e-02 8.571674230000000394e-01
1.702688184197786093e+09 -1.340005400000000013e-01 -2.095636000000000113e-03 7.837401630000000452e-01 -3.506614300000000101e-02 -5.409235949999999793e-01 -1.691057300000000166e-02 8.401702640000000555e-01
1.702688184278225183e+09 -1.346708540000000065e-01 -2.058659000000000010e-03 7.840123770000000381e-01 -3.626850999999999686e-02 -5.472851990000000555e-01 -1.711235599999999871e-02 8.359848859999999826e-01
1.702688184361381769e+09 -1.352181729999999971e-01 -2.014886999999999928e-03 7.843715549999999981e-01 -3.638076800000000083e-02 -5.545664430000000200e-01 -1.698191099999999884e-02 8.311703209999999897e-01
1.702688184576878309e+09 -1.364585459999999861e-01 -2.023842000000000089e-03 7.845085859999999522e-01 -3.747116400000000125e-02 -5.677389499999999645e-01 -1.498470499999999921e-02 8.222188350000000368e-01
1.702688184737477064e+09 -1.374247670000000032e-01 -1.837414000000000104e-03 7.847769260000000413e-01 -3.636263700000000321e-02 -5.822917220000000116e-01 -1.430521300000000065e-02 8.120403290000000052e-01
1.702688184822968721e+09 -1.379572149999999942e-01 -1.770525999999999914e-03 7.850040200000000246e-01 -3.567023600000000100e-02 -5.883166789999999535e-01 -1.399838800000000050e-02 8.077222109999999677e-01
1.702688184902908087e+09 -1.384107770000000126e-01 -1.745917000000000042e-03 7.851048710000000375e-01 -3.511338700000000285e-02 -5.941762919999999948e-01 -1.373854600000000079e-02 8.034505840000000232e-01
1.702688186155927181e+09 -1.454446909999999871e-01 -1.248781000000000023e-03 7.856977579999999683e-01 -3.878192999999999918e-02 -6.790199879999999633e-01 -1.001702600000000005e-02 7.330262659999999819e-01
1.702688186985560894e+09 -1.485143899999999961e-01 -9.914450000000000866e-04 7.852253909999999948e-01 -3.876485699999999979e-02 -7.089189890000000549e-01 -8.798221999999999640e-03 7.041688560000000097e-01
1.702688187734517336e+09 -1.535332199999999980e-01 -6.192660000000000439e-04 7.853050830000000149e-01 -3.816954000000000180e-02 -7.062930459999999799e-01 -9.378980999999999776e-03 7.068275809999999826e-01
1.702688188608985662e+09 -1.594768169999999929e-01 -3.058839999999999736e-04 7.853306530000000452e-01 -3.836632899999999763e-02 -7.000285389999999497e-01 -8.550291999999999268e-03 7.130322460000000362e-01
1.702688189151738405e+09 -1.631896499999999917e-01 -7.996700000000000195e-05 7.852706310000000522e-01 -3.895708199999999705e-02 -7.111016510000000013e-01 -7.950927999999999468e-03 7.019640799999999903e-01
1.702688189316132784e+09 -1.643316750000000104e-01 5.257499999999999722e-05 7.852301600000000104e-01 -3.802368799999999993e-02 -7.146193389999999646e-01 -7.343060999999999686e-03 6.984407310000000368e-01
1.702688189400793076e+09 -1.648695470000000052e-01 8.758200000000000273e-05 7.851724620000000154e-01 -3.864552799999999844e-02 -7.191193099999999561e-01 -6.967964999999999576e-03 6.937761900000000148e-01
1.702688189483044147e+09 -1.654717330000000097e-01 8.999200000000000168e-05 7.851197119999999696e-01 -3.922480300000000253e-02 -7.222576139999999922e-01 -7.446628999999999748e-03 6.904708149999999600e-01
1.702688189649378061e+09 -1.665976050000000097e-01 1.954919999999999911e-04 7.850363849999999477e-01 -3.834490499999999857e-02 -7.215813399999999600e-01 -8.185632999999999451e-03 6.912186150000000362e-01
1.702688190108117104e+09 -1.698332429999999948e-01 5.392799999999999460e-04 7.848531600000000497e-01 -3.831090799999999769e-02 -7.316732409999999742e-01 -9.373226999999999601e-03 6.805135610000000446e-01
1.702688190236847401e+09 -1.706820129999999935e-01 5.831159999999999512e-04 7.848385570000000477e-01 -3.842952100000000121e-02 -7.355130309999999838e-01 -8.432853000000000571e-03 6.763672830000000413e-01
1.702688190360705614e+09 -1.714656350000000051e-01 6.695460000000000300e-04 7.846129539999999736e-01 -3.693176100000000045e-02 -7.407551999999999470e-01 -7.143206000000000035e-03 6.707211730000000038e-01
1.702688190484710217e+09 -1.723383669999999923e-01 6.278339999999999659e-04 7.845663430000000549e-01 -3.791293899999999967e-02 -7.397736310000000426e-01 -7.422116000000000303e-03 6.717458370000000123e-01
1.702688190564355373e+09 -1.729173059999999928e-01 6.879829999999999756e-04 7.844427229999999529e-01 -3.747899100000000316e-02 -7.357938290000000103e-01 -8.117045999999999289e-03 6.761190889999999509e-01
1.702688190982280731e+09 -1.757190230000000020e-01 7.347799999999999818e-04 7.843717340000000426e-01 -3.934492900000000071e-02 -7.277865409999999535e-01 -8.371168000000000012e-03 6.846230030000000077e-01
1.702688191106841803e+09 -1.766302590000000117e-01 7.989520000000000172e-04 7.843213079999999948e-01 -3.955132499999999829e-02 -7.330527310000000130e-01 -7.979254999999999334e-03 6.789740920000000290e-01
1.702688191236978531e+09 -1.774527429999999961e-01 7.572699999999999917e-04 7.842363119999999910e-01 -4.048706199999999727e-02 -7.383950950000000013e-01 -6.586858000000000123e-03 6.731197829999999716e-01
1.702688191358403444e+09 -1.782870890000000097e-01 7.975210000000000372e-04 7.842837569999999703e-01 -4.022564000000000001e-02 -7.409589890000000123e-01 -6.399671000000000005e-03 6.703138950000000484e-01
1.702688191730968475e+09 -1.808195710000000123e-01 9.868999999999999734e-04 7.839388849999999742e-01 -3.859572900000000223e-02 -7.250383500000000536e-01 -7.408180000000000320e-03 6.875863079999999794e-01
1.702688192108992338e+09 -1.834806800000000071e-01 1.176547000000000009e-03 7.841507199999999678e-01 -3.895021199999999795e-02 -7.177777290000000310e-01 -5.631006000000000032e-03 6.951591969999999510e-01
1.702688192438267469e+09 -1.857974530000000013e-01 1.326375000000000080e-03 7.841388580000000497e-01 -3.915306200000000236e-02 -7.097863549999999799e-01 -6.558833000000000024e-03 7.032974960000000220e-01
1.702688192564346552e+09 -1.867462990000000045e-01 1.411911000000000069e-03 7.841411230000000510e-01 -3.954536499999999899e-02 -7.025259729999999703e-01 -8.018152000000000612e-03 7.105132939999999619e-01
1.702688192688865900e+09 -1.875851149999999967e-01 1.475933999999999927e-03 7.842188479999999684e-01 -3.936954599999999832e-02 -6.970872879999999716e-01 -8.993426000000000545e-03 7.158480879999999935e-01
1.702688192857187033e+09 -1.886849999999999916e-01 1.558941000000000103e-03 7.842962740000000155e-01 -3.981781799999999788e-02 -6.943421360000000542e-01 -9.401783999999999836e-03 7.184811229999999993e-01
1.702688193151263475e+09 -1.907697919999999936e-01 1.739752000000000009e-03 7.841606140000000336e-01 -4.013927700000000098e-02 -7.036502959999999529e-01 -9.979636999999999536e-03 7.093415859999999684e-01
1.702688193897326946e+09 -1.959714889999999987e-01 2.028580999999999787e-03 7.844968439999999710e-01 -3.903541700000000281e-02 -6.900224689999999717e-01 -8.894963999999999996e-03 7.226798530000000387e-01
1.702688194147161484e+09 -1.976590159999999929e-01 2.143152000000000165e-03 7.845542429999999845e-01 -3.945057500000000161e-02 -6.846870779999999490e-01 -9.452790000000000845e-03 7.277073259999999877e-01
1.702688194312483788e+09 -1.988029480000000071e-01 2.249487000000000101e-03 7.846002579999999949e-01 -3.915763299999999725e-02 -6.866520640000000064e-01 -9.746173000000000336e-03 7.258655429999999464e-01
1.702688194446048021e+09 -1.996640560000000064e-01 2.241298999999999982e-03 7.847210759999999619e-01 -3.917979800000000179e-02 -6.827046279999999800e-01 -9.209788999999999476e-03 7.295851709999999768e-01
1.702688194604223967e+09 -2.007876040000000084e-01 2.290509999999999942e-03 7.847669720000000071e-01 -4.014200700000000038e-02 -6.803330180000000116e-01 -8.895280999999999674e-03 7.317489390000000427e-01
1.702688194727857113e+09 -2.017112970000000116e-01 2.405655000000000033e-03 7.848488689999999490e-01 -4.034089999999999898e-02 -6.810724740000000388e-01 -9.272426000000000279e-03 7.310451270000000168e-01
1.702688194854336739e+09 -2.026175859999999884e-01 2.505347000000000216e-03 7.848446970000000356e-01 -4.036845299999999859e-02 -6.819567079999999670e-01 -9.332190000000000624e-03 7.302180529999999781e-01
1.702688195436059237e+09 -2.065095309999999962e-01 2.714298999999999878e-03 7.850567099999999909e-01 -3.832316399999999984e-02 -6.740742330000000226e-01 -8.033979000000000120e-03 7.376250619999999980e-01
1.702688195606745243e+09 -2.077340480000000045e-01 2.748847000000000009e-03 7.851753230000000361e-01 -3.868729199999999813e-02 -6.688432690000000180e-01 -9.156285000000000118e-03 7.423397299999999754e-01
1.702688195769635916e+09 -2.088944319999999910e-01 2.862692000000000014e-03 7.852239610000000258e-01 -3.868738599999999722e-02 -6.693581339999999935e-01 -8.903404999999999653e-03 7.418785100000000465e-01
1.702688196102466345e+09 -2.111316920000000097e-01 3.138310999999999965e-03 7.855815889999999690e-01 -3.862419000000000269e-02 -6.655033230000000355e-01 -8.934878000000000264e-03 7.453413009999999561e-01
1.702688197475346804e+09 -2.206033470000000052e-01 3.652266999999999840e-03 7.877344490000000032e-01 -3.917134199999999788e-02 -6.215999719999999451e-01 -1.247018299999999927e-02 7.822554710000000355e-01
1.702688197603774071e+09 -2.214154899999999926e-01 3.824838000000000109e-03 7.879636290000000542e-01 -3.928907599999999917e-02 -6.167342660000000309e-01 -1.265571799999999983e-02 7.860884670000000130e-01
1.702688198020699024e+09 -2.240665560000000001e-01 3.885015999999999817e-03 7.889626029999999846e-01 -3.945899399999999724e-02 -6.007241009999999548e-01 -1.247481200000000005e-02 7.983846070000000239e-01
1.702688198362723827e+09 -2.263826280000000024e-01 3.999988999999999802e-03 7.897158859999999780e-01 -3.992772499999999725e-02 -5.865578059999999594e-01 -1.495914500000000008e-02 8.087842459999999845e-01
1.702688198644781113e+09 -2.280111760000000098e-01 4.119761000000000430e-03 7.906007769999999768e-01 -3.781027299999999841e-02 -5.749863389999999574e-01 -1.452959799999999947e-02 8.171597120000000380e-01
1.702688199973019123e+09 -2.363799070000000002e-01 4.702579000000000134e-03 7.942013140000000471e-01 -3.697333500000000300e-02 -5.517202020000000484e-01 -1.493192699999999935e-02 8.330755229999999845e-01
1.702688200308521986e+09 -2.384869460000000052e-01 4.908026999999999702e-03 7.950820920000000180e-01 -3.778586200000000339e-02 -5.551363230000000426e-01 -1.391026000000000068e-02 8.307842020000000272e-01
1.702688200476429939e+09 -2.394538820000000068e-01 4.934403999999999874e-03 7.953943009999999703e-01 -3.836824400000000274e-02 -5.564699770000000045e-01 -1.395262700000000043e-02 8.298641439999999703e-01
1.702688200765596151e+09 -2.414036989999999994e-01 5.167757999999999727e-03 7.962276339999999619e-01 -3.815852499999999869e-02 -5.617727639999999800e-01 -1.252443699999999938e-02 8.263161780000000123e-01
1.702688201022895813e+09 -2.428588720000000034e-01 5.397266000000000390e-03 7.968293429999999677e-01 -3.828087100000000104e-02 -5.656157139999999917e-01 -1.235842300000000032e-02 8.236872549999999515e-01
1.702688201181699276e+09 -2.440882920000000122e-01 5.424690000000000241e-03 7.972430590000000317e-01 -3.972916700000000273e-02 -5.773493650000000033e-01 -1.114039699999999980e-02 8.154540059999999535e-01
1.702688201305832624e+09 -2.448848339999999957e-01 5.392085999999999928e-03 7.973234649999999535e-01 -4.050264099999999895e-02 -5.793989899999999471e-01 -1.169200800000000026e-02 8.139531610000000361e-01
1.702688201516457558e+09 -2.463401410000000125e-01 5.621962000000000313e-03 7.978731390000000090e-01 -4.089602800000000093e-02 -5.823392269999999593e-01 -1.226124500000000048e-02 8.118239640000000090e-01
1.702688202721447229e+09 -2.543255389999999894e-01 6.266474999999999650e-03 8.005912299999999870e-01 -4.078190000000000287e-02 -5.884271260000000225e-01 -1.329102000000000061e-02 8.074117299999999942e-01
1.702688202970739126e+09 -2.559991779999999939e-01 6.444036999999999682e-03 8.009209040000000446e-01 -4.009518799999999689e-02 -5.827456119999999684e-01 -1.413540299999999951e-02 8.115417959999999820e-01
1.702688203055158377e+09 -2.566320300000000110e-01 6.548934000000000179e-03 8.012225029999999748e-01 -3.995439800000000208e-02 -5.807717439999999787e-01 -1.511956100000000011e-02 8.129447699999999832e-01
1.702688204761393547e+09 -2.669446469999999794e-01 8.064760000000000678e-03 8.064661029999999897e-01 -3.394794500000000020e-02 -5.034064050000000012e-01 -1.001001999999999968e-02 8.633245830000000343e-01
1.702688205303340197e+09 -2.701502740000000236e-01 8.465893999999999850e-03 8.087141509999999922e-01 -3.333505199999999696e-02 -4.726128580000000245e-01 -1.071038099999999972e-02 8.805743459999999523e-01
1.702688205360034704e+09 -2.703431250000000174e-01 8.451791999999999638e-03 8.088127969999999722e-01 -3.320348599999999734e-02 -4.703500869999999723e-01 -1.072795399999999962e-02 8.817898039999999549e-01
1.702688205760909319e+09 -2.721131150000000165e-01 8.752495000000000760e-03 8.107216360000000233e-01 -3.318548899999999857e-02 -4.455120859999999738e-01 -1.059973699999999970e-02 8.945978879999999522e-01
1.702688205885358810e+09 -2.734539209999999887e-01 8.942212999999999204e-03 8.110240100000000174e-01 -3.221960699999999733e-02 -4.297996159999999954e-01 -1.186755700000000080e-02 9.022712710000000413e-01
1.702688206013332129e+09 -2.743507029999999736e-01 9.064723999999999698e-03 8.114458319999999780e-01 -3.192990999999999885e-02 -4.173626599999999964e-01 -1.217033200000000072e-02 9.080973270000000097e-01
1.702688206091813087e+09 -2.747460899999999984e-01 9.122266999999999876e-03 8.116106389999999671e-01 -3.044640300000000036e-02 -4.097643490000000277e-01 -1.144155300000000014e-02 9.116113780000000277e-01
1.702688208259052515e+09 -2.813802659999999900e-01 9.106081999999999718e-03 8.236026760000000335e-01 -2.905787500000000037e-02 -2.331547290000000050e-01 -2.343341700000000152e-02 9.717229010000000278e-01
1.702688208509132624e+09 -2.820290329999999845e-01 9.237920000000000159e-03 8.251039980000000051e-01 -2.928938199999999922e-02 -2.270210679999999925e-01 -2.452286500000000133e-02 9.731403589999999548e-01
1.702688208676268101e+09 -2.825233039999999751e-01 9.313277000000000014e-03 8.260460499999999762e-01 -3.047023700000000071e-02 -2.245787380000000000e-01 -2.344722700000000104e-02 9.736971859999999923e-01
1.702688209845655203e+09 -2.860324080000000158e-01 1.007611500000000007e-02 8.330736159999999613e-01 -3.610088699999999817e-02 -2.391553519999999877e-01 -2.639379400000000167e-02 9.699509139999999974e-01
1.702688210091393948e+09 -2.870528099999999916e-01 1.008577599999999942e-02 8.342269060000000458e-01 -3.208924800000000077e-02 -2.487814720000000035e-01 -3.400694600000000317e-02 9.674304129999999891e-01
1.702688210215263605e+09 -2.873793539999999758e-01 1.015718500000000087e-02 8.349334600000000162e-01 -3.281726699999999719e-02 -2.605855169999999887e-01 -3.331933499999999854e-02 9.643174410000000529e-01
1.702688210465261459e+09 -2.881471809999999745e-01 1.020954299999999974e-02 8.361319900000000471e-01 -2.808685199999999896e-02 -2.803109289999999865e-01 -3.081871799999999842e-02 9.590032099999999948e-01
1.702688210716919899e+09 -2.890752850000000151e-01 1.029462700000000064e-02 8.372133370000000019e-01 -1.995747399999999935e-02 -2.949192820000000048e-01 -2.438616600000000079e-02 9.550024270000000426e-01
1.702688211132476091e+09 -2.900470199999999887e-01 1.042716100000000076e-02 8.394237759999999549e-01 -1.933602599999999921e-02 -2.719105780000000139e-01 -2.462317600000000009e-02 9.618131519999999490e-01
1.702688211256303072e+09 -2.904669639999999942e-01 1.043207999999999983e-02 8.400886060000000155e-01 -2.032328200000000154e-02 -2.642037569999999835e-01 -2.533223299999999914e-02 9.639199379999999762e-01
1.702688211561096191e+09 -2.913593649999999813e-01 1.051078899999999955e-02 8.415337800000000090e-01 -2.456521999999999872e-02 -2.460742740000000095e-01 -2.848782000000000050e-02 9.685207609999999523e-01
1.702688212052156448e+09 -2.923718690000000064e-01 1.066435500000000036e-02 8.438673020000000413e-01 -2.052039799999999872e-02 -2.211835380000000129e-01 -2.753584099999999840e-02 9.746273760000000452e-01
1.702688212505236149e+09 -2.931126949999999787e-01 1.065154800000000027e-02 8.461139800000000433e-01 -2.266020300000000029e-02 -1.988089829999999947e-01 -2.768745800000000160e-02 9.793849589999999994e-01
1.702688212674033880e+09 -2.933929259999999983e-01 1.076666100000000029e-02 8.469900489999999671e-01 -2.330678300000000105e-02 -1.894271369999999954e-01 -2.752134200000000072e-02 9.812322850000000374e-01
1.702688213050624371e+09 -2.941243350000000145e-01 1.087472400000000054e-02 8.489438299999999549e-01 -2.704032099999999911e-02 -1.700674149999999996e-01 -2.956438800000000047e-02 9.846176509999999826e-01
1.702688213296007633e+09 -2.944702510000000162e-01 1.098258499999999957e-02 8.503080010000000355e-01 -2.883764700000000097e-02 -1.567334230000000106e-01 -3.046874100000000057e-02 9.867495889999999825e-01
1.702688214254782677e+09 -2.955851259999999758e-01 1.147619799999999995e-02 8.555263880000000265e-01 -2.639468000000000023e-02 -1.047439500000000023e-01 -3.172332399999999719e-02 9.936426280000000277e-01
1.702688214629415274e+09 -2.960287329999999884e-01 1.158105799999999998e-02 8.575293419999999722e-01 -2.608439099999999844e-02 -8.652909100000000242e-02 -3.231587999999999822e-02 9.953833220000000148e-01
1.702688214880846500e+09 -2.962723369999999967e-01 1.155054299999999992e-02 8.588628769999999690e-01 -2.619270400000000068e-02 -7.238163100000000183e-02 -3.364408399999999771e-02 9.964652059999999922e-01
1.702688216211667061e+09 -2.972380519999999748e-01 1.196972800000000066e-02 8.659430740000000348e-01 -2.405979299999999946e-02 -9.081250400000000222e-02 -3.334724199999999916e-02 9.950187209999999949e-01
1.702688216378652811e+09 -2.974021729999999919e-01 1.206248700000000021e-02 8.668424489999999594e-01 -2.437821000000000085e-02 -9.968015600000000587e-02 -3.190731299999999965e-02 9.942089920000000136e-01
1.702688217461167097e+09 -2.989180089999999845e-01 1.249656600000000062e-02 8.726521130000000070e-01 -2.580854900000000007e-02 -1.171809060000000013e-01 -3.066005200000000014e-02 9.923016430000000110e-01
1.702688217542275667e+09 -2.989634279999999755e-01 1.249873599999999987e-02 8.730815650000000039e-01 -2.531997299999999909e-02 -1.155054419999999998e-01 -3.068313900000000163e-02 9.925099609999999961e-01
1.702688218166671753e+09 -2.997342649999999997e-01 1.262593499999999959e-02 8.764551879999999962e-01 -2.457294999999999965e-02 -1.029920279999999994e-01 -3.036999699999999927e-02 9.939147230000000555e-01
1.702688218581624746e+09 -3.001385930000000091e-01 1.284574299999999974e-02 8.787710069999999929e-01 -2.517113500000000073e-02 -1.033810299999999988e-01 -2.992708999999999994e-02 9.938728209999999619e-01
1.702688218753191710e+09 -3.002981840000000235e-01 1.286325999999999962e-02 8.796736600000000239e-01 -2.566955200000000173e-02 -1.014597190000000038e-01 -3.122767400000000040e-02 9.940180180000000032e-01
1.702688219709184408e+09 -3.013599220000000023e-01 1.319759700000000015e-02 8.848655819999999839e-01 -2.351813399999999957e-02 -8.863220400000000609e-02 -3.072074400000000122e-02 9.953127499999999683e-01
1.702688220081994772e+09 -3.016726080000000088e-01 1.329010499999999997e-02 8.869445919999999761e-01 -2.431513000000000077e-02 -7.887939400000000545e-02 -3.101611900000000172e-02 9.961048359999999935e-01
1.702688220331354618e+09 -3.018767829999999819e-01 1.337566999999999923e-02 8.883117440000000142e-01 -2.460005700000000156e-02 -7.781512299999999993e-02 -3.079195100000000143e-02 9.961885209999999935e-01
1.702688220622666359e+09 -3.020002840000000077e-01 1.341374799999999964e-02 8.899345400000000517e-01 -2.428964000000000123e-02 -7.126695700000000577e-02 -3.038356600000000074e-02 9.966984989999999600e-01
1.702688221079750538e+09 -3.022209410000000207e-01 1.358981400000000041e-02 8.925402159999999974e-01 -2.280496400000000048e-02 -5.517981899999999801e-02 -3.036844699999999980e-02 9.977539180000000174e-01
1.702688221705978632e+09 -3.024101260000000013e-01 1.372764400000000065e-02 8.959864379999999962e-01 -2.172910600000000150e-02 -3.252987899999999766e-02 -3.030198799999999845e-02 9.987750050000000490e-01
1.702688222412844181e+09 -3.024798329999999758e-01 1.388007999999999950e-02 8.999073509999999665e-01 -2.175109100000000018e-02 -1.068009200000000040e-02 -3.066477700000000070e-02 9.992359280000000510e-01
1.702688222662907839e+09 -3.024428780000000261e-01 1.392820300000000011e-02 9.012846949999999691e-01 -2.026613400000000162e-02 -1.078976499999999977e-02 -3.007113700000000125e-02 9.992840290000000181e-01
1.702688222995658159e+09 -3.025553819999999838e-01 1.401223000000000052e-02 9.031881090000000167e-01 -2.080761500000000153e-02 -1.245253099999999932e-02 -3.075763000000000108e-02 9.992326499999999445e-01
1.702688223161712885e+09 -3.025939460000000025e-01 1.409315099999999994e-02 9.041087629999999820e-01 -2.068566499999999891e-02 -1.497583400000000037e-02 -3.136001499999999803e-02 9.991818670000000013e-01
1.702688223660254955e+09 -3.027668600000000265e-01 1.421236099999999974e-02 9.068969489999999523e-01 -2.188510999999999929e-02 -2.924682799999999902e-02 -2.981119000000000130e-02 9.988878369999999451e-01
1.702688223993714571e+09 -3.028738500000000000e-01 1.427439900000000012e-02 9.086514119999999917e-01 -2.193269299999999963e-02 -3.857255400000000195e-02 -2.954333300000000148e-02 9.985781310000000355e-01
1.702688224161460876e+09 -3.029876950000000013e-01 1.425725100000000030e-02 9.093466399999999838e-01 -2.198700400000000096e-02 -4.497738600000000114e-02 -2.850660699999999978e-02 9.983391169999999981e-01
1.702688224372550726e+09 -3.031387629999999778e-01 1.431134899999999925e-02 9.103320240000000174e-01 -2.238718599999999989e-02 -5.056477300000000036e-02 -2.832877300000000154e-02 9.980678560000000310e-01
1.702688224581775188e+09 -3.031890689999999777e-01 1.439528399999999951e-02 9.111365679999999800e-01 -2.282928299999999883e-02 -5.536370000000000180e-02 -2.826565500000000064e-02 9.978049989999999703e-01
1.702688224785209179e+09 -3.032989799999999958e-01 1.436307700000000014e-02 9.119303819999999838e-01 -2.213825300000000010e-02 -4.772629199999999655e-02 -2.829897799999999894e-02 9.982140659999999555e-01
1.702688225952118635e+09 -3.034270410000000084e-01 1.478743899999999944e-02 9.184662099999999496e-01 -2.230981900000000157e-02 -1.093340200000000005e-02 -3.080961899999999989e-02 9.992164369999999574e-01
1.702688226408514738e+09 -3.033988180000000145e-01 1.489360399999999952e-02 9.208462830000000432e-01 -2.204935099999999829e-02 4.373631000000000220e-03 -3.176682399999999906e-02 9.992424850000000136e-01
1.702688226741419077e+09 -3.032272759999999900e-01 1.498988899999999930e-02 9.226925969999999477e-01 -2.071018900000000038e-02 1.811210799999999829e-02 -3.140847799999999662e-02 9.991278649999999484e-01
1.702688227241759777e+09 -3.030387159999999858e-01 1.507163000000000079e-02 9.254128929999999587e-01 -2.090931099999999987e-02 2.102543600000000151e-02 -3.134189200000000314e-02 9.990687969999999529e-01
1.702688227453447819e+09 -3.029346170000000171e-01 1.513134399999999970e-02 9.266004559999999612e-01 -2.116069599999999967e-02 2.643119400000000160e-02 -3.140691300000000158e-02 9.989330770000000026e-01
1.702688227661375046e+09 -3.028028609999999787e-01 1.517494399999999924e-02 9.277075529999999626e-01 -1.987908600000000067e-02 3.137149999999999661e-02 -3.147298500000000193e-02 9.988143440000000206e-01
1.702688228075241804e+09 -3.026995960000000152e-01 1.525587200000000018e-02 9.299532179999999704e-01 -2.001997299999999994e-02 1.812248300000000173e-02 -3.094316600000000111e-02 9.991562959999999993e-01
1.702688228281667471e+09 -3.025161920000000171e-01 1.526228599999999991e-02 9.311357740000000272e-01 -2.038051600000000130e-02 3.655894800000000083e-02 -3.202449899999999794e-02 9.986103179999999968e-01
1.702688228451203585e+09 -3.024297950000000013e-01 1.532967699999999989e-02 9.320434930000000007e-01 -2.008417100000000136e-02 3.534780099999999814e-02 -3.242847299999999933e-02 9.986468550000000555e-01
1.702688229074207544e+09 -3.018934429999999836e-01 1.534835900000000065e-02 9.353369470000000296e-01 -1.794500300000000104e-02 6.950676399999999866e-02 -3.251546999999999771e-02 9.968899490000000529e-01
1.702688229697317362e+09 -3.013270499999999852e-01 1.534405900000000017e-02 9.387638569999999794e-01 -1.727353800000000147e-02 8.581273999999999846e-02 -3.225936399999999871e-02 9.956390859999999510e-01
1.702688230327097893e+09 -3.004616800000000088e-01 1.549502300000000013e-02 9.421095849999999716e-01 -1.585469800000000040e-02 1.035144550000000052e-01 -3.178310399999999952e-02 9.939935800000000432e-01
1.702688230572820187e+09 -3.002636430000000245e-01 1.555488399999999972e-02 9.434477690000000472e-01 -1.705148800000000006e-02 1.075473349999999939e-01 -3.213745400000000280e-02 9.935341479999999503e-01
1.702688231573607683e+09 -2.996133570000000246e-01 1.569058599999999942e-02 9.488958720000000291e-01 -1.988672299999999851e-02 6.013900400000000285e-02 -3.172698599999999869e-02 9.974874849999999515e-01
1.702688232030223608e+09 -2.994049790000000155e-01 1.579857200000000031e-02 9.514637590000000200e-01 -2.179430799999999835e-02 3.607739900000000305e-02 -3.097849899999999962e-02 9.986309410000000497e-01
1.702688232487362385e+09 -2.995119989999999732e-01 1.595263900000000110e-02 9.540939929999999736e-01 -2.275865200000000074e-02 1.048299500000000016e-02 -3.012982900000000033e-02 9.992318749999999916e-01
1.702688232826483727e+09 -2.994884250000000026e-01 1.606698700000000132e-02 9.558811189999999458e-01 -2.338258899999999876e-02 -5.668473999999999735e-03 -2.847308100000000078e-02 9.993050100000000491e-01
1.702688233364483356e+09 -2.996064720000000126e-01 1.621196800000000021e-02 9.588807230000000459e-01 -2.354503200000000046e-02 -3.097114499999999854e-02 -2.781204699999999946e-02 9.988558290000000284e-01
1.702688234194332361e+09 -3.002949659999999965e-01 1.634223200000000167e-02 9.634235500000000174e-01 -2.520560300000000004e-02 -6.470565500000000081e-02 -2.906637299999999952e-02 9.971625210000000239e-01
1.702688234487484932e+09 -3.004648089999999994e-01 1.640806699999999840e-02 9.650377039999999962e-01 -2.731255600000000172e-02 -7.329358900000000621e-02 -2.750849699999999981e-02 9.965567589999999587e-01
1.702688234776224375e+09 -3.007586300000000268e-01 1.653632899999999892e-02 9.666646119999999787e-01 -2.644086299999999848e-02 -7.900342300000000317e-02 -2.752744199999999919e-02 9.961433410000000155e-01
1.702688235109162569e+09 -3.011114599999999975e-01 1.653044500000000125e-02 9.684346910000000141e-01 -2.657569900000000124e-02 -8.133833899999999562e-02 -2.785162600000000085e-02 9.959428310000000284e-01
1.702688235359878540e+09 -3.012602629999999726e-01 1.662765800000000002e-02 9.697490930000000064e-01 -2.700624800000000006e-02 -8.462828399999999807e-02 -2.841579199999999875e-02 9.956411120000000503e-01
1.702688238025077820e+09 -3.034770789999999829e-01 1.731473000000000040e-02 9.839593170000000555e-01 -2.764970099999999875e-02 -4.998209299999999827e-02 -3.093014300000000022e-02 9.978880879999999509e-01
1.702688238275112629e+09 -3.035863039999999735e-01 1.736160900000000007e-02 9.853434559999999509e-01 -2.846599000000000004e-02 -3.885719900000000199e-02 -3.223247499999999655e-02 9.983190299999999961e-01
1.702688238529691458e+09 -3.035172219999999754e-01 1.748687999999999979e-02 9.867545960000000393e-01 -2.668361199999999891e-02 -4.403486799999999785e-02 -3.175637500000000335e-02 9.981685879999999678e-01
1.702688238814379930e+09 -3.036987480000000184e-01 1.759003099999999903e-02 9.883127210000000051e-01 -2.687214500000000006e-02 -4.611480600000000124e-02 -3.070796799999999868e-02 9.981023669999999903e-01
1.702688239190417290e+09 -3.036811649999999752e-01 1.766858199999999865e-02 9.904087780000000452e-01 -2.676976699999999987e-02 -4.470882899999999854e-02 -3.164518300000000034e-02 9.981397990000000497e-01
1.702688240189439535e+09 -3.041123450000000061e-01 1.794009699999999860e-02 9.958867430000000187e-01 -2.741480599999999990e-02 -4.478243700000000133e-02 -3.143613800000000236e-02 9.981256130000000226e-01
1.702688240480953932e+09 -3.040461540000000129e-01 1.807947600000000057e-02 9.974228139999999909e-01 -2.722851000000000091e-02 -4.250436300000000334e-02 -3.083417399999999892e-02 9.982491140000000485e-01
1.702688240775227785e+09 -3.040985170000000126e-01 1.813274999999999956e-02 9.990320799999999890e-01 -2.604213199999999909e-02 -4.318811399999999967e-02 -3.076443099999999833e-02 9.982535839999999716e-01
1.702688241148451805e+09 -3.042051789999999922e-01 1.819147000000000125e-02 1.001099943999999908e+00 -2.637739500000000140e-02 -4.463558599999999793e-02 -3.078298599999999829e-02 9.981805089999999936e-01
1.702688241603807926e+09 -3.045575919999999881e-01 1.834387499999999907e-02 1.003636956000000025e+00 -2.601134999999999906e-02 -4.491989300000000240e-02 -3.026838000000000098e-02 9.981930850000000355e-01
1.702688242478490353e+09 -3.044877349999999816e-01 1.862077200000000071e-02 1.008324027000000012e+00 -2.669252600000000114e-02 -4.173790699999999770e-02 -2.981922999999999865e-02 9.983267190000000291e-01
1.702688242810931683e+09 -3.047623629999999806e-01 1.878512099999999838e-02 1.010182737999999913e+00 -2.860027399999999845e-02 -3.765720100000000126e-02 -3.151149999999999785e-02 9.983841780000000110e-01
1.702688243103864908e+09 -3.047949079999999755e-01 1.883664499999999908e-02 1.011685967000000019e+00 -2.771383900000000053e-02 -3.617722200000000193e-02 -3.124454600000000151e-02 9.984723330000000452e-01
1.702688243395886660e+09 -3.047459419999999919e-01 1.895188199999999976e-02 1.013353348000000098e+00 -2.761453200000000066e-02 -3.838952600000000021e-02 -3.114730099999999877e-02 9.983955030000000175e-01
1.702688243770609856e+09 -3.052231069999999935e-01 1.901387200000000111e-02 1.015347481000000052e+00 -2.871328199999999969e-02 -4.508549700000000215e-02 -3.075152800000000020e-02 9.980967640000000252e-01
1.702688244684594870e+09 -3.055649699999999913e-01 1.931313100000000074e-02 1.020259379999999938e+00 -2.776120199999999871e-02 -7.725612099999999705e-02 -2.883557399999999923e-02 9.962074760000000362e-01
1.702688244935395002e+09 -3.056782189999999733e-01 1.921796099999999868e-02 1.021403908999999999e+00 -2.870162799999999986e-02 -7.578832700000000255e-02 -3.002644900000000019e-02 9.962583780000000555e-01
1.702688245183914423e+09 -3.060511949999999981e-01 1.948141700000000087e-02 1.022733687999999974e+00 -2.496764400000000064e-02 -7.484991100000000508e-02 -2.805314999999999892e-02 9.964873789999999509e-01
1.702688245938695192e+09 -3.056741949999999819e-01 1.955383100000000068e-02 1.025148629999999894e+00 -2.645859500000000142e-02 -8.750747100000000334e-02 -2.623224299999999884e-02 9.954668279999999703e-01
1.702688246104519129e+09 -3.057121340000000242e-01 1.957569799999999902e-02 1.025174260000000004e+00 -2.570485700000000109e-02 -8.601241599999999432e-02 -2.744144800000000023e-02 9.955843089999999451e-01
1.702688246644516468e+09 -3.057338299999999842e-01 1.959025899999999876e-02 1.025143265999999942e+00 -2.519032400000000005e-02 -8.469053399999999787e-02 -2.709148600000000143e-02 9.957203869999999846e-01
1.702688246976751804e+09 -3.057233990000000068e-01 1.957632200000000017e-02 1.025176405999999929e+00 -2.526311900000000055e-02 -8.509711200000000253e-02 -2.669046599999999950e-02 9.956946970000000174e-01
