1.702688123750164747e+09 0.000000000000000000e+00 0.000000000000000000e+00 0.000000000000000000e+00 -0.000000000000000000e+00 -0.000000000000000000e+00 -0.000000000000000000e+00 1.000000000000000000e+00
1.702688124081733227e+09 1.207200000000000063e-05 1.124099999999999961e-05 1.054697000000000056e-03 -9.795730000000000756e-04 5.409549999999999732e-04 2.177559999999999934e-04 9.999993440000000122e-01
1.702688124291145802e+09 2.901700000000000018e-05 4.348099999999999925e-05 1.693211000000000022e-03 -3.164730000000000039e-04 -6.533710000000000299e-04 -4.841600000000000265e-04 9.999996420000000219e-01
1.702688124626137257e+09 -5.656700000000000237e-05 5.207000000000000291e-06 2.668295000000000215e-03 -4.586719999999999751e-04 -2.950281999999999818e-03 -8.536519999999999915e-04 9.999951719999999877e-01
1.702688124872781754e+09 -1.074369999999999947e-04 1.775000000000000116e-05 3.460876999999999790e-03 -1.518931999999999964e-03 -3.991505999999999700e-03 -6.921609999999999482e-04 9.999906419999999851e-01
1.702688125043920755e+09 -9.417700000000000311e-05 3.754300000000000291e-05 3.946154999999999802e-03 -1.030227000000000096e-03 -5.405558000000000411e-03 -1.123052000000000035e-03 9.999842639999999561e-01
1.702688125412331581e+09 -1.340369999999999908e-04 3.415200000000000099e-05 5.052626999999999639e-03 -6.740869999999999718e-04 -3.882661999999999832e-03 9.687580000000000106e-04 9.999917750000000272e-01
1.702688125832619429e+09 -1.028079999999999955e-04 4.549799999999999705e-05 6.341160999999999673e-03 -1.659635999999999924e-03 -3.266526999999999972e-03 1.451383000000000100e-03 9.999922509999999987e-01
1.702688125956700087e+09 -1.002710000000000027e-04 1.317699999999999937e-05 6.701483999999999740e-03 -1.740879999999999988e-03 -3.206510000000000089e-03 1.229300999999999918e-03 9.999926089999999768e-01
1.702688126249330759e+09 -1.443349999999999928e-04 2.459699999999999845e-05 7.581608000000000097e-03 -1.495894000000000000e-03 -5.563476000000000359e-03 1.626756999999999943e-03 9.999821190000000026e-01
1.702688126370384932e+09 -1.342450000000000132e-04 -6.789999999999999788e-07 7.939801999999999277e-03 -1.644021000000000067e-03 -5.625004000000000288e-03 6.080029999999999723e-04 9.999826550000000536e-01
1.702688126539796829e+09 -1.206959999999999977e-04 1.599999999999999928e-05 8.453604999999999453e-03 -1.891932000000000032e-03 -5.212516000000000371e-03 2.011305000000000124e-03 9.999825949999999741e-01
1.702688126703040838e+09 -1.415699999999999880e-04 -1.582399999999999961e-05 8.897129000000000149e-03 -2.052070000000000023e-04 -1.828594000000000009e-03 2.901501999999999814e-03 9.999940990000000252e-01
1.702688126831448555e+09 -1.285899999999999869e-04 -6.297000000000000019e-06 9.266639000000000126e-03 7.867700000000000041e-04 -3.369630000000000195e-03 2.863938999999999808e-03 9.999899270000000007e-01
1.702688126996325493e+09 -1.275109999999999926e-04 -3.579900000000000063e-05 9.767342999999999512e-03 8.243589999999999859e-04 -3.676445999999999881e-03 2.625160000000000080e-03 9.999894499999999464e-01
1.702688127330770731e+09 -1.107040000000000026e-04 -2.714900000000000044e-05 1.075761299999999920e-02 1.560161999999999920e-03 -6.767913000000000401e-03 1.783938000000000104e-03 9.999743100000000329e-01
1.702688127541034222e+09 -1.852850000000000124e-04 -1.203700000000000012e-05 1.136354699999999988e-02 2.094949999999999937e-03 -1.183191400000000067e-02 1.602415999999999953e-03 9.999265069999999644e-01
1.702688127748889685e+09 -3.180139999999999812e-04 -2.519399999999999968e-05 1.199783599999999957e-02 1.654415999999999916e-03 -1.636152899999999966e-02 1.644835000000000090e-03 9.998634459999999891e-01
1.702688127995930672e+09 -3.703889999999999938e-04 -7.906000000000000199e-06 1.270916100000000007e-02 2.279756999999999877e-03 -1.946076899999999929e-02 1.459306000000000058e-03 9.998069410000000046e-01
1.702688128287231445e+09 -3.253959999999999860e-04 -3.200700000000000035e-05 1.360306799999999941e-02 3.059827000000000206e-03 -1.989102200000000126e-02 3.227000000000000190e-06 9.997974630000000529e-01
1.702688128536631107e+09 -3.653449999999999927e-04 -3.390800000000000129e-05 1.426172399999999993e-02 3.737198000000000169e-03 -2.354589799999999913e-02 3.998299999999999988e-05 9.997158050000000129e-01
1.702688128829103947e+09 -5.232700000000000502e-04 -1.741000000000000102e-05 1.516272599999999963e-02 2.421818999999999968e-03 -3.049510000000000068e-02 -2.554300000000000125e-04 9.995319839999999845e-01
1.702688129123187304e+09 -5.948610000000000226e-04 -3.878699999999999981e-05 1.599344399999999902e-02 3.987324999999999897e-03 -3.275051699999999982e-02 7.145000000000000201e-06 9.994556310000000110e-01
1.702688129411471128e+09 -5.542029999999999656e-04 -2.275999999999999893e-05 1.683088799999999871e-02 4.793834000000000289e-03 -2.529757300000000028e-02 6.596549999999999853e-04 9.996682409999999575e-01
1.702688129660533428e+09 -6.140920000000000016e-04 -3.255299999999999817e-05 1.757839300000000118e-02 4.383027000000000277e-03 -2.748250400000000135e-02 1.522558999999999935e-03 9.996114969999999600e-01
1.702688129952396631e+09 -6.995319999999999967e-04 3.169099999999999863e-05 1.847378200000000109e-02 4.468147999999999911e-03 -3.040639300000000031e-02 5.176603000000000107e-03 9.995142219999999522e-01
1.702688130283443451e+09 -7.473500000000000325e-04 -2.675999999999999875e-06 1.947524600000000161e-02 1.411944999999999954e-03 -3.160930399999999779e-02 2.785141000000000092e-03 9.994954470000000368e-01
1.702688130619312525e+09 -7.669029999999999857e-04 3.769299999999999978e-05 2.046113299999999940e-02 9.190379999999999513e-04 -2.600270099999999959e-02 3.557906000000000003e-03 9.996551280000000039e-01
1.702688130952782393e+09 -7.669859999999999916e-04 3.395800000000000251e-05 2.140444000000000027e-02 -1.530578000000000103e-03 -2.408483599999999836e-02 3.847563000000000025e-03 9.997013809999999445e-01
1.702688131328139067e+09 -7.701929999999999627e-04 4.200299999999999748e-05 2.251677800000000118e-02 5.805580000000000072e-04 -1.512855700000000081e-02 4.262489000000000382e-03 9.998763200000000406e-01
1.702688131661635876e+09 -7.654279999999999634e-04 7.021199999999999794e-05 2.348285400000000092e-02 5.037000000000000461e-04 -1.085957100000000015e-02 4.367387000000000352e-03 9.999313949999999451e-01
1.702688131994234562e+09 -6.380749999999999920e-04 1.047890000000000025e-04 2.446474900000000091e-02 1.377566999999999897e-03 -4.590048999999999692e-03 3.780986000000000069e-03 9.999814030000000464e-01
1.702688132376459122e+09 -5.891820000000000520e-04 9.033800000000000142e-05 2.551816000000000154e-02 1.984777000000000069e-03 -3.969397000000000376e-03 4.043071999999999985e-03 9.999819989999999548e-01
1.702688132742498398e+09 -6.398369999999999795e-04 8.744600000000000268e-05 2.660407700000000028e-02 9.946630000000000141e-04 -2.730602999999999850e-03 3.517258000000000103e-03 9.999896289999999910e-01
1.702688133157733202e+09 -6.736630000000000179e-04 8.851799999999999512e-05 2.780849499999999905e-02 8.530010000000000413e-04 -1.216461000000000061e-03 3.651568000000000001e-03 9.999922509999999987e-01
1.702688133532340288e+09 -7.888889999999999748e-04 8.110400000000000140e-05 2.890196399999999874e-02 -8.092169999999999875e-04 -2.746525000000000095e-03 2.612493999999999927e-03 9.999924900000000116e-01
1.702688133952734470e+09 -7.937639999999999713e-04 1.042599999999999945e-04 3.010532800000000064e-02 -1.438246000000000012e-03 -1.318760999999999892e-03 2.006286999999999827e-03 9.999961259999999852e-01
1.702688134406528234e+09 -7.416980000000000534e-04 8.091800000000000013e-05 3.136384899999999920e-02 -4.682949999999999743e-04 -2.468859999999999805e-04 2.678040999999999928e-03 9.999963050000000298e-01
1.702688134869007349e+09 -8.017159999999999521e-04 9.409899999999999471e-05 3.269683200000000206e-02 -2.117420999999999973e-03 -1.147660000000000000e-03 2.729860000000000186e-03 9.999933840000000407e-01
1.702688135332264423e+09 -7.443299999999999699e-04 6.552699999999999790e-05 3.400076900000000013e-02 -8.396980000000000503e-04 5.870429999999999832e-04 2.767934000000000106e-03 9.999956490000000420e-01
1.702688135783713579e+09 -8.012460000000000328e-04 7.704799999999999822e-05 3.531534199999999957e-02 -9.806150000000000023e-04 -1.083322999999999968e-03 2.764631999999999940e-03 9.999951120000000193e-01
1.702688136239547491e+09 -7.422870000000000032e-04 9.167199999999999915e-05 3.660916899999999696e-02 -1.812543000000000010e-03 3.412177000000000179e-03 1.899443000000000008e-03 9.999907609999999503e-01
1.702688136737051249e+09 -7.849070000000000526e-04 6.323600000000000239e-05 3.803874599999999828e-02 1.199430000000000000e-04 3.859849999999999848e-04 2.303121999999999895e-03 9.999973180000000239e-01
1.702688137195188761e+09 -8.206059999999999830e-04 6.381800000000000461e-05 3.935078200000000082e-02 -5.746269999999999720e-04 -5.017020000000000290e-04 2.567064999999999885e-03 9.999964239999999949e-01
1.702688137652426958e+09 -8.687550000000000263e-04 6.765999999999999933e-05 4.069209800000000293e-02 -7.856850000000000509e-04 -2.868172999999999903e-03 3.083114000000000080e-03 9.999908210000000297e-01
1.702688138115034580e+09 -8.535710000000000172e-04 6.246400000000000368e-05 4.199217599999999911e-02 -2.326600000000000052e-05 -2.502948000000000065e-03 3.748565000000000143e-03 9.999898670000000322e-01
1.702688138569628239e+09 -8.735460000000000013e-04 6.573200000000000017e-05 4.329162799999999867e-02 -5.887829999999999496e-04 -7.968947000000000530e-03 4.675686000000000078e-03 9.999571440000000200e-01
1.702688139033727646e+09 -8.399100000000000272e-04 8.266699999999999981e-05 4.454158999999999896e-02 1.160089999999999906e-03 6.652619999999999714e-03 5.290144000000000096e-03 9.999632240000000394e-01
1.702688139320589781e+09 -7.237240000000000253e-04 4.329000000000000057e-05 4.535247399999999679e-02 1.788632999999999976e-03 2.247549999999999895e-02 3.536272999999999934e-03 9.997395869999999851e-01
1.702688139609967709e+09 -6.791419999999999835e-04 5.199000000000000198e-05 4.619922099999999865e-02 2.131996000000000151e-03 3.769117599999999985e-02 2.394218999999999948e-03 9.992843270000000278e-01
1.702688139859516144e+09 -6.709980000000000154e-04 3.539200000000000267e-05 4.691252099999999869e-02 1.594273999999999908e-03 4.886980400000000280e-02 2.703801999999999942e-03 9.988002780000000413e-01
1.702688140108269453e+09 -5.208289999999999968e-04 2.401799999999999942e-05 4.758987199999999834e-02 2.346979999999999813e-03 5.922131600000000301e-02 2.724137000000000173e-03 9.982384439999999470e-01
1.702688140357342482e+09 -4.709960000000000015e-04 1.621400000000000095e-05 4.825660600000000050e-02 3.081416000000000016e-03 7.160217300000000507e-02 2.754360999999999875e-03 9.974247219999999858e-01
1.702688140900673389e+09 -6.385500000000000442e-05 8.184100000000000467e-05 4.979120199999999968e-02 1.239820999999999892e-03 9.227809300000000547e-02 3.745800000000000084e-03 9.957254530000000381e-01
1.702688141773550987e+09 5.705029999999999824e-04 5.801399999999999716e-05 5.219809000000000254e-02 1.868642999999999910e-03 9.594484400000000135e-02 3.865234999999999851e-03 9.953774210000000400e-01
1.702688142316489935e+09 6.506430000000000113e-04 6.631400000000000239e-05 5.375955999999999790e-02 3.202912000000000033e-03 8.929791300000000653e-02 2.932184999999999913e-03 9.959955219999999665e-01
1.702688142567018747e+09 8.157499999999999604e-04 3.345799999999999713e-05 5.437544700000000036e-02 3.183997000000000042e-03 8.910448099999999927e-02 2.562818000000000127e-03 9.960138800000000181e-01
1.702688142817403793e+09 1.013116000000000103e-03 3.669699999999999780e-05 5.506124300000000277e-02 2.818368999999999822e-03 8.858627099999999421e-02 2.596115999999999875e-03 9.960611459999999528e-01
1.702688143398336172e+09 1.220058999999999901e-03 4.416999999999999892e-05 5.672351999999999950e-02 1.760267000000000038e-03 8.495471599999999956e-02 3.011691999999999841e-03 9.963787200000000510e-01
1.702688143650027752e+09 1.291281999999999933e-03 5.166099999999999886e-05 5.742961500000000330e-02 2.330220999999999942e-03 8.188738700000000592e-02 1.599767999999999893e-03 9.966375830000000491e-01
1.702688144230925322e+09 1.636658000000000036e-03 -1.670100000000000154e-05 5.901720399999999672e-02 1.796663999999999900e-03 8.251804100000000031e-02 2.540769000000000014e-03 9.965847129999999554e-01
1.702688144856612206e+09 1.938491000000000086e-03 6.272000000000000258e-06 6.075273800000000057e-02 3.403323000000000199e-03 8.706405799999999973e-02 2.373029000000000024e-03 9.961940649999999620e-01
1.702688145149849415e+09 2.085374999999999989e-03 1.175699999999999941e-05 6.156929199999999769e-02 3.593219999999999834e-03 9.163579299999999317e-02 2.393753000000000200e-03 9.957832690000000264e-01
1.702688145522630453e+09 2.280499000000000068e-03 -9.134999999999999783e-06 6.260312299999999663e-02 1.895283999999999901e-03 9.155114699999999939e-02 1.816803000000000081e-03 9.957969190000000026e-01
1.702688145858375072e+09 2.413005000000000184e-03 -2.952999999999999933e-06 6.346774099999999419e-02 2.121485000000000211e-03 8.786098700000000150e-02 2.033774999999999819e-03 9.961284400000000039e-01
1.702688146479545355e+09 2.702173999999999895e-03 -6.438999999999999676e-06 6.527252499999999791e-02 3.061894999999999808e-03 5.759830400000000294e-02 2.156660999999999821e-03 9.983328580000000452e-01
1.702688146854691982e+09 2.732252000000000118e-03 1.900199999999999866e-05 6.630910900000000496e-02 1.155324000000000108e-03 4.055162899999999876e-02 2.486326000000000074e-03 9.991737010000000252e-01
1.702688147186617613e+09 2.728308999999999943e-03 -5.628999999999999808e-06 6.724545399999999618e-02 2.422390999999999867e-03 5.288704500000000058e-02 2.954170999999999794e-03 9.985932109999999806e-01
1.702688147602800369e+09 2.944143000000000194e-03 -4.565000000000000339e-06 6.839922800000000636e-02 2.189817000000000152e-03 6.035778700000000302e-02 2.055448000000000084e-03 9.981723430000000175e-01
1.702688147896468401e+09 3.113377000000000071e-03 -3.037999999999999966e-06 6.924923500000000620e-02 1.006553999999999999e-03 5.993869200000000175e-02 1.501434000000000058e-03 9.982004169999999510e-01
1.702688148227873325e+09 3.227577000000000137e-03 1.463300000000000034e-05 7.019688200000000211e-02 1.316024000000000057e-03 5.993859099999999940e-02 1.035874999999999903e-03 9.982007149999999607e-01
1.702688148604917288e+09 3.360698000000000071e-03 -5.395999999999999667e-06 7.123690100000000525e-02 2.501022999999999788e-03 6.003021099999999999e-02 7.715979999999999671e-04 9.981931450000000039e-01
1.702688149101872206e+09 3.537291000000000133e-03 -4.952199999999999782e-05 7.263040499999999511e-02 3.455765999999999873e-03 6.183641399999999927e-02 2.603835999999999998e-03 9.980769160000000362e-01
1.702688149476276398e+09 3.644647999999999898e-03 -5.064500000000000046e-05 7.366929899999999365e-02 3.753826000000000038e-03 6.142017200000000204e-02 1.969904000000000186e-03 9.981030229999999781e-01
1.702688149851557970e+09 3.789920999999999915e-03 -4.646500000000000321e-05 7.471081599999999934e-02 4.055411000000000085e-03 6.115140399999999948e-02 2.293596000000000176e-03 9.981176849999999767e-01
1.702688150350371599e+09 4.065408000000000389e-03 -3.841700000000000166e-05 7.616677099999999423e-02 4.740664000000000336e-03 6.519482999999999528e-02 2.230819000000000205e-03 9.978588219999999787e-01
1.702688150808598518e+09 4.251902000000000112e-03 -4.449500000000000005e-05 7.741252299999999698e-02 6.029182999999999591e-03 7.001367999999999481e-02 2.190370000000000077e-03 9.975254540000000336e-01
1.702688151309784412e+09 4.417174000000000274e-03 -3.268700000000000061e-05 7.885618499999999531e-02 3.461262000000000106e-03 7.458836600000000316e-02 7.750670000000000519e-04 9.972081179999999767e-01
1.702688151807358980e+09 4.625182999999999725e-03 -2.118500000000000130e-05 8.025655199999999490e-02 1.965722999999999950e-03 7.692210400000000503e-02 1.983029999999999884e-04 9.970352049999999799e-01
1.702688152306290150e+09 4.869196000000000114e-03 -2.974800000000000046e-05 8.164045200000000224e-02 4.308043999999999589e-03 7.794375700000000240e-02 -1.537998999999999963e-03 9.969472889999999587e-01
1.702688152807070017e+09 5.161546000000000363e-03 -1.820299999999999834e-05 8.304262199999999650e-02 2.622193000000000093e-03 9.086459900000000423e-02 -1.053976000000000088e-03 9.958592649999999935e-01
1.702688153308795452e+09 5.476159000000000408e-03 -5.133100000000000033e-05 8.440769500000000480e-02 3.313715999999999971e-03 1.066846030000000028e-01 -1.869739999999999889e-04 9.942873719999999471e-01
1.702688153853724003e+09 5.825455999999999690e-03 -7.116399999999999831e-05 8.590123800000000476e-02 3.079952999999999858e-03 1.100714500000000012e-01 -8.602020000000000152e-04 9.939185379999999626e-01
1.702688154473976851e+09 6.161421999999999732e-03 -1.059429999999999985e-04 8.757424399999999554e-02 4.424261999999999986e-03 1.028870119999999999e-01 -1.317568999999999988e-03 9.946823719999999813e-01
1.702688155138146162e+09 6.470296000000000380e-03 -1.148239999999999970e-04 8.942708400000000390e-02 4.472733999999999911e-03 8.219499099999999503e-02 5.907249999999999524e-04 9.966061120000000439e-01
1.702688155682462931e+09 6.598935000000000217e-03 -9.638300000000000198e-05 9.086588800000000576e-02 2.141937999999999915e-03 6.708153299999999875e-02 -1.297219000000000063e-03 9.977443809999999580e-01
1.702688156522657633e+09 6.720911999999999893e-03 -8.512699999999999998e-05 9.307943999999999940e-02 1.637400000000000010e-03 2.996238299999999868e-02 -5.011770000000000027e-04 9.995495680000000549e-01
1.702688157220222473e+09 6.681839999999999655e-03 -5.417800000000000204e-05 9.506800799999999552e-02 1.647311000000000044e-03 -4.050493999999999969e-03 -1.285616000000000059e-03 9.999896289999999910e-01
1.702688157676053047e+09 6.607588000000000177e-03 -9.449499999999999567e-05 9.639784699999999484e-02 -8.436109999999999703e-04 -2.594161799999999962e-02 -1.518550000000000021e-03 9.996619220000000361e-01
1.702688158136134386e+09 6.489448000000000091e-03 -9.389499999999999463e-05 9.767863200000000135e-02 -2.464599999999999951e-04 -3.057508700000000079e-02 -2.618500000000000168e-03 9.995290039999999987e-01
1.702688158676171541e+09 6.440111999999999573e-03 -8.023200000000000026e-05 9.917811999999999462e-02 1.032354999999999991e-03 -2.016141299999999956e-02 -1.985493000000000067e-03 9.997942450000000258e-01
1.702688159093555689e+09 6.380738999999999855e-03 -9.002799999999999930e-05 1.003294440000000037e-01 1.507457999999999932e-03 -2.424816200000000019e-02 -1.715717000000000067e-03 9.997033480000000472e-01
1.702688159551476717e+09 6.288160999999999577e-03 -7.811099999999999803e-05 1.016048709999999994e-01 1.174546999999999961e-03 -3.518899500000000069e-02 -9.771709999999999858e-04 9.993795159999999678e-01
1.702688160053483009e+09 6.163515999999999960e-03 -8.737399999999999388e-05 1.029777899999999996e-01 -6.842000000000000425e-04 -3.997229399999999849e-02 -9.702569999999999771e-04 9.992001059999999768e-01
1.702688160596285343e+09 6.159926999999999937e-03 -6.676399999999999978e-05 1.044995930000000017e-01 2.977190000000000001e-04 -2.642564500000000108e-02 -1.357422999999999963e-03 9.996498230000000484e-01
1.702688161049797773e+09 6.134844999999999882e-03 -6.928399999999999598e-05 1.057439000000000018e-01 8.645299999999999372e-05 -6.388511999999999837e-03 -1.158656000000000096e-03 9.999789000000000039e-01
1.702688161548185349e+09 6.053321999999999870e-03 -1.176090000000000051e-04 1.070366580000000067e-01 3.107391000000000146e-03 -7.434707999999999942e-03 -3.449239999999999793e-04 9.999675150000000290e-01
1.702688162130791426e+09 6.046784999999999834e-03 -9.643599999999999622e-05 1.086511160000000059e-01 2.320873000000000207e-03 -2.012045999999999973e-03 -7.947699999999999817e-05 9.999952909999999529e-01
1.702688162672387123e+09 6.093435999999999818e-03 -1.152749999999999966e-04 1.102107239999999960e-01 1.030276000000000108e-03 1.904595999999999937e-03 4.458420000000000048e-04 9.999975559999999541e-01
1.702688163174157143e+09 6.085128999999999885e-03 -1.255609999999999994e-04 1.115343500000000043e-01 2.039742000000000204e-03 1.150389999999999920e-02 -1.862570000000000024e-04 9.999317530000000342e-01
1.702688163754500151e+09 6.205610000000000293e-03 -9.423599999999999696e-05 1.131786850000000011e-01 1.867228000000000073e-03 1.971627600000000133e-02 -9.899990000000000873e-04 9.998033640000000277e-01
1.702688164379655361e+09 6.251943000000000257e-03 -9.902599999999999684e-05 1.148886229999999953e-01 4.082114999999999876e-03 3.356838200000000078e-02 -6.128950000000000196e-04 9.994279149999999445e-01
1.702688164962179899e+09 6.331301000000000116e-03 -9.623799999999999575e-05 1.165207550000000036e-01 1.492575000000000108e-03 2.827964000000000172e-02 -1.259871000000000081e-03 9.995981449999999935e-01
1.702688165465056419e+09 6.505529999999999820e-03 -1.054580000000000057e-04 1.179173889999999975e-01 3.123251999999999973e-03 2.915104699999999938e-02 -1.517976000000000091e-03 9.995689989999999581e-01
1.702688165883167028e+09 6.476738000000000113e-03 -8.536499999999999329e-05 1.190540489999999951e-01 2.891999000000000132e-03 2.547148100000000068e-02 -2.152617999999999806e-03 9.996690750000000181e-01
1.702688166377053976e+09 6.650556000000000176e-03 -1.002330000000000007e-04 1.204103900000000060e-01 2.943518999999999910e-03 3.882344100000000020e-02 -2.989678999999999861e-03 9.992372990000000232e-01
1.702688166920820951e+09 6.607500999999999999e-03 -1.086600000000000066e-04 1.219150050000000068e-01 1.826719999999999993e-03 2.870254399999999997e-02 -2.447265000000000117e-03 9.995833640000000297e-01
1.702688167337507010e+09 6.650994999999999824e-03 -9.313699999999999952e-05 1.230705160000000048e-01 2.305974000000000131e-03 5.114480899999999941e-02 -1.700646000000000102e-03 9.986871480000000245e-01
1.702688167752414942e+09 6.827411999999999717e-03 -1.191040000000000035e-04 1.241561100000000001e-01 2.528826999999999985e-03 5.501436099999999774e-02 -2.352552999999999849e-03 9.984796049999999923e-01
1.702688168172766685e+09 7.160899000000000084e-03 -1.508899999999999868e-04 1.251659539999999959e-01 1.199893999999999961e-03 6.351105099999999892e-02 3.926900000000000095e-04 9.979803560000000129e-01
1.702688170249803305e+09 8.534078000000000497e-03 -1.576220000000000030e-04 1.307547540000000008e-01 4.767063000000000203e-03 1.176612820000000059e-01 -2.028300000000000079e-04 9.930423499999999626e-01
1.702688170669401646e+09 8.689034999999999467e-03 -1.759569999999999960e-04 1.320047829999999867e-01 5.151496000000000200e-03 1.384118350000000108e-01 -6.522809999999999980e-04 9.903611540000000213e-01
1.702688171002532959e+09 8.461453000000000724e-03 -1.389609999999999999e-04 1.329202060000000130e-01 4.381557999999999807e-03 1.538592880000000107e-01 -9.121370000000000389e-04 9.880826470000000361e-01
1.702688171418480873e+09 8.357267999999999294e-03 -3.415289999999999754e-04 1.338291620000000015e-01 2.809469000000000202e-03 1.677076670000000047e-01 2.517123999999999924e-03 9.858295320000000084e-01
1.702688172290831327e+09 7.605444000000000267e-03 -6.483850000000000204e-04 1.357196270000000093e-01 -4.456883000000000025e-03 1.776000259999999942e-01 2.659243999999999844e-03 9.840890770000000343e-01
1.702688172787898779e+09 6.998447999999999995e-03 -7.959310000000000473e-04 1.368102730000000100e-01 -8.682863000000000733e-03 1.812900749999999950e-01 -5.195179999999999547e-04 9.833912249999999799e-01
1.702688173623626232e+09 7.183868999999999845e-03 -6.999250000000000046e-04 1.384563299999999886e-01 -8.092851999999999338e-03 9.858967400000000214e-02 2.716000000000000098e-03 9.950915580000000427e-01
1.702688174957649946e+09 7.770110999999999685e-03 -2.633049999999999735e-04 1.414228829999999992e-01 1.225163000000000033e-03 -3.486732399999999815e-02 4.664427999999999977e-03 9.993803500000000284e-01
1.702688175370521545e+09 7.690072000000000053e-03 -5.489569999999999823e-04 1.423449370000000047e-01 -4.413516000000000140e-03 -7.212718599999999591e-02 4.623654999999999952e-03 9.973749520000000368e-01
1.702688175785123587e+09 7.919403000000000206e-03 -4.486030000000000009e-04 1.435849519999999879e-01 -3.538958999999999942e-03 -9.422560000000000657e-02 4.419769999999999949e-03 9.955347780000000091e-01
1.702688176578627110e+09 8.258197000000000107e-03 -4.116109999999999864e-04 1.461006850000000079e-01 -5.424871000000000380e-03 -1.462366129999999875e-01 4.556960000000000090e-04 9.892346859999999742e-01
1.702688176909668684e+09 8.021965000000000692e-03 -3.613000000000000001e-04 1.470967380000000047e-01 -5.041704999999999624e-03 -1.620997040000000111e-01 4.910140000000000121e-04 9.867613910000000432e-01
1.702688177247349262e+09 7.852392999999999179e-03 -5.287570000000000334e-04 1.477088480000000037e-01 -7.730064000000000032e-03 -1.666132060000000137e-01 2.915940000000000003e-04 9.859920140000000277e-01
1.702688177619721651e+09 7.646527000000000185e-03 -5.559680000000000004e-04 1.484946309999999881e-01 -8.002452999999999650e-03 -1.714789270000000032e-01 -6.139560000000000286e-04 9.851551060000000026e-01
1.702688178283363819e+09 6.987662999999999860e-03 -5.278700000000000536e-04 1.500560940000000010e-01 -9.323398000000000102e-03 -1.897360090000000110e-01 -1.300000000000000047e-06 9.817909000000000219e-01
1.702688178576162100e+09 6.668373000000000009e-03 -4.722409999999999802e-04 1.507523510000000067e-01 -7.586243999999999800e-03 -2.000257520000000011e-01 -1.415262000000000030e-03 9.797602890000000064e-01
1.702688178827101231e+09 6.300553000000000403e-03 -4.977710000000000424e-04 1.512712690000000137e-01 -8.009303000000000602e-03 -2.110081020000000029e-01 1.753539999999999884e-04 9.774515030000000548e-01
1.702688179119230032e+09 5.912241999999999845e-03 -5.411609999999999641e-04 1.518760170000000020e-01 -9.333014000000000587e-03 -2.222495379999999965e-01 -5.224160000000000479e-04 9.749450090000000291e-01
1.702688179409809589e+09 5.553222000000000019e-03 -5.247020000000000460e-04 1.524686520000000101e-01 -8.510992000000000210e-03 -2.333300110000000038e-01 -1.231468000000000102e-03 9.723595980000000472e-01
1.702688179702250481e+09 5.125064000000000355e-03 -4.910570000000000386e-04 1.530735789999999874e-01 -8.801296000000000119e-03 -2.467593100000000095e-01 -1.056983000000000054e-03 9.690362810000000549e-01
1.702688179992841244e+09 4.635817999999999883e-03 -4.094599999999999997e-04 1.536569299999999971e-01 -9.071479000000000348e-03 -2.581292390000000103e-01 5.965410000000000200e-04 9.660676120000000200e-01
1.702688180949100494e+09 3.157961999999999835e-03 -4.266189999999999891e-04 1.556419280000000127e-01 -8.028340999999999603e-03 -3.023798759999999919e-01 -4.543319999999999997e-04 9.531536099999999845e-01
1.702688181363631964e+09 2.436886999999999994e-03 -5.480459999999999499e-04 1.563109159999999942e-01 -8.927233999999999170e-03 -3.216557800000000023e-01 1.313855000000000058e-03 9.468137030000000065e-01
1.702688181574390411e+09 2.124422999999999850e-03 -5.819329999999999729e-04 1.566898379999999980e-01 -9.119039000000000658e-03 -3.319847879999999751e-01 1.358803000000000007e-03 9.432396889999999923e-01
1.702688181781741858e+09 1.756968000000000028e-03 -5.544909999999999466e-04 1.572134199999999926e-01 -1.158823500000000055e-02 -3.442227239999999799e-01 1.232409000000000065e-03 9.388157129999999961e-01
1.702688181989973545e+09 1.399023000000000107e-03 -5.599760000000000067e-04 1.576393690000000014e-01 -1.054283500000000040e-02 -3.550577460000000074e-01 1.009726000000000070e-03 9.347843529999999568e-01
1.702688182407867432e+09 6.280749999999999658e-04 -5.673030000000000130e-04 1.583714039999999934e-01 -1.290353099999999933e-02 -3.749307689999999971e-01 1.739470000000000068e-04 9.269629719999999962e-01
1.702688183030571222e+09 -6.962119999999999810e-04 -5.577820000000000477e-04 1.594489070000000008e-01 -1.501706600000000079e-02 -4.110029040000000022e-01 8.902289999999999769e-04 9.115099309999999955e-01
1.702688183326176405e+09 -1.265410000000000016e-03 -6.506160000000000198e-04 1.598741710000000094e-01 -1.765778700000000118e-02 -4.287070629999999993e-01 8.805980000000000144e-04 9.032706019999999780e-01
1.702688183571993589e+09 -1.824010000000000041e-03 -5.949720000000000356e-04 1.602385040000000038e-01 -1.728916700000000112e-02 -4.484156670000000178e-01 1.182518000000000024e-03 8.936571479999999568e-01
1.702688183823087931e+09 -2.311908000000000105e-03 -5.138070000000000224e-04 1.605747040000000125e-01 -1.512534999999999921e-02 -4.670672710000000061e-01 2.538125999999999924e-03 8.840888139999999451e-01
1.702688184076856613e+09 -2.818145000000000198e-03 -5.449870000000000322e-04 1.608886419999999984e-01 -1.627451400000000034e-02 -4.833514990000000178e-01 2.394344000000000073e-03 8.752717970000000181e-01
1.702688184278225183e+09 -3.295920999999999833e-03 -5.060470000000000289e-04 1.611270009999999919e-01 -1.585397300000000037e-02 -5.004201529999999787e-01 2.925051000000000127e-03 8.656325940000000330e-01
1.702688184490565777e+09 -3.769747999999999849e-03 -5.531299999999999845e-04 1.612737180000000103e-01 -1.748119500000000145e-02 -5.160267950000000381e-01 3.078809000000000060e-03 8.563885089999999645e-01
1.702688184699704170e+09 -4.101529999999999933e-03 -5.298199999999999655e-04 1.614341589999999937e-01 -1.701911899999999922e-02 -5.336446169999999878e-01 4.269972999999999824e-03 8.455268740000000394e-01
1.702688184948586941e+09 -4.184059999999999863e-03 -5.897740000000000491e-04 1.614416539999999900e-01 -1.801857499999999848e-02 -5.519528989999999968e-01 4.218709999999999648e-03 8.336699010000000465e-01
1.702688185281377316e+09 -4.584961000000000245e-03 -5.927439999999999749e-04 1.615725309999999915e-01 -1.713035099999999852e-02 -5.773518090000000491e-01 5.883305000000000132e-03 8.162946110000000033e-01
1.702688185582665443e+09 -4.932693999999999621e-03 -5.572090000000000246e-04 1.616984310000000036e-01 -1.857611400000000121e-02 -6.009154319999999716e-01 4.950150999999999857e-03 7.990813850000000329e-01
1.702688185745023489e+09 -5.121953999999999743e-03 -5.464239999999999983e-04 1.617554429999999988e-01 -1.823748500000000120e-02 -6.146002409999999916e-01 5.292009999999999770e-03 7.886101599999999490e-01
1.702688185905757666e+09 -5.289054999999999972e-03 -5.463599999999999663e-04 1.618975850000000105e-01 -1.872161199999999859e-02 -6.294137239999999522e-01 5.243761999999999902e-03 7.768271570000000459e-01
1.702688186155927181e+09 -5.506172999999999623e-03 -5.367300000000000196e-04 1.618180130000000105e-01 -1.784742799999999852e-02 -6.405148510000000517e-01 4.546350000000000217e-03 7.677249910000000233e-01
1.702688186364480734e+09 -5.690276999999999662e-03 -5.303569999999999639e-04 1.618646230000000130e-01 -1.750391299999999942e-02 -6.558303829999999612e-01 5.430894000000000346e-03 7.546857000000000149e-01
1.702688186569126606e+09 -5.836769999999999806e-03 -5.194340000000000415e-04 1.619077029999999862e-01 -1.696100999999999859e-02 -6.674463750000000362e-01 5.729231000000000427e-03 7.444426419999999878e-01
1.702688186776847363e+09 -5.907118000000000264e-03 -5.214949999999999664e-04 1.618434340000000082e-01 -1.548784199999999993e-02 -6.682764289999999496e-01 6.485214999999999903e-03 7.437235119999999755e-01
1.702688186942085743e+09 -6.111412999999999568e-03 -5.187539999999999599e-04 1.617380079999999887e-01 -1.629407299999999920e-02 -6.696118709999999696e-01 6.361811000000000202e-03 7.425053120000000284e-01
1.702688187110407114e+09 -6.263672999999999984e-03 -4.847049999999999883e-04 1.619268799999999953e-01 -1.580407099999999940e-02 -6.696721909999999722e-01 6.709259000000000403e-03 7.424584029999999890e-01
1.702688187282107353e+09 -6.475136000000000260e-03 -4.788680000000000237e-04 1.620120260000000034e-01 -1.651158700000000118e-02 -6.687188739999999632e-01 6.056055000000000292e-03 7.433074119999999452e-01
1.702688187484103918e+09 -6.733387999999999873e-03 -4.941350000000000386e-04 1.620310249999999952e-01 -1.635197600000000070e-02 -6.669846179999999736e-01 5.675699000000000195e-03 7.448704839999999994e-01
1.702688187656476021e+09 -6.973431000000000421e-03 -4.731129999999999949e-04 1.619914319999999908e-01 -1.622738500000000042e-02 -6.705810429999999878e-01 5.560838999999999713e-03 7.416380049999999891e-01
1.702688188233272314e+09 -7.705866999999999925e-03 -4.658360000000000170e-04 1.620908980000000110e-01 -1.624555899999999969e-02 -6.719242330000000374e-01 5.566157999999999870e-03 7.404207590000000394e-01
1.702688188445574999e+09 -7.979228999999999142e-03 -4.637999999999999979e-04 1.620900630000000064e-01 -1.593807699999999841e-02 -6.725401279999999593e-01 5.231264999999999700e-03 7.398706080000000407e-01
1.702688188608985662e+09 -8.188753999999999478e-03 -4.587969999999999917e-04 1.621841790000000116e-01 -1.561253100000000067e-02 -6.672943230000000225e-01 5.789981999999999941e-03 7.446079249999999483e-01
1.702688188815922499e+09 -8.452176999999999954e-03 -4.437670000000000221e-04 1.621986480000000008e-01 -1.560630699999999982e-02 -6.649526949999999825e-01 5.701750000000000221e-03 7.467006440000000245e-01
1.702688189024328232e+09 -8.718013999999999625e-03 -4.375180000000000215e-04 1.622071270000000065e-01 -1.522024299999999962e-02 -6.680583359999999749e-01 7.227919999999999658e-03 7.439181209999999878e-01
1.702688189316132784e+09 -9.102209999999999468e-03 -4.391309999999999940e-04 1.622160669999999916e-01 -1.542003599999999981e-02 -6.811453699999999722e-01 7.309086999999999702e-03 7.319493889999999503e-01
1.702688189525609970e+09 -9.361565000000000511e-03 -4.410179999999999981e-04 1.622239500000000056e-01 -1.631220599999999923e-02 -6.903190019999999594e-01 6.848212999999999696e-03 7.232888339999999916e-01
1.702688189814556599e+09 -9.754419000000000284e-03 -4.296680000000000204e-04 1.622384940000000109e-01 -1.650002600000000097e-02 -6.848756070000000529e-01 4.839483000000000326e-03 7.284570930000000555e-01
1.702688190065590382e+09 -1.008233400000000009e-02 -4.206519999999999834e-04 1.622524860000000013e-01 -1.685663700000000070e-02 -6.974033710000000497e-01 4.936473999999999723e-03 7.164635660000000517e-01
1.702688190279198170e+09 -1.034283599999999935e-02 -4.086709999999999909e-04 1.622235029999999911e-01 -1.550849800000000077e-02 -7.035838370000000452e-01 5.517819999999999669e-03 7.104216220000000304e-01
1.702688190525139809e+09 -1.066465699999999926e-02 -3.954089999999999949e-04 1.622199860000000105e-01 -1.399116499999999985e-02 -7.051706909999999606e-01 5.406059000000000385e-03 7.088789340000000161e-01
1.702688190774636507e+09 -1.097395999999999962e-02 -3.943740000000000158e-04 1.622689220000000099e-01 -1.357565200000000055e-02 -6.977466940000000006e-01 5.243300000000000217e-03 7.161967750000000077e-01
1.702688191063527584e+09 -1.136456400000000061e-02 -3.934629999999999833e-04 1.622713060000000040e-01 -1.496903899999999996e-02 -6.981905099999999864e-01 6.452681000000000042e-03 7.157263759999999975e-01
1.702688191358403444e+09 -1.172850999999999928e-02 -4.117780000000000138e-04 1.622611429999999966e-01 -1.531117499999999979e-02 -7.076632980000000517e-01 6.757561999999999944e-03 7.063516970000000006e-01
1.702688191650027514e+09 -1.210211199999999994e-02 -4.116279999999999831e-04 1.622719760000000122e-01 -1.490107599999999921e-02 -6.950166230000000001e-01 7.734104999999999799e-03 7.187976240000000239e-01
1.702688191900336266e+09 -1.241740600000000062e-02 -3.998249999999999743e-04 1.622990820000000112e-01 -1.411920799999999941e-02 -6.887437699999999774e-01 8.661274999999999530e-03 7.248156070000000284e-01
1.702688192230899811e+09 -1.286569199999999975e-02 -3.953830000000000192e-04 1.623521450000000033e-01 -1.516644200000000046e-02 -6.789379719999999452e-01 8.337554000000000493e-03 7.339916229999999819e-01
1.702688192523174286e+09 -1.323789400000000005e-02 -3.779790000000000211e-04 1.623923929999999960e-01 -1.517448100000000008e-02 -6.702262159999999858e-01 6.762533000000000259e-03 7.419708969999999626e-01
1.702688192770281076e+09 -1.356841599999999981e-02 -3.764959999999999813e-04 1.624710859999999868e-01 -1.590967399999999865e-02 -6.603182549999999651e-01 7.024884999999999810e-03 7.507844569999999607e-01
1.702688193069578648e+09 -1.394422399999999986e-02 -3.594019999999999854e-04 1.625057010000000024e-01 -1.510160299999999990e-02 -6.676087379999999794e-01 6.464094000000000090e-03 7.443310619999999878e-01
1.702688193398554802e+09 -1.435279799999999994e-02 -3.633590000000000019e-04 1.625106930000000116e-01 -1.591986999999999916e-02 -6.749080419999999858e-01 5.864687999999999846e-03 7.377067800000000064e-01
1.702688193771443605e+09 -1.483132700000000005e-02 -3.536850000000000128e-04 1.626101430000000125e-01 -1.401424599999999930e-02 -6.593539710000000387e-01 6.778542000000000248e-03 7.516715529999999923e-01
1.702688194188029766e+09 -1.536972799999999917e-02 -3.432630000000000100e-04 1.627093400000000079e-01 -1.474332199999999968e-02 -6.506744030000000123e-01 6.398799000000000153e-03 7.591867450000000517e-01
1.702688194561434507e+09 -1.583779600000000121e-02 -3.333750000000000125e-04 1.627791369999999904e-01 -1.387478600000000006e-02 -6.446892619999999852e-01 5.835616000000000067e-03 7.642965910000000251e-01
1.702688194854336739e+09 -1.622027900000000064e-02 -3.195739999999999865e-04 1.628209049999999880e-01 -1.505126300000000049e-02 -6.458975670000000058e-01 5.502406999999999958e-03 7.632558940000000458e-01
1.702688195229769230e+09 -1.668370500000000006e-02 -3.151550000000000141e-04 1.629080920000000043e-01 -1.366245200000000028e-02 -6.443611980000000239e-01 7.018345999999999960e-03 7.645670180000000427e-01
1.702688195606745243e+09 -1.716289699999999988e-02 -3.129040000000000250e-04 1.629904510000000084e-01 -1.232937400000000058e-02 -6.325891019999999587e-01 6.220909000000000161e-03 7.743644710000000542e-01
1.702688196102466345e+09 -1.782139400000000082e-02 -2.852940000000000098e-04 1.631107330000000077e-01 -1.204378300000000061e-02 -6.285924320000000343e-01 6.157975999999999901e-03 7.776172759999999684e-01
1.702688196517664194e+09 -1.830735799999999927e-02 -3.081720000000000032e-04 1.632506250000000103e-01 -1.213862700000000079e-02 -6.157763600000000226e-01 6.089541000000000398e-03 7.878039479999999761e-01
1.702688196895312071e+09 -1.883123800000000014e-02 -2.668519999999999855e-04 1.633792520000000026e-01 -1.122978799999999923e-02 -6.011067030000000200e-01 7.399532000000000331e-03 7.990556359999999581e-01
1.702688197270609379e+09 -1.928828700000000118e-02 -2.276540000000000128e-04 1.635231520000000049e-01 -1.340650399999999964e-02 -5.899611710000000064e-01 7.536207999999999969e-03 8.072851899999999858e-01
1.702688197808630466e+09 -1.966461499999999987e-02 -2.115899999999999986e-04 1.630567159999999904e-01 -2.459057599999999941e-02 -5.590260620000000458e-01 1.022699000000000004e-02 8.287222389999999717e-01
1.702688198267511368e+09 -1.942994400000000108e-02 -2.337519999999999941e-04 1.633029579999999981e-01 -2.807279899999999898e-02 -5.602790709999999619e-01 1.074567300000000072e-02 8.277583120000000516e-01
1.702688198564799547e+09 -1.951481399999999838e-02 -2.211430000000000069e-04 1.633581369999999866e-01 -2.677651299999999832e-02 -5.490649939999999729e-01 1.158883299999999977e-02 8.352702260000000045e-01
1.702688199059116602e+09 -1.965228499999999850e-02 -2.343470000000000112e-04 1.634292300000000087e-01 -2.728277999999999953e-02 -5.359120370000000078e-01 1.098115900000000075e-02 8.437614439999999716e-01
1.702688199601385117e+09 -1.980186999999999919e-02 -2.254889999999999954e-04 1.635086390000000112e-01 -2.788636800000000165e-02 -5.247411730000000052e-01 1.239439600000000023e-02 8.507146840000000543e-01
1.702688199973019123e+09 -1.990460200000000041e-02 -2.269620000000000133e-04 1.635653380000000046e-01 -2.692781899999999867e-02 -5.226893419999999457e-01 1.061337300000000060e-02 8.520317670000000509e-01
1.702688200100477219e+09 -1.993937399999999929e-02 -2.201729999999999941e-04 1.635850670000000007e-01 -2.585553399999999946e-02 -5.236527920000000336e-01 1.131744299999999995e-02 8.514641520000000297e-01
1.702688200227043152e+09 -1.997285299999999875e-02 -2.351499999999999966e-04 1.635900289999999979e-01 -2.814042599999999963e-02 -5.244078639999999458e-01 1.008065799999999929e-02 8.509423729999999741e-01
1.702688200353221655e+09 -2.000834400000000082e-02 -2.237229999999999991e-04 1.636118440000000063e-01 -2.772992700000000144e-02 -5.252795820000000226e-01 1.048185299999999931e-02 8.504131440000000097e-01
1.702688200476429939e+09 -2.004414800000000121e-02 -2.216189999999999935e-04 1.636277439999999916e-01 -2.771198600000000095e-02 -5.264608859999999613e-01 1.151733500000000007e-02 8.496695760000000375e-01
1.702688200598961830e+09 -2.009167900000000118e-02 -2.219070000000000016e-04 1.636351199999999950e-01 -2.788147300000000037e-02 -5.259493589999999497e-01 1.116136000000000038e-02 8.499854799999999599e-01
1.702688200730449677e+09 -2.009568000000000118e-02 -2.223799999999999952e-04 1.636353429999999887e-01 -2.757045300000000171e-02 -5.278636810000000290e-01 1.110635999999999915e-02 8.488088249999999890e-01
1.702688200889688492e+09 -2.014920900000000126e-02 -2.236150000000000063e-04 1.636557130000000082e-01 -2.822699000000000041e-02 -5.270757080000000316e-01 1.048074199999999949e-02 8.492848280000000472e-01
1.702688201022895813e+09 -2.018972100000000075e-02 -2.293329999999999945e-04 1.636508700000000038e-01 -2.908176200000000058e-02 -5.293952229999999703e-01 9.819552000000000488e-03 8.478198649999999503e-01
1.702688201181699276e+09 -2.023675999999999947e-02 -2.333199999999999955e-04 1.636846509999999866e-01 -2.928029199999999943e-02 -5.421898370000000078e-01 9.654779000000000486e-03 8.396902080000000490e-01
1.702688201349103689e+09 -2.028183600000000100e-02 -2.235689999999999867e-04 1.637082250000000128e-01 -2.899223399999999867e-02 -5.466051100000000051e-01 1.073409799999999921e-02 8.368197080000000510e-01
1.702688201516457558e+09 -2.032855199999999973e-02 -2.212679999999999964e-04 1.637265679999999890e-01 -2.978538000000000019e-02 -5.488858220000000232e-01 9.831064000000000469e-03 8.353086709999999471e-01
1.702688202097540617e+09 -2.049726199999999873e-02 -2.148910000000000132e-04 1.637889590000000117e-01 -2.957843799999999856e-02 -5.478006600000000503e-01 7.746051999999999799e-03 8.360499740000000291e-01
1.702688202304698467e+09 -2.055798500000000084e-02 -2.140839999999999920e-04 1.638112959999999951e-01 -3.030775299999999978e-02 -5.528967980000000226e-01 7.569837000000000267e-03 8.326639529999999567e-01
1.702688202514005423e+09 -2.061522799999999933e-02 -2.127719999999999883e-04 1.638333499999999887e-01 -2.951859899999999953e-02 -5.550968050000000265e-01 9.195127000000000855e-03 8.312109709999999652e-01
1.702688202721447229e+09 -2.067397500000000068e-02 -2.081100000000000116e-04 1.638607679999999900e-01 -2.982400400000000118e-02 -5.535068509999999664e-01 8.471645999999999344e-03 8.322673440000000200e-01
1.702688202930338860e+09 -2.073173999999999850e-02 -2.025410000000000112e-04 1.638924479999999961e-01 -2.920132099999999883e-02 -5.510197879999999548e-01 8.325716999999999840e-03 8.339395520000000284e-01
1.702688203847037554e+09 -2.096999800000000011e-02 -2.017699999999999876e-04 1.640085880000000107e-01 -2.904513900000000107e-02 -5.090858940000000388e-01 7.735050000000000259e-03 8.601907490000000323e-01
1.702688204097290754e+09 -2.101891900000000049e-02 -2.066059999999999934e-04 1.640528739999999874e-01 -2.909251300000000040e-02 -4.983180460000000145e-01 7.130769000000000343e-03 8.664767740000000051e-01
1.702688204305177450e+09 -2.108230100000000121e-02 -2.003370000000000031e-04 1.640874740000000109e-01 -2.988903799999999972e-02 -4.887198810000000226e-01 5.609061000000000255e-03 8.719105719999999948e-01
1.702688204512883902e+09 -2.112414300000000147e-02 -2.103870000000000035e-04 1.641143260000000048e-01 -3.167937700000000162e-02 -4.799298940000000235e-01 3.789078999999999885e-03 8.767265079999999600e-01
1.702688204761393547e+09 -2.118518900000000010e-02 -2.090270000000000029e-04 1.641563769999999922e-01 -3.155197600000000241e-02 -4.660765230000000203e-01 3.746768000000000147e-03 8.841736909999999838e-01
1.702688205230297089e+09 -2.128625799999999887e-02 -2.005979999999999927e-04 1.642391529999999988e-01 -3.108775199999999975e-02 -4.395259320000000081e-01 2.817267000000000035e-03 8.976873760000000368e-01
1.702688205467789888e+09 -2.133575999999999875e-02 -2.006990000000000109e-04 1.642775539999999923e-01 -3.120509499999999867e-02 -4.246610699999999738e-01 2.126331999999999875e-03 9.048119780000000167e-01
1.702688205760909319e+09 -2.139153499999999972e-02 -2.014920000000000014e-04 1.643403770000000097e-01 -3.317345700000000341e-02 -4.053062800000000188e-01 7.864899999999999864e-05 9.135788679999999884e-01
1.702688206013332129e+09 -2.143905299999999958e-02 -1.917379999999999996e-04 1.643992960000000003e-01 -3.253372399999999998e-02 -3.822173179999999726e-01 3.191200000000000210e-05 9.234995839999999845e-01
1.702688206302918911e+09 -2.149295099999999972e-02 -1.893850000000000036e-04 1.644637879999999996e-01 -3.170606499999999855e-02 -3.558953699999999887e-01 -5.229799999999999971e-05 9.339877960000000368e-01
1.702688206553478479e+09 -2.153798000000000171e-02 -1.842430000000000044e-04 1.645278629999999964e-01 -3.105740599999999921e-02 -3.329910340000000191e-01 -1.782125999999999979e-03 9.424166680000000129e-01
1.702688206759524107e+09 -2.156699800000000042e-02 -1.823879999999999892e-04 1.645865139999999893e-01 -3.226054099999999675e-02 -3.143737019999999771e-01 -2.673839999999999811e-03 9.487472179999999478e-01
1.702688207009563208e+09 -2.160501999999999909e-02 -1.736979999999999893e-04 1.646468640000000039e-01 -3.179800900000000208e-02 -2.906962339999999978e-01 -3.457870999999999948e-03 9.562806489999999826e-01
1.702688207217567205e+09 -2.163266900000000020e-02 -1.746519999999999941e-04 1.646919249999999890e-01 -3.151974099999999696e-02 -2.705384490000000142e-01 -5.387381999999999588e-03 9.621779919999999819e-01
1.702688207469698668e+09 -2.166184000000000165e-02 -1.625990000000000063e-04 1.647669519999999943e-01 -3.143433500000000075e-02 -2.512415350000000158e-01 -5.474162999999999772e-03 9.673983449999999928e-01
1.702688207760922909e+09 -2.170111599999999946e-02 -1.640450000000000057e-04 1.648357059999999985e-01 -3.256103800000000048e-02 -2.249104530000000102e-01 -6.434798999999999727e-03 9.738140109999999794e-01
1.702688208009278059e+09 -2.172554100000000099e-02 -1.611870000000000002e-04 1.649129239999999885e-01 -3.273452799999999885e-02 -2.090937939999999995e-01 -6.761294999999999632e-03 9.773241879999999826e-01
1.702688208259052515e+09 -2.175482399999999900e-02 -1.457720000000000131e-04 1.649932859999999890e-01 -2.968875899999999859e-02 -1.932271419999999906e-01 -6.299049000000000141e-03 9.806845779999999735e-01
1.702688208509132624e+09 -2.178509699999999980e-02 -1.557460000000000094e-04 1.650054599999999927e-01 -3.290674100000000324e-02 -1.843316849999999951e-01 -6.971508999999999866e-03 9.822883610000000543e-01
1.702688209091774702e+09 -2.183766700000000158e-02 -1.333480000000000114e-04 1.652105600000000063e-01 -3.446682499999999955e-02 -1.860940160000000010e-01 -3.205607000000000074e-03 9.819220300000000012e-01
1.702688209382207632e+09 -2.187304400000000121e-02 -1.285690000000000086e-04 1.653107109999999991e-01 -3.880978699999999837e-02 -1.924966130000000109e-01 -5.856509999999999667e-04 9.805297259999999904e-01
1.702688210008157015e+09 -2.194502400000000047e-02 -1.231899999999999911e-04 1.654464160000000128e-01 -3.674520900000000090e-02 -2.051581739999999987e-01 -1.458010499999999945e-02 9.779301289999999813e-01
1.702688210341040850e+09 -2.200150999999999843e-02 -1.136309999999999968e-04 1.655356440000000096e-01 -3.356673899999999822e-02 -2.308699489999999910e-01 -1.587557399999999994e-02 9.722758529999999677e-01
1.702688210643607855e+09 -2.204660300000000142e-02 -1.109890000000000041e-04 1.656029079999999931e-01 -2.549178300000000050e-02 -2.477635290000000101e-01 -1.049226999999999972e-02 9.684283139999999568e-01
1.702688210927221537e+09 -2.206954200000000102e-02 -1.122430000000000026e-04 1.656495779999999918e-01 -1.735866999999999966e-02 -2.495351879999999911e-01 -5.071672000000000159e-03 9.681968690000000155e-01
1.702688211256303072e+09 -2.210911700000000105e-02 -1.090879999999999964e-04 1.657482979999999884e-01 -2.277858899999999839e-02 -2.227425429999999873e-01 -8.938622000000000234e-03 9.745701549999999935e-01
1.702688211964052916e+09 -2.217936900000000086e-02 -1.045040000000000010e-04 1.659257110000000035e-01 -2.427335499999999993e-02 -1.855942610000000104e-01 -1.242829800000000082e-02 9.822480080000000058e-01
1.702688212337443113e+09 -2.220224999999999976e-02 -9.675199999999999794e-05 1.660226290000000049e-01 -2.517541699999999855e-02 -1.663134249999999870e-01 -1.078571000000000044e-02 9.856925610000000226e-01
1.702688212674033880e+09 -2.221241200000000082e-02 -9.871400000000000389e-05 1.661094280000000034e-01 -2.747696300000000008e-02 -1.492676589999999970e-01 -1.224587100000000019e-02 9.883391860000000362e-01
1.702688213005451918e+09 -2.223979300000000076e-02 -8.833000000000000302e-05 1.662086700000000028e-01 -3.098296199999999931e-02 -1.319826249999999923e-01 -1.403342500000000041e-02 9.906683560000000277e-01
1.702688213340885162e+09 -2.226079599999999936e-02 -7.924199999999999788e-05 1.663065850000000068e-01 -3.312490900000000099e-02 -1.144853529999999980e-01 -1.453951600000000059e-02 9.927660820000000497e-01
1.702688213593683958e+09 -2.227682799999999852e-02 -7.142999999999999881e-05 1.663793329999999904e-01 -3.186742199999999942e-02 -1.011326979999999931e-01 -1.502501399999999973e-02 9.942489270000000046e-01
1.702688214128657818e+09 -2.229668200000000169e-02 -6.188900000000000325e-05 1.665370609999999862e-01 -3.223881099999999916e-02 -7.048673900000000658e-02 -1.641135999999999984e-02 9.968565109999999452e-01
1.702688214382885218e+09 -2.230282299999999940e-02 -5.878000000000000304e-05 1.665991840000000113e-01 -3.242180499999999799e-02 -5.904530000000000195e-02 -1.708667900000000045e-02 9.975823759999999929e-01
1.702688214629415274e+09 -2.231127600000000141e-02 -5.831200000000000006e-05 1.666678339999999869e-01 -3.198192300000000238e-02 -4.557225899999999691e-02 -1.767271399999999909e-02 9.982925649999999651e-01
1.702688214880846500e+09 -2.232088499999999864e-02 -5.684100000000000009e-05 1.667356339999999937e-01 -3.237798100000000012e-02 -3.117121000000000128e-02 -1.863722500000000032e-02 9.988156559999999962e-01
1.702688215378481150e+09 -2.231432900000000080e-02 -4.408200000000000248e-05 1.668740959999999995e-01 -2.999305400000000163e-02 -2.049205299999999966e-02 -1.806843799999999917e-02 9.991766810000000110e-01
1.702688216292660236e+09 -2.234983299999999951e-02 -3.160499999999999979e-05 1.671328990000000014e-01 -2.970660500000000051e-02 -5.351566199999999857e-02 -1.817265200000000094e-02 9.979596139999999949e-01
1.702688216627161264e+09 -2.236426600000000070e-02 -1.961099999999999909e-05 1.672271489999999916e-01 -2.901662299999999833e-02 -6.816706799999999733e-02 -1.637762200000000140e-02 9.971174000000000426e-01
1.702688216917298079e+09 -2.237087899999999976e-02 -1.675600000000000017e-05 1.673024889999999987e-01 -2.833042300000000041e-02 -7.681547099999999628e-02 -1.542876399999999933e-02 9.965233209999999620e-01
1.702688217209284782e+09 -2.238857000000000000e-02 -1.013200000000000057e-05 1.673852949999999895e-01 -3.016412599999999944e-02 -7.938892399999999960e-02 -1.562445900000000026e-02 9.962647559999999736e-01
1.702688217832367182e+09 -2.241384800000000010e-02 -4.660000000000000170e-07 1.675630509999999906e-01 -3.038028799999999835e-02 -6.209191700000000341e-02 -1.633574399999999927e-02 9.974741940000000362e-01
1.702688218166671753e+09 -2.242640200000000153e-02 8.134999999999999192e-06 1.676525319999999930e-01 -2.881498799999999971e-02 -6.164328399999999958e-02 -1.595025099999999862e-02 9.975547190000000342e-01
1.702688218460103989e+09 -2.243470399999999976e-02 1.205200000000000082e-05 1.677366200000000029e-01 -2.937812399999999852e-02 -6.186158600000000313e-02 -1.532201600000000080e-02 9.975346330000000039e-01
1.702688219081946135e+09 -2.245028300000000143e-02 2.554500000000000022e-05 1.679113809999999984e-01 -2.995846200000000167e-02 -5.690925200000000045e-02 -1.675395699999999988e-02 9.977891450000000440e-01
1.702688219459428310e+09 -2.246860800000000102e-02 2.971100000000000065e-05 1.680131109999999928e-01 -2.991928300000000138e-02 -5.391122799999999854e-02 -1.671582500000000013e-02 9.979574079999999903e-01
1.702688219789006233e+09 -2.247524999999999870e-02 3.302899999999999836e-05 1.681076589999999926e-01 -2.920644199999999913e-02 -4.358354600000000079e-02 -1.656555800000000106e-02 9.984853860000000303e-01
1.702688220164463282e+09 -2.248609099999999972e-02 4.185499999999999822e-05 1.682130840000000127e-01 -2.985584000000000154e-02 -3.753045599999999676e-02 -1.709324099999999860e-02 9.987031219999999987e-01
1.702688220502336740e+09 -2.248509599999999956e-02 4.946200000000000179e-05 1.683066930000000072e-01 -2.999555300000000119e-02 -3.255724200000000013e-02 -1.652864700000000048e-02 9.988829489999999645e-01
1.702688221204983950e+09 -2.248765900000000012e-02 6.119700000000000378e-05 1.685078590000000098e-01 -2.904506800000000027e-02 -7.180744000000000189e-03 -1.656076100000000023e-02 9.994151000000000007e-01
1.702688221539165497e+09 -2.248252900000000110e-02 6.666499999999999954e-05 1.686010810000000137e-01 -2.815518300000000029e-02 5.754917000000000019e-03 -1.678227599999999875e-02 9.994460939999999516e-01
1.702688221875519514e+09 -2.248100800000000024e-02 6.976599999999999577e-05 1.686946149999999922e-01 -2.780698599999999882e-02 1.607552900000000159e-02 -1.772526799999999889e-02 9.993268849999999981e-01
1.702688222287341595e+09 -2.247303200000000042e-02 7.701099999999999840e-05 1.688112170000000134e-01 -2.735897300000000171e-02 2.841001599999999974e-02 -1.790281599999999848e-02 9.990615250000000058e-01
1.702688222629684687e+09 -2.246480400000000141e-02 8.085300000000000668e-05 1.689035000000000120e-01 -2.663629899999999870e-02 3.089542899999999856e-02 -1.721711500000000158e-02 9.990193250000000136e-01
1.702688222995658159e+09 -2.245874900000000007e-02 8.524100000000000600e-05 1.690088210000000035e-01 -2.684893099999999949e-02 2.863312000000000149e-02 -1.781658499999999937e-02 9.990705250000000426e-01
1.702688223368508577e+09 -2.245282200000000075e-02 9.149299999999999967e-05 1.691155139999999946e-01 -2.752410400000000062e-02 1.946845100000000120e-02 -1.723952999999999944e-02 9.992828369999999794e-01
1.702688223749886990e+09 -2.245547999999999988e-02 9.684200000000000555e-05 1.692205820000000083e-01 -2.768309799999999973e-02 9.430513999999999217e-03 -1.670626000000000055e-02 9.994326829999999884e-01
1.702688224161460876e+09 -2.246013999999999997e-02 1.029590000000000014e-04 1.693238770000000115e-01 -2.712225199999999947e-02 -3.136184000000000194e-03 -1.650795700000000019e-02 9.994909170000000342e-01
1.702688224536349535e+09 -2.246097799999999950e-02 1.082390000000000050e-04 1.694067569999999912e-01 -2.820760799999999860e-02 -1.398080999999999977e-02 -1.570841699999999883e-02 9.993808870000000510e-01
1.702688224909356117e+09 -2.246060999999999891e-02 1.121409999999999958e-04 1.694970580000000060e-01 -2.964475800000000022e-02 -9.837809999999999784e-04 -1.643700899999999895e-02 9.994248749999999903e-01
1.702688225372591734e+09 -2.245502200000000156e-02 1.210150000000000060e-04 1.696242990000000062e-01 -2.935372899999999854e-02 1.040669200000000037e-02 -1.782278899999999860e-02 9.993560310000000335e-01
1.702688225830490589e+09 -2.244260299999999847e-02 1.284860000000000028e-04 1.697522700000000107e-01 -2.891103199999999970e-02 3.082413000000000167e-02 -1.731850999999999877e-02 9.989565609999999651e-01
1.702688226330569983e+09 -2.242950700000000130e-02 1.391719999999999882e-04 1.698900760000000010e-01 -2.910986700000000107e-02 3.795920700000000175e-02 -1.932558399999999982e-02 9.986682529999999502e-01
1.702688226703125477e+09 -2.241312499999999902e-02 1.430070000000000082e-04 1.699906589999999884e-01 -2.788640400000000005e-02 5.862573499999999826e-02 -1.883889199999999944e-02 9.977126120000000542e-01
1.702688227202615261e+09 -2.239544499999999994e-02 1.500019999999999912e-04 1.701252609999999998e-01 -2.845072599999999910e-02 6.029041499999999998e-02 -1.860987000000000058e-02 9.976018070000000071e-01
1.702688227661375046e+09 -2.237570499999999921e-02 1.571230000000000066e-04 1.702529640000000066e-01 -2.737378099999999981e-02 7.322275599999999995e-02 -1.934568999999999872e-02 9.967521430000000349e-01
1.702688228075241804e+09 -2.236157700000000054e-02 1.633729999999999959e-04 1.703675390000000123e-01 -2.685887199999999891e-02 5.982768200000000008e-02 -1.876387399999999983e-02 9.976708890000000052e-01
1.702688228493070126e+09 -2.234070000000000153e-02 1.644580000000000033e-04 1.704822330000000108e-01 -2.752349200000000010e-02 7.859186099999999897e-02 -2.041724099999999917e-02 9.963177439999999496e-01
1.702688228952790022e+09 -2.231040999999999927e-02 1.703589999999999998e-04 1.706051379999999895e-01 -2.516724700000000023e-02 1.038433980000000034e-01 -2.085309299999999963e-02 9.940565230000000252e-01
1.702688229337942123e+09 -2.227585799999999908e-02 1.770669999999999905e-04 1.707061529999999994e-01 -2.441015699999999830e-02 1.176950189999999979e-01 -2.175240999999999980e-02 9.925113920000000478e-01
1.702688229741533995e+09 -2.224780399999999950e-02 1.787589999999999871e-04 1.708163319999999874e-01 -2.461779099999999998e-02 1.288610849999999863e-01 -2.058633799999999917e-02 9.911432860000000122e-01
1.702688230113241911e+09 -2.222043300000000124e-02 1.843600000000000035e-04 1.709157229999999916e-01 -2.271011300000000052e-02 1.393515770000000042e-01 -2.036382100000000070e-02 9.897730949999999916e-01
1.702688230531054735e+09 -2.218889300000000120e-02 1.893370000000000068e-04 1.710270939999999906e-01 -2.403103399999999973e-02 1.504421529999999951e-01 -2.065041700000000077e-02 9.881109599999999826e-01
1.702688230866126299e+09 -2.216082299999999963e-02 1.913659999999999970e-04 1.711168590000000100e-01 -2.572263400000000116e-02 1.417743120000000134e-01 -2.166208999999999843e-02 9.893276690000000206e-01
1.702688231325669527e+09 -2.213371899999999962e-02 1.974339999999999938e-04 1.712393459999999867e-01 -2.649199799999999924e-02 1.164001969999999969e-01 -2.087087199999999865e-02 9.926296470000000038e-01
1.702688231699879408e+09 -2.211828199999999953e-02 2.015099999999999867e-04 1.713455919999999910e-01 -2.762446199999999893e-02 9.538982099999999964e-02 -1.977902800000000058e-02 9.948600530000000219e-01
1.702688232113836765e+09 -2.210674799999999898e-02 2.110310000000000061e-04 1.714644579999999863e-01 -2.852869800000000164e-02 7.378973099999999730e-02 -1.957734900000000083e-02 9.966734050000000122e-01
1.702688232529087067e+09 -2.210262199999999885e-02 2.151289999999999930e-04 1.715817450000000077e-01 -2.875394699999999845e-02 5.159519199999999806e-02 -1.936104699999999929e-02 9.980663060000000142e-01
1.702688232903902054e+09 -2.209634099999999851e-02 2.235519999999999901e-04 1.716870219999999947e-01 -2.943522700000000131e-02 3.342961500000000280e-02 -1.708294800000000058e-02 9.988614919999999620e-01
1.702688233329391241e+09 -2.209914799999999901e-02 2.263260000000000011e-04 1.717953379999999919e-01 -3.050541500000000100e-02 1.518849700000000046e-02 -1.652564999999999937e-02 9.992825979999999664e-01
1.702688233903774738e+09 -2.210546500000000122e-02 2.372080000000000098e-04 1.719580589999999964e-01 -2.980091199999999885e-02 -1.067318400000000049e-02 -1.501320700000000063e-02 9.993861320000000381e-01
1.702688234404014111e+09 -2.211924599999999866e-02 2.462899999999999747e-04 1.720994560000000118e-01 -3.129878600000000205e-02 -2.501944999999999864e-02 -1.514201800000000014e-02 9.990821479999999477e-01
1.702688234818715096e+09 -2.212448800000000118e-02 2.502599999999999790e-04 1.722133610000000092e-01 -3.219547899999999907e-02 -3.537013399999999752e-02 -1.486728799999999934e-02 9.987449050000000161e-01
1.702688235359878540e+09 -2.213781000000000082e-02 2.575930000000000255e-04 1.723614039999999958e-01 -3.199888000000000038e-02 -4.066565999999999931e-02 -1.576880599999999980e-02 9.985358119999999671e-01
1.702688235860274315e+09 -2.215941800000000017e-02 2.684319999999999805e-04 1.724955440000000007e-01 -3.227505800000000230e-02 -6.223347399999999696e-02 -1.516161100000000019e-02 9.974244239999999762e-01
1.702688236316504717e+09 -2.217444199999999907e-02 2.711060000000000162e-04 1.726172270000000120e-01 -3.149510900000000030e-02 -5.776514099999999902e-02 -1.553529900000000068e-02 9.977123740000000129e-01
1.702688236818078995e+09 -2.217776100000000070e-02 2.794680000000000016e-04 1.727539600000000120e-01 -3.347700800000000254e-02 -5.011253100000000182e-02 -1.636845199999999861e-02 9.980481860000000038e-01
1.702688237291389704e+09 -2.218118100000000120e-02 2.890950000000000095e-04 1.728794280000000017e-01 -3.343434299999999831e-02 -3.766337799999999736e-02 -1.780764799999999884e-02 9.985722299999999496e-01
1.702688237732280731e+09 -2.219147200000000028e-02 2.965660000000000063e-04 1.730085610000000051e-01 -3.473644000000000037e-02 -1.812932600000000116e-02 -1.757815700000000050e-02 9.990774390000000116e-01
1.702688238275112629e+09 -2.218884399999999923e-02 3.053640000000000260e-04 1.731604639999999862e-01 -3.392152500000000098e-02 5.322959999999999844e-03 -1.893154699999999996e-02 9.992310399999999593e-01
1.702688238694409609e+09 -2.217592999999999995e-02 3.132599999999999925e-04 1.732746059999999977e-01 -3.254398700000000338e-02 -1.985049000000000015e-03 -1.808879500000000126e-02 9.993046519999999600e-01
1.702688239190417290e+09 -2.218007899999999838e-02 3.267769999999999920e-04 1.734140809999999977e-01 -3.147098000000000256e-02 1.144403999999999907e-03 -1.809163999999999911e-02 9.993402959999999613e-01
1.702688239651885271e+09 -2.216966500000000159e-02 3.335990000000000157e-04 1.735424550000000121e-01 -3.167395299999999775e-02 3.691389000000000215e-03 -1.773568600000000051e-02 9.993340969999999768e-01
1.702688240104739189e+09 -2.218793700000000133e-02 3.391490000000000151e-04 1.736700830000000029e-01 -3.233801900000000257e-02 2.168567000000000151e-03 -1.769822100000000009e-02 9.993179439999999580e-01
1.702688240650195599e+09 -2.218103800000000014e-02 3.450579999999999750e-04 1.738201380000000129e-01 -3.294875099999999835e-02 6.605254999999999981e-03 -1.856005000000000155e-02 9.992628690000000535e-01
1.702688241148451805e+09 -2.218827400000000089e-02 3.500500000000000248e-04 1.739586589999999877e-01 -3.280642599999999964e-02 6.746948000000000008e-03 -1.901793499999999970e-02 9.992579820000000446e-01
1.702688241603807926e+09 -2.219506900000000130e-02 3.628120000000000086e-04 1.740858849999999958e-01 -3.153322299999999911e-02 6.744408999999999821e-03 -1.814677799999999883e-02 9.993152020000000135e-01
1.702688242229049921e+09 -2.217578099999999858e-02 3.701910000000000205e-04 1.742518989999999879e-01 -2.995258199999999843e-02 8.882935999999999263e-03 -1.794667499999999874e-02 9.993507270000000497e-01
1.702688242728152990e+09 -2.218140500000000126e-02 3.814660000000000099e-04 1.743989740000000122e-01 -3.437295199999999828e-02 1.512611699999999969e-02 -2.008588600000000071e-02 9.990926980000000013e-01
1.702688243227805138e+09 -2.219161000000000050e-02 3.895689999999999830e-04 1.745377180000000084e-01 -3.463431399999999938e-02 2.075123599999999929e-02 -2.024746300000000027e-02 9.989794490000000193e-01
1.702688243728917360e+09 -2.217052499999999995e-02 3.994649999999999980e-04 1.746715159999999989e-01 -3.526221200000000111e-02 8.181063000000000571e-03 -1.830235100000000142e-02 9.991770389999999891e-01
1.702688244352545500e+09 -2.218272500000000036e-02 4.126690000000000024e-04 1.748433859999999895e-01 -3.363796299999999989e-02 -7.367590000000000250e-03 -1.771188300000000118e-02 9.992499950000000020e-01
1.702688244770007849e+09 -2.220778500000000072e-02 4.204500000000000012e-04 1.749564259999999982e-01 -3.270804900000000293e-02 -1.599306600000000023e-02 -1.648874800000000099e-02 9.992009400000000374e-01
1.702688245183914423e+09 -2.220043699999999995e-02 4.276050000000000098e-04 1.750659639999999906e-01 -3.010807399999999856e-02 -1.582749400000000098e-02 -1.562756699999999846e-02 9.992991690000000427e-01
1.702688245651625156e+09 -2.221497299999999897e-02 4.336319999999999845e-04 1.751786469999999929e-01 -3.064462500000000172e-02 -1.781391699999999856e-02 -1.607703599999999941e-02 9.992422460000000006e-01
1.702688246104519129e+09 -2.221570000000000142e-02 4.355580000000000064e-04 1.752150799999999953e-01 -3.188485700000000256e-02 -1.310170100000000032e-02 -1.700587400000000068e-02 9.992610219999999988e-01
