1703784360022506240.000000 0.000000000 0.000000000 0.000000000 -0.000000000 -0.000000000 -0.000000000 1.000000000
1703784360143980544.000000 -0.000204889 0.000120454 0.006783118 0.000347329 0.000474946 -0.000278442 0.999999821
1703784360186384896.000000 -0.000137598 0.000040208 0.008677831 0.000331932 0.000192993 -0.000467198 0.999999821
1703784360270563840.000000 -0.000343608 -0.000089347 0.012874912 0.001213452 -0.000692587 -0.000605763 0.999998868
1703784360351946240.000000 -0.000100873 0.000120554 0.017170556 0.001621032 -0.001565388 -0.000671374 0.999997258
1703784360561715456.000000 -0.000760314 0.000006013 0.027858321 0.001075084 -0.001278398 -0.001419097 0.999997616
1703784360686978560.000000 -0.000785650 -0.000008497 0.034104496 0.001420632 -0.001713814 -0.001712872 0.999996066
1703784360850561024.000000 -0.000867771 -0.000088572 0.042407680 0.001473336 -0.001872586 -0.001405903 0.999996185
1703784361018845184.000000 -0.000599777 0.000008862 0.050889481 0.002384485 -0.002360497 -0.001349072 0.999993503
1703784362392147712.000000 -0.001989323 -0.000323538 0.119938262 0.002264122 -0.007449167 -0.001000752 0.999969184
1703784362601728000.000000 -0.001450470 -0.000731524 0.130375415 0.002529972 -0.009162322 -0.001113621 0.999954224
1703784362810884096.000000 -0.001916377 -0.000487502 0.140981317 0.002978846 -0.008398672 -0.000593177 0.999960124
1703784363016303872.000000 -0.002296055 -0.000489830 0.151981980 0.002260605 -0.008489232 0.000367147 0.999961376
1703784363355322624.000000 -0.002693475 -0.000285717 0.169028908 0.002347122 -0.008302044 -0.000477061 0.999962687
1703784364015180544.000000 -0.003608880 -0.000452955 0.202542648 0.003085171 -0.008517163 -0.000729897 0.999958694
1703784364266571776.000000 -0.003513595 -0.000824681 0.214832172 0.003831963 -0.008004868 -0.001019712 0.999960124
1703784364474502656.000000 -0.003796837 -0.000928266 0.225348875 0.002890531 -0.007495313 -0.001536480 0.999966562
1703784364764844032.000000 -0.003669182 -0.001148318 0.239919275 0.003044223 -0.011407350 0.000005226 0.999930322
1703784365266117632.000000 -0.004757227 -0.001194037 0.264331132 0.002940631 -0.015717220 0.000167895 0.999872148
1703784365515814912.000000 -0.005509052 -0.001434830 0.277623475 0.003176122 -0.013878242 -0.000492437 0.999898553
1703784365764976384.000000 -0.006177780 -0.000794347 0.290608913 0.002216576 -0.015314556 -0.000192770 0.999880254
1703784366014055680.000000 -0.006219287 -0.000999723 0.303322047 0.000562040 -0.018418927 0.000021638 0.999830246
1703784368095262720.000000 -0.011110442 -0.001224861 0.408496529 -0.000767384 -0.020532077 -0.001430896 0.999787867
1703784368389129472.000000 -0.011957510 -0.001136686 0.423475772 -0.001110371 -0.023982979 -0.001193982 0.999711037
1703784368680567296.000000 -0.012680821 -0.001347644 0.437784672 0.000728553 -0.026320415 0.000192394 0.999653280
1703784369013339392.000000 -0.013343222 -0.001184715 0.454714775 0.000869547 -0.022698414 0.001036952 0.999741435
1703784369430809344.000000 -0.013938667 -0.001422498 0.475756526 -0.000109511 -0.016153384 0.000692984 0.999869287
1703784370220431104.000000 -0.015352506 -0.001866943 0.514843464 0.002325454 -0.020439453 0.001230067 0.999787629
1703784370635532544.000000 -0.016998749 -0.001996392 0.535493612 0.003401377 -0.026956858 0.001125664 0.999630213
1703784371052887040.000000 -0.017729644 -0.002204397 0.556592941 0.003396892 -0.021400664 0.001243467 0.999764442
1703784371468635904.000000 -0.018258778 -0.002367911 0.577063501 0.004900016 -0.008284220 -0.001281234 0.999952912
1703784371844620288.000000 -0.019594071 -0.002613042 0.592448950 0.005305074 -0.027008737 -0.000391370 0.999621034
1703784372262601472.000000 -0.022133894 -0.002958020 0.613610208 0.005963768 -0.044043098 -0.000408032 0.999011755
1703784372673928192.000000 -0.024632799 -0.002547962 0.634709597 0.006145525 -0.053133257 -0.000621384 0.998568356
1703784373551745280.000000 -0.030341925 -0.002797350 0.679059267 0.002014315 -0.062428843 0.000589646 0.998047233
1703784374008302336.000000 -0.032494489 -0.002593098 0.702482164 -0.000421807 -0.053890940 0.001624718 0.998545468
1703784374506701824.000000 -0.034948148 -0.002489361 0.727478564 0.000031639 -0.046581138 -0.000266397 0.998914480
1703784374924986112.000000 -0.035733957 -0.002550358 0.748430490 0.001122180 -0.032123711 0.000477766 0.999483168
1703784375382414848.000000 -0.036462653 -0.002500677 0.771341205 0.000937611 -0.020817567 0.000061955 0.999782860
1703784375795722496.000000 -0.037589017 -0.002416855 0.792480767 0.000539321 -0.023550687 -0.000431709 0.999722421
1703784376257434368.000000 -0.038936347 -0.002485992 0.815211713 0.000173093 -0.020139188 -0.000637362 0.999796987
1703784376795976192.000000 -0.039342787 -0.002453459 0.842205763 -0.000719589 -0.014807637 -0.001207885 0.999889374
1703784377295457536.000000 -0.040527016 -0.002218464 0.867577434 -0.001613844 -0.012466245 -0.003046843 0.999916375
1703784377797276416.000000 -0.041334715 -0.002076745 0.892606974 -0.000719350 -0.015466982 -0.001133341 0.999879479
1703784378256806400.000000 -0.042227641 -0.002275151 0.914978206 -0.001547788 -0.017885668 -0.000452962 0.999838769
1703784378794466304.000000 -0.043501299 -0.002099958 0.942440093 -0.000624131 -0.018818447 -0.000522140 0.999822617
1703784379294321408.000000 -0.044489983 -0.002153267 0.967437625 -0.002229202 -0.021630554 -0.001183047 0.999762833
1703784379752331264.000000 -0.044957101 -0.002335685 0.989993870 -0.000899852 -0.015590811 -0.000807371 0.999877751
1703784380211080960.000000 -0.045479745 -0.002207725 1.012750745 -0.000331405 -0.014823297 -0.001296374 0.999889255
1703784380836294400.000000 -0.047053423 -0.001889250 1.044089198 -0.000555112 -0.024877898 0.000673709 0.999690115
1703784381375265792.000000 -0.047830619 -0.002050033 1.070010185 0.000485127 -0.025228823 0.001052823 0.999681056
1703784381875211264.000000 -0.048126962 -0.002009359 1.095410585 -0.000207595 -0.004354420 0.001372822 0.999989569
1703784382374651392.000000 -0.046573330 -0.002252022 1.120046616 0.001370319 0.020589553 0.000919377 0.999786675
1703784383417652224.000000 -0.039161839 -0.002748869 1.171383858 0.002636948 0.066496104 -0.000238870 0.997783184
1703784383959237376.000000 -0.035063107 -0.002532984 1.198682189 0.002156897 0.078161724 0.000528220 0.996938229
1703784384497340160.000000 -0.030921698 -0.002597314 1.225452662 0.001414179 0.074058048 0.000229983 0.997252941
1703784385081846272.000000 -0.027517600 -0.001757729 1.254936695 0.000854769 0.070539623 0.000289163 0.997508585
1703784385710191616.000000 -0.023035120 -0.002205631 1.284808278 0.004002309 0.064877175 0.000454353 0.997885168
1703784386996548864.000000 -0.014719184 -0.002375752 1.349396586 0.003164075 0.061748393 -0.000593654 0.998086572
1703784387580102912.000000 -0.011523370 -0.002857194 1.378151059 0.002964156 0.060707353 -0.000580625 0.998151064
1703784388286670592.000000 -0.007657331 -0.002268304 1.413473368 0.004148594 0.060805008 -0.000358706 0.998140991
1703784388952829696.000000 -0.001675102 -0.002759765 1.445560694 0.002077946 0.064110063 0.000163453 0.997940660
1703784389577840640.000000 -0.000316811 -0.002822438 1.476266623 0.004667733 0.037484135 0.001194118 0.999285638
1703784390204364800.000000 0.001552557 -0.002804639 1.508016706 0.001965616 0.027964335 0.000877587 0.999606609
1703784390827451392.000000 0.004661886 -0.002706855 1.538842440 0.003194219 0.047406353 -0.000202898 0.998870611
1703784391372972544.000000 0.007196541 -0.002858387 1.566563487 0.001281298 0.047142129 -0.000383277 0.998887300
1703784391950787840.000000 0.010615272 -0.003085072 1.595564127 0.002748718 0.046262886 -0.000247634 0.998925507
1703784392490577408.000000 0.013224196 -0.003273838 1.622725010 0.002522212 0.051090833 -0.000543085 0.998690665
1703784393074846464.000000 0.016177284 -0.003758477 1.650825620 0.005148903 0.047555547 0.000472742 0.998855233
1703784393823555072.000000 0.020265862 -0.003568214 1.688514113 0.005509546 0.049736593 0.000133206 0.998747170
1703784394407306752.000000 0.023604868 -0.003940128 1.717845798 0.003941229 0.058485743 0.000101222 0.998280466
1703784395034668800.000000 0.027165482 -0.004285774 1.748866439 0.002110596 0.063876867 -0.000337010 0.997955501
1703784395698546432.000000 0.032988708 -0.004343341 1.781979442 0.003572196 0.079077661 -0.000453012 0.996861935
1703784396195850752.000000 0.037960470 -0.004512377 1.806804419 0.002573627 0.089895204 -0.000042261 0.995947957
1703784396659854336.000000 0.042174306 -0.004415032 1.828852057 0.002971559 0.096340664 -0.001723463 0.995342493
1703784397199155968.000000 0.047155060 -0.004732793 1.855361581 0.002645008 0.093624115 -0.001147702 0.995603502
1703784397652920320.000000 0.050426316 -0.005328266 1.877443314 0.004947409 0.083835341 -0.001143221 0.996466696
1703784398073332736.000000 0.052680787 -0.005482903 1.897798657 0.005105602 0.066265754 -0.001430259 0.997787952
1703784398487350016.000000 0.054052956 -0.005567268 1.918923259 0.003734038 0.048672903 -0.001833966 0.998806119
1703784398908652800.000000 0.054936249 -0.005149855 1.940013170 0.003087201 0.030703384 -0.002292817 0.999521136
1703784399489665280.000000 0.054243084 -0.005096002 1.969363928 0.000874812 0.004302121 -0.002205964 0.999987960
1703784400028630528.000000 0.052850664 -0.005380553 1.996303439 0.001524780 -0.020573085 -0.001617737 0.999785900
1703784400485846528.000000 0.050987728 -0.005260498 2.019505978 0.000095633 -0.028992679 -0.001734616 0.999578118
1703784400860960000.000000 0.049880069 -0.004996592 2.038216352 0.000065909 -0.027783921 -0.002011946 0.999611914
1703784401278390272.000000 0.048462067 -0.005086182 2.059021950 -0.001050418 -0.028384568 -0.002998118 0.999592066
1703784401693272320.000000 0.047222596 -0.005308638 2.079072475 0.000182926 -0.026576253 -0.002883688 0.999642611
1703784402150418176.000000 0.045662593 -0.005370853 2.101615191 0.000369616 -0.031116111 -0.001539059 0.999514520
1703784402573812480.000000 0.044286687 -0.005556582 2.122103453 0.001986023 -0.036041129 -0.002503146 0.999345243
1703784403064225280.000000 0.042920109 -0.005207318 2.147281408 -0.001315172 -0.024685385 -0.001794407 0.999692798
1703784403526436096.000000 0.041361280 -0.005134422 2.169422626 -0.000181121 -0.024627585 -0.002021431 0.999694645
1703784404108601344.000000 0.040182512 -0.004838943 2.198690653 -0.000933924 -0.027647626 -0.001744709 0.999615788
1703784404607984896.000000 0.038768422 -0.005371564 2.222637415 0.001301876 -0.024314219 -0.002558924 0.999700248
1703784405064265984.000000 0.037906706 -0.005418686 2.245032072 0.002867193 -0.024469746 -0.000838944 0.999696136
1703784405984230400.000000 0.037160244 -0.004948546 2.291018009 0.001756356 -0.004169096 -0.000666326 0.999989569
1703784406526545152.000000 0.037712686 -0.005221832 2.317778826 0.001375717 0.001386913 -0.000841185 0.999997735
1703784407019968768.000000 0.038303480 -0.005482804 2.342323303 0.001876215 0.007858559 -0.000751456 0.999967098
1703784407479896576.000000 0.039106365 -0.005685398 2.364473343 0.003055932 0.016025189 -0.001504744 0.999865770
1703784407980407808.000000 0.040227663 -0.005889622 2.389189005 0.002527223 0.020647202 -0.001304583 0.999782801
1703784408478985216.000000 0.041721638 -0.005595268 2.413651943 0.002099798 0.025569385 -0.002027827 0.999668777
1703784409018130176.000000 0.042609952 -0.005063807 2.440760851 0.001357204 0.016773365 -0.002432621 0.999855459
1703784409559403008.000000 0.041301318 -0.005687931 2.466400623 0.001978823 -0.002118856 -0.002786785 0.999991953
1703784410059656448.000000 0.043643724 -0.005526450 2.491937637 0.001065788 0.020295629 -0.002598372 0.999790072
1703784410601981952.000000 0.041754335 -0.005252335 2.507975578 -0.000152092 -0.012873464 -0.002910019 0.999912918
1703784411184194560.000000 0.044537205 -0.005059545 2.530214787 0.002783669 0.013746727 -0.002696434 0.999898016
1703784411724052480.000000 0.045854673 -0.005460252 2.556159973 0.002097342 0.035218742 -0.001824299 0.999375761
1703784412809401088.000000 0.052489836 -0.004395033 2.609052896 0.003113809 0.069218211 -0.001602598 0.997595429
1703784413389542656.000000 0.059136070 -0.005218262 2.637266874 0.002079841 0.098819382 -0.001253835 0.995102465
1703784413930820352.000000 0.065995522 -0.005392534 2.663305521 0.003603108 0.117437422 -0.000342888 0.993073702
1703784414474549248.000000 0.073644973 -0.005768999 2.688169718 0.005437672 0.143601045 -0.002770436 0.989616871
1703784415055097344.000000 0.082687251 -0.005899371 2.716139793 0.002719876 0.155271873 -0.002407820 0.987865090
1703784415599778048.000000 0.092413448 -0.005671951 2.741514444 0.001997435 0.161971509 -0.002068604 0.986791253
1703784416137230592.000000 0.099332497 -0.005877454 2.766536474 0.003210142 0.152915016 -0.003142340 0.988229156
1703784416636108288.000000 0.104753770 -0.005996023 2.789532661 0.002076096 0.138153031 -0.003036020 0.990404069
1703784418808811776.000000 0.099729598 -0.004601685 2.874010563 0.003370472 -0.063423917 -0.003000641 0.997976482
1703784419389025280.000000 0.092615627 -0.004369074 2.899980783 0.003326848 -0.099660993 -0.002969891 0.995011449
1703784420390280192.000000 0.077271655 -0.004422275 2.947664499 0.000652169 -0.144429579 -0.002485165 0.989511728
1703784421923438080.000000 0.045955434 -0.005310767 3.015804052 -0.001424516 -0.212887406 -0.003933079 0.977067769
1703784422423672576.000000 0.034409791 -0.004506660 3.038448811 -0.000449272 -0.235606536 -0.003777225 0.971841097
1703784422927109120.000000 0.021396771 -0.004348928 3.059357166 0.000128074 -0.257606059 -0.004325857 0.966240346
1703784423508837376.000000 0.005590111 -0.004321324 3.083704472 -0.001664019 -0.283938676 -0.003332916 0.958835185
1703784423924773376.000000 -0.007218510 -0.004293376 3.099965572 0.000168991 -0.303101510 -0.003323199 0.952952445
1703784424886774016.000000 -0.038182110 -0.004177285 3.135859966 0.001588178 -0.348540425 -0.001049698 0.937291861
1703784425505155584.000000 -0.060569227 -0.004163638 3.156692505 0.000580032 -0.378702551 -0.001752382 0.925516665
1703784426629968640.000000 -0.104443192 -0.004135720 3.190704107 -0.001151172 -0.437436432 -0.003155190 0.899243057
1703784427003627520.000000 -0.119389832 -0.004024313 3.200098038 -0.000929944 -0.458646297 -0.003370931 0.888612032
1703784427423698944.000000 -0.137072921 -0.004411933 3.210078001 -0.001998994 -0.488648891 -0.003428703 0.872471511
1703784427836663040.000000 -0.154504180 -0.004144570 3.218044996 -0.001549799 -0.519734859 -0.002183448 0.854323506
1703784428295448064.000000 -0.175135612 -0.004198557 3.225988388 -0.002240643 -0.550747275 -0.001723841 0.834667265
1703784429085089024.000000 -0.210031748 -0.003593864 3.233318329 -0.002508864 -0.609296620 -0.002405879 0.792934775
1703784429419256320.000000 -0.221804142 -0.004090223 3.234601021 -0.002959735 -0.633337557 -0.003424250 0.773862422
1703784429750492928.000000 -0.233031511 -0.003754450 3.234762192 -0.002080770 -0.656082213 -0.001888434 0.754684210
1703784430166458624.000000 -0.244723320 -0.003531968 3.235094786 -0.002436239 -0.675532520 -0.001800617 0.737323999
1703784430585487104.000000 -0.259813070 -0.003451426 3.235986710 -0.001975954 -0.683248162 0.000049557 0.730183542
1703784431374845440.000000 -0.299557686 -0.002868182 3.238425016 -0.002323315 -0.677804768 -0.002256176 0.735234797
1703784431791214848.000000 -0.319916725 -0.003079506 3.239921093 -0.003566781 -0.681600630 -0.002918705 0.731709957
1703784432207219712.000000 -0.340542793 -0.002648579 3.239693880 -0.003476930 -0.697888494 -0.002595779 0.716193259
1703784432579961600.000000 -0.358906746 -0.002152503 3.239155769 -0.002387019 -0.708716929 -0.002103867 0.705485761
1703784433000730112.000000 -0.379750729 -0.001912160 3.238687754 -0.002511770 -0.707671404 -0.002401436 0.706533253
1703784433789597952.000000 -0.418877125 -0.001840077 3.237631559 -0.003741514 -0.718559504 -0.003280329 0.695447683
1703784434163047680.000000 -0.437411547 -0.001499165 3.236668587 -0.002957959 -0.713201106 -0.004468815 0.700939000
1703784434540327424.000000 -0.455787182 -0.001355665 3.238004684 -0.003256093 -0.702666938 -0.004201575 0.711499035
1703784434918705408.000000 -0.474062681 -0.001285638 3.239061356 -0.000881895 -0.690631032 -0.003191188 0.723199725
1703784435373628416.000000 -0.496860504 -0.001297473 3.241279125 -0.000832907 -0.672318995 -0.003308689 0.740253687
1703784435785843968.000000 -0.517281055 -0.001440719 3.245105743 0.000091256 -0.654825509 -0.002424464 0.755776286
1703784436162327040.000000 -0.535841703 -0.001122215 3.248376846 -0.001161271 -0.653813183 -0.003115070 0.756648660
1703784436577383936.000000 -0.556006193 -0.000776732 3.250796795 -0.003326655 -0.661490321 -0.003172070 0.749939620
1703784437036401920.000000 -0.578269005 -0.000655388 3.251084328 -0.003029078 -0.680910468 -0.005072701 0.732342839
1703784437494896128.000000 -0.600568533 -0.000646617 3.253436565 -0.001904982 -0.672889829 -0.003102868 0.739733756
1703784437952537344.000000 -0.623380899 -0.000512077 3.256983042 -0.002100666 -0.657599747 -0.003226628 0.753357649
1703784438368616704.000000 -0.644092083 -0.000206251 3.258853912 -0.002631402 -0.669150651 -0.003760268 0.743112624
1703784438783453696.000000 -0.664243460 -0.000279074 3.260421276 -0.001230953 -0.669704556 -0.003167550 0.742619872
1703784439242662400.000000 -0.686159134 -0.000319031 3.263835192 -0.001557270 -0.656235933 -0.003378577 0.754546583
1703784439662810112.000000 -0.706172347 -0.000111328 3.267966270 -0.000998962 -0.639832139 -0.001717353 0.768512130
1703784440158388480.000000 -0.730183363 0.000286620 3.273033857 -0.000077753 -0.624714792 -0.002667446 0.780848384
1703784440617167872.000000 -0.751981854 0.000270221 3.279914141 -0.001569447 -0.610637307 -0.002988922 0.791903138
1703784441078886144.000000 -0.773183465 0.001302150 3.287247658 0.000054149 -0.595733523 -0.003234544 0.803175628
1703784441492898304.000000 -0.792753816 0.001338641 3.293963909 -0.001226376 -0.581458390 -0.004377615 0.813563526
1703784441918869760.000000 -0.812236011 0.001794511 3.301128387 -0.000815755 -0.565571189 -0.003297423 0.824692488
1703784442369630464.000000 -0.832704902 0.001713727 3.310133696 0.000284159 -0.549988031 -0.002680875 0.835168242
1703784442739196416.000000 -0.849057674 0.002146742 3.317651987 0.000249393 -0.546790123 -0.002157618 0.837266922
1703784443571642880.000000 -0.885125637 0.001180286 3.335230827 0.001312247 -0.529493272 -0.000743315 0.848312855
1703784443949470976.000000 -0.902040780 0.002098880 3.343401909 0.000421387 -0.532189786 -0.000642728 0.846624732
1703784444281206272.000000 -0.916893601 0.002390139 3.350146294 0.001018795 -0.536031604 -0.000753378 0.844196975
1703784444695228416.000000 -0.934871376 0.002163857 3.358496904 -0.001095400 -0.541331351 -0.001709560 0.840806901
1703784445028440064.000000 -0.949210644 0.002023177 3.366203308 -0.000632033 -0.524690926 -0.001688017 0.851290882
1703784445361512192.000000 -0.963329315 0.002317159 3.374868155 -0.000700507 -0.512496829 -0.001303387 0.858687878
1703784445694954752.000000 -0.977340817 0.002489713 3.383273125 -0.000772309 -0.499023110 -0.002288007 0.866585314
1703784446111917312.000000 -0.994884372 0.002545371 3.392119884 0.000010274 -0.511320114 -0.001874549 0.859388351
1703784446487306240.000000 -1.011130691 0.002524443 3.400787830 -0.001436738 -0.517417848 -0.001891310 0.855729580
1703784446860434688.000000 -1.026420474 0.002866470 3.410167694 -0.000395921 -0.510774612 -0.001997801 0.859712243
1703784447281284608.000000 -1.043867230 0.003102046 3.420868158 0.000514262 -0.497937590 -0.001058389 0.867212057
1703784447653308672.000000 -1.059323430 0.002963238 3.430659056 0.000200757 -0.484990895 -0.001835229 0.874517262
1703784448029822976.000000 -1.073548436 0.002722524 3.441777945 0.001189024 -0.464863211 0.000050644 0.885381699
1703784448403543808.000000 -1.087911963 0.002817042 3.452647209 0.001052022 -0.451458007 0.000245118 0.892291725
1703784448819214080.000000 -1.103081942 0.002577293 3.465533972 0.000733043 -0.432872951 0.000075789 0.901454628
1703784449566861824.000000 -1.128965735 0.002666153 3.491715670 0.002042341 -0.388992250 0.002172714 0.921236217
1703784449941694464.000000 -1.140679359 0.002741062 3.505939007 0.001417890 -0.354970008 0.000767217 0.934876323
1703784450940934912.000000 -1.165456533 0.002601943 3.547873497 0.001326380 -0.266590983 -0.000100670 0.963808835
1703784451249475840.000000 -1.171855450 0.003094817 3.560900211 0.000376479 -0.250642985 -0.000951983 0.968079031
1703784451522673920.000000 -1.177815080 0.003025502 3.573624611 0.002728396 -0.244037375 0.000005722 0.969762027
1703784451815537920.000000 -1.184349418 0.002599485 3.585911751 0.003836479 -0.236275330 -0.000240944 0.971678555
1703784452439124224.000000 -1.197539806 0.003288469 3.615503073 -0.003742396 -0.224133804 0.003059675 0.974546373
1703784452731083520.000000 -1.203099489 0.003638235 3.628936768 -0.006102892 -0.223057270 0.006535823 0.974764347
1703784453024891904.000000 -1.209131002 0.003280581 3.641282320 -0.007048859 -0.218721285 0.003670924 0.975755036
1703784453313257728.000000 -1.217059135 0.003833447 3.653589249 -0.004600684 -0.216177613 -0.003165993 0.976338089
1703784453605953792.000000 -1.224489450 0.003514200 3.664836884 -0.000225182 -0.221350908 -0.010757094 0.975134909
1703784456018207488.000000 -1.266425848 0.002758056 3.766724825 0.007875240 -0.160147801 -0.003281048 0.987056196
1703784456608050944.000000 -1.272462368 0.002500290 3.794219017 0.003420882 -0.130493358 -0.002923065 0.991438985
1703784457267477504.000000 -1.279582024 0.002588717 3.826049805 0.002207948 -0.096496895 -0.003730928 0.995323837
1703784457642664960.000000 -1.281705260 0.002078065 3.843882084 0.002325850 -0.078155644 -0.003394150 0.996932685
1703784457979631360.000000 -1.283400655 0.002284554 3.859467745 0.002762785 -0.059911933 -0.003687958 0.998193026
1703784458311636992.000000 -1.284458041 0.002235174 3.875437737 0.001280604 -0.043675464 -0.003945892 0.999037147
1703784458685479424.000000 -1.285019636 0.001834075 3.892867327 0.002926240 -0.030066084 -0.004234147 0.999534667
1703784460061397248.000000 -1.292652369 0.001621011 3.957981825 0.004299236 -0.066273794 -0.003911587 0.997784555
1703784460808556288.000000 -1.298186302 0.001251610 3.993700981 0.003394637 -0.071946859 -0.003129597 0.997397780
1703784461226896896.000000 -1.301262856 0.001038869 4.013667583 0.003112991 -0.067254268 -0.003564678 0.997724652
1703784461599340800.000000 -1.303765774 0.001383860 4.031971455 0.003389661 -0.068518966 -0.003386513 0.997638345
1703784462390453760.000000 -1.307881594 0.001382418 4.069391251 0.002561601 -0.051247459 -0.003791132 0.998675525
1703784462721816320.000000 -1.309152007 0.000956272 4.084921360 0.002597542 -0.046114050 -0.003419553 0.998926997
1703784463138048768.000000 -1.310578227 0.001028012 4.104737759 0.003835501 -0.036559451 -0.003716394 0.999317229
1703784463595997696.000000 -1.311532021 0.000770719 4.126456738 0.004353292 -0.025580971 -0.003183594 0.999658227
1703784464013711104.000000 -1.312010646 0.000691355 4.146676064 0.003950500 -0.018599708 -0.002393316 0.999816358
1703784464387882496.000000 -1.312619090 0.000811572 4.164800167 0.002384554 -0.011531566 -0.003550718 0.999924362
1703784465303869184.000000 -1.310127854 0.000309431 4.207864285 0.004773087 0.019374102 -0.003000408 0.999796450
1703784465802704128.000000 -1.308559775 0.000266026 4.232093811 0.004177134 0.029312227 -0.002768253 0.999557793
1703784466217778432.000000 -1.307031155 -0.000099800 4.251542568 0.005318039 0.031675652 -0.003109287 0.999479234
1703784466676037888.000000 -1.305906653 -0.000104455 4.273333073 0.004934637 0.025129445 -0.002731495 0.999668300
1703784467093885696.000000 -1.305563092 -0.000287905 4.293000221 0.005143619 0.013607731 -0.003283369 0.999888778
1703784467554348032.000000 -1.305669188 -0.000281383 4.315063477 0.004437514 0.004890428 -0.003655843 0.999971509
1703784468013339392.000000 -1.306400061 -0.000381841 4.335761547 0.003561039 -0.009364403 -0.003620424 0.999943256
1703784468425492736.000000 -1.307497978 -0.000506120 4.350550652 0.003963908 -0.016461128 -0.004381187 0.999847054
1703784468841784320.000000 -1.306582928 -0.000560913 4.370526791 0.002852720 0.005805715 -0.004394026 0.999969482
1703784469342440960.000000 -1.305183649 -0.000710808 4.394300461 0.002931313 0.025952585 -0.004744847 0.999647617
1703784469842635776.000000 -1.302456975 -0.000826331 4.417896748 0.003922665 0.048425168 -0.004542409 0.998808801
1703784470301055232.000000 -1.299002647 -0.000860264 4.439501762 0.004157994 0.068814710 -0.004600367 0.997610211
1703784470797583872.000000 -1.295097470 -0.000840786 4.463370800 0.003967007 0.075689957 -0.004882597 0.997111559
1703784471257873664.000000 -1.292347074 -0.000956709 4.484568119 0.004402134 0.064889610 -0.003459766 0.997876763
1703784471721031680.000000 -1.288871527 -0.000985307 4.506598473 0.004287087 0.077350438 -0.003995344 0.996986747
1703784472172590080.000000 -1.283642411 -0.002037209 4.527041435 0.005417658 0.096822999 -0.003140867 0.995281935
1703784472673470208.000000 -1.279030800 -0.002279199 4.550103664 0.007788349 0.086455159 -0.004205551 0.996216476
1703784473134749696.000000 -1.276940823 -0.002722460 4.571789742 0.006468176 0.069800921 -0.003571176 0.997533619
1703784473591540224.000000 -1.272792220 -0.002685321 4.592600346 0.006390365 0.089761913 -0.003704766 0.995935917
1703784474046324480.000000 -1.267879009 -0.003288350 4.613966465 0.005178044 0.104590386 -0.002875224 0.994497776
1703784474503979776.000000 -1.263390541 -0.003652020 4.635349751 0.005201731 0.098219641 -0.002925749 0.995146871
1703784475044247296.000000 -1.259952903 -0.004061692 4.659995079 0.003703258 0.075355560 -0.003115694 0.997144997
1703784475550315264.000000 -1.257762909 -0.004135768 4.683472157 0.004046538 0.052958280 -0.002913306 0.998584270
1703784475969639936.000000 -1.256437421 -0.004693605 4.702756882 0.003366044 0.034443840 -0.002571498 0.999397695
1703784476460100096.000000 -1.256013513 -0.004593372 4.726736069 0.002456992 0.016048670 -0.003013267 0.999863684
1703784476875698432.000000 -1.256448269 -0.004996578 4.745666981 0.002353993 0.001880216 -0.002362889 0.999992669
1703784477418733824.000000 -1.256746769 -0.004888478 4.770976543 0.002857118 -0.002905885 -0.002089830 0.999989510
1703784477917633792.000000 -1.256229162 -0.004983393 4.794480324 0.001183588 -0.000974660 -0.002940814 0.999994516
1703784478457300992.000000 -1.257484555 -0.006034524 4.819843769 0.001526628 -0.003831164 -0.002829618 0.999987543
1703784478916939264.000000 -1.257305384 -0.006085380 4.840915680 0.001202577 -0.003437194 -0.003065691 0.999988675
1703784479421299968.000000 -1.257258773 -0.005829771 4.864426613 0.002618206 -0.004814136 -0.003280201 0.999979615
1703784479916463104.000000 -1.258499622 -0.005573492 4.888481617 0.002004201 -0.020166883 -0.002860922 0.999790549
1703784480456654592.000000 -1.260254383 -0.005632826 4.913061619 0.002372446 -0.027498802 -0.003297419 0.999613583
1703784480955925760.000000 -1.260612369 -0.005974053 4.936901093 -0.000458619 -0.006669519 -0.002948742 0.999973357
1703784481498079232.000000 -1.260354161 -0.006383009 4.961620808 0.000558112 -0.001941825 -0.003160208 0.999992967
1703784481997149952.000000 -1.260756969 -0.006267849 4.984699726 0.002392761 -0.009003016 -0.003006841 0.999952078
1703784482539732224.000000 -1.261162519 -0.006518574 5.010608196 0.000832344 -0.007471503 -0.004187034 0.999962986
1703784483506773248.000000 -1.261350155 -0.006470546 5.055173397 0.001996592 -0.007629795 -0.002911815 0.999964654
1703784484457037056.000000 -1.260908484 -0.006161719 5.100626469 0.003307966 -0.004972841 -0.003217287 0.999976993
1703784484953228032.000000 -1.261294484 -0.006854833 5.123934746 0.003309511 -0.010436190 -0.001945600 0.999938190
1703784485454284800.000000 -1.261437774 -0.006853330 5.146603107 0.004291065 -0.007613328 -0.003210426 0.999956667
1703784485956947968.000000 -1.262364745 -0.006838551 5.170101643 0.000886005 -0.003542267 -0.002811437 0.999989390
1703784486368240896.000000 -1.261966109 -0.007082664 5.189237118 0.000379244 -0.001046530 -0.003149177 0.999994457
1703784486911152640.000000 -1.261797428 -0.007175593 5.215052128 -0.001741228 -0.003740586 -0.002856493 0.999987423
1703784487368217600.000000 -1.261612535 -0.007824243 5.235869408 -0.000355591 -0.003819451 -0.002754738 0.999988854
1703784487743228928.000000 -1.261597276 -0.007953641 5.252625465 0.001172493 -0.004297474 -0.002119550 0.999987841
1703784488200548096.000000 -1.261607528 -0.008317467 5.274155140 0.000142926 -0.006227577 -0.002511397 0.999977469
1703784488578035712.000000 -1.262464643 -0.008402996 5.291792870 0.002324346 -0.013202958 -0.002141603 0.999907851
1703784488952010752.000000 -1.262817025 -0.007931499 5.307204247 0.001794149 -0.014948576 -0.001960764 0.999884725
1703784489283808768.000000 -1.263442278 -0.007704214 5.312412739 0.000637615 -0.014589842 -0.001669445 0.999891996
1703784489655774720.000000 -1.263228297 -0.007783685 5.311933994 0.001056336 -0.014496797 -0.002104388 0.999892175
