1702688123750164736.000000 0.000000000 0.000000000 0.000000000 -0.000000000 -0.000000000 -0.000000000 1.000000000
1702688124121896448.000000 -0.000000897 0.000004607 0.000104810 -0.000234587 0.000497607 -0.000093375 0.999999881
1702688124163921408.000000 -0.000000288 0.000005150 0.000112518 -0.000041285 0.000559272 -0.000348405 0.999999821
1702688124833318912.000000 -0.000020417 0.000007161 0.000287503 -0.000388327 -0.000923826 -0.000457958 0.999999404
1702688124995704576.000000 -0.000021443 0.000008486 0.000332197 0.000089679 -0.000774780 -0.001340136 0.999998808
1702688125254037504.000000 -0.000028512 0.000003521 0.000394838 0.000082084 -0.001213648 -0.000082601 0.999999285
1702688126163733504.000000 -0.000021531 0.000002309 0.000642099 -0.000601261 -0.000588125 0.000357666 0.999999583
1702688126370384896.000000 -0.000021845 0.000002902 0.000698389 -0.000542464 -0.000158569 0.000113308 0.999999881
1702688126461143552.000000 -0.000021045 0.000002721 0.000720183 -0.001023403 -0.000051284 0.000883468 0.999999106
1702688126581273856.000000 -0.000013367 0.000001393 0.000758213 -0.001151563 -0.000430218 0.000452702 0.999999166
1702688126789506816.000000 -0.000011579 -0.000002628 0.000807736 -0.000005837 0.000550243 0.001077170 0.999999285
1702688126871085824.000000 -0.000011154 -0.000004431 0.000830564 0.000459328 0.000283608 0.000589797 0.999999702
1702688127368984832.000000 -0.000022970 -0.000007913 0.000957160 0.000632628 0.000378041 -0.000061436 0.999999762
1702688128120300800.000000 -0.000068069 -0.000010839 0.001145915 0.000058014 -0.001317551 -0.000766889 0.999998868
1702688128412237824.000000 -0.000070159 -0.000011309 0.001222410 0.001181332 -0.000413537 -0.000886579 0.999998808
1702688128702517504.000000 -0.000104654 -0.000011140 0.001294861 0.000390749 -0.001374301 -0.000751220 0.999998689
1702688128871412224.000000 -0.000121336 -0.000010628 0.001330438 0.000275093 -0.000556646 -0.000131744 0.999999821
1702688129040646144.000000 -0.000121008 -0.000012063 0.001341278 -0.000172880 -0.000551172 -0.000065795 0.999999821
1702688129535256320.000000 -0.000099702 -0.000012931 0.001408381 0.001977534 -0.000251307 -0.000612909 0.999997854
1702688129701104384.000000 -0.000105646 -0.000012625 0.001432434 0.001210153 -0.000481332 0.000015956 0.999999166
1702688129868022784.000000 -0.000109933 -0.000014704 0.001456913 0.000805235 -0.001838060 0.000137793 0.999997973
1702688129995001600.000000 -0.000110911 -0.000013891 0.001476081 0.000027388 -0.001941080 0.000250200 0.999998093
1702688130158436864.000000 -0.000113833 -0.000010979 0.001500614 0.000114963 -0.002731046 -0.000042716 0.999996305
1702688130329644544.000000 -0.000109813 -0.000009368 0.001524639 -0.000565631 -0.002071834 0.000527287 0.999997556
1702688130536747776.000000 -0.000102912 -0.000006797 0.001555831 -0.000576691 -0.000974064 0.000680605 0.999999166
1702688130748235264.000000 -0.000099623 -0.000006411 0.001586047 -0.001641407 -0.000739272 0.000714551 0.999998152
1702688130952782336.000000 -0.000095549 -0.000004802 0.001618154 -0.002245023 -0.000093405 0.001220529 0.999996722
1702688131368738304.000000 -0.000070889 -0.000005153 0.001678592 -0.000414757 0.000218489 0.001331032 0.999998987
1702688131533563648.000000 -0.000063167 -0.000005145 0.001700533 -0.000330874 -0.000157916 0.000849920 0.999999583
1702688131951496960.000000 -0.000038736 -0.000004242 0.001761314 -0.000226774 -0.000539299 0.000024800 0.999999821
1702688132376459008.000000 -0.000031433 -0.000005492 0.001821631 -0.000006413 -0.000052788 -0.000216835 1.000000000
1702688132615769600.000000 -0.000031865 -0.000006075 0.001859136 -0.000614117 0.000115042 0.000037738 0.999999821
1702688133116139008.000000 -0.000030203 -0.000002883 0.001930669 -0.000114503 0.000084337 0.000690641 0.999999762
1702688133366644736.000000 -0.000034021 -0.000001771 0.001966169 -0.000114346 -0.000598477 -0.000047597 0.999999821
1702688133615091968.000000 -0.000037692 -0.000000810 0.001999430 -0.000730248 -0.001309733 -0.000700332 0.999998629
1702688133868902400.000000 -0.000035612 0.000000075 0.002034537 -0.001125550 -0.001301349 -0.000411399 0.999998450
1702688134406528256.000000 -0.000031885 -0.000000960 0.002106251 -0.000075156 0.000097948 -0.000004056 1.000000000
1702688134662463232.000000 -0.000032845 0.000000557 0.002141479 -0.000711383 -0.000838989 0.000261291 0.999999344
1702688134989355264.000000 -0.000033420 -0.000000011 0.002186670 -0.001267560 -0.000394817 -0.000071139 0.999999106
1702688135245584896.000000 -0.000029306 -0.000000347 0.002218480 -0.000501416 -0.000143889 0.000151851 0.999999881
1702688135822632448.000000 -0.000036132 -0.000000920 0.002297223 -0.001046563 -0.000212568 0.000440411 0.999999344
1702688136071882496.000000 -0.000033114 0.000001005 0.002330485 -0.000831587 -0.000130413 -0.000053802 0.999999642
1702688136363383808.000000 -0.000028606 0.000001738 0.002369540 -0.000429413 0.000733901 0.000264706 0.999999642
1702688136656612096.000000 -0.000034929 -0.000000473 0.002408596 -0.000261634 0.000208307 -0.000081179 0.999999940
1702688137278528256.000000 -0.000040495 -0.000003081 0.002487976 0.000154378 -0.001007150 -0.000261504 0.999999464
1702688137570986752.000000 -0.000041013 -0.000002082 0.002529575 -0.000595902 -0.001362168 0.000231741 0.999998868
1702688137860946944.000000 -0.000038473 -0.000002551 0.002564858 -0.000784497 -0.001543511 0.000171078 0.999998510
1702688138151272704.000000 -0.000039980 -0.000003311 0.002604758 -0.000776271 -0.001777419 0.000394437 0.999998033
1702688138488211200.000000 -0.000047614 -0.000003312 0.002649468 -0.001287537 -0.002036410 0.000700220 0.999996841
1702688138820494848.000000 -0.000042541 -0.000003581 0.002691684 -0.000540711 -0.001951139 0.000636036 0.999997735
1702688139069547776.000000 -0.000004147 -0.000005037 0.002716434 -0.000219567 0.000122480 0.000403748 0.999999881
1702688140192284672.000000 0.000191300 -0.000014903 0.002833845 -0.000949439 -0.001562665 0.000251451 0.999998331
1702688141401331456.000000 0.000302501 -0.000011345 0.002977917 -0.000854953 -0.000013894 0.000199483 0.999999642
1702688141732711936.000000 0.000297622 -0.000010103 0.003009071 -0.000661917 -0.000313960 0.000138766 0.999999702
1702688142233132800.000000 0.000272939 -0.000010273 0.003059203 -0.000594263 -0.000956276 0.000320179 0.999999344
1702688142903072000.000000 0.000273022 -0.000009130 0.003127298 -0.000268866 -0.000681881 -0.000153159 0.999999702
1702688143480470272.000000 0.000262244 -0.000008851 0.003184961 -0.000216641 -0.001608376 -0.000158904 0.999998689
1702688144022531072.000000 0.000260984 -0.000008935 0.003238171 -0.000451448 -0.001760448 0.000398206 0.999998271
1702688144314835200.000000 0.000260505 -0.000013588 0.003267393 0.000413995 -0.001767349 -0.000120852 0.999998391
1702688144564672512.000000 0.000261601 -0.000011641 0.003293973 -0.000070325 -0.001962671 -0.000053165 0.999998093
1702688144856612096.000000 0.000269741 -0.000010478 0.003324730 0.000602970 -0.001130916 -0.000231693 0.999999166
1702688145229413632.000000 0.000279045 -0.000010487 0.003363785 0.000212098 -0.000306511 -0.000822213 0.999999583
1702688145522630400.000000 0.000275116 -0.000009349 0.003393413 0.000256332 0.000604083 -0.000528357 0.999999642
1702688146105668096.000000 0.000243365 -0.000012145 0.003445247 -0.000364416 -0.002951266 0.000578511 0.999995410
1702688146603670272.000000 0.000266544 -0.000010160 0.003500220 0.000936723 -0.033974383 -0.000646179 0.999422073
1702688146728772352.000000 0.000253598 -0.000008479 0.003510072 0.001438042 -0.035053026 -0.000684126 0.999384224
1702688146854692096.000000 0.000241700 -0.000006916 0.003524647 0.000734786 -0.035129141 -0.000264084 0.999382496
1702688146978892800.000000 0.000231519 -0.000006387 0.003535531 0.000385828 -0.035198104 0.000458569 0.999380231
1702688147147460096.000000 0.000252911 -0.000008072 0.003547552 0.000833522 -0.035564560 -0.000172844 0.999367058
1702688147563136512.000000 0.000272495 -0.000011646 0.003587493 0.000904330 -0.034863722 -0.000007544 0.999391675
1702688148105138688.000000 0.000268813 -0.000009831 0.003635346 0.000558924 -0.034650855 0.000019778 0.999399364
1702688148271825664.000000 0.000270855 -0.000011403 0.003650146 0.000538242 -0.034559958 -0.000238908 0.999402463
1702688148435798528.000000 0.000269996 -0.000010630 0.003663555 0.001080056 -0.034597397 -0.000352503 0.999400675
1702688148768627712.000000 0.000268105 -0.000011253 0.003690729 0.001112939 -0.035646901 -0.000302207 0.999363780
1702688150226515200.000000 0.000268982 -0.000015172 0.003820671 0.001245070 -0.035393957 0.000700807 0.999372423
1702688150599923968.000000 0.000275378 -0.000015074 0.003856325 0.001685730 -0.035254762 0.000321366 0.999376893
1702688151101100544.000000 0.000275493 -0.000016454 0.003900543 0.000948859 -0.035404317 0.000415571 0.999372542
1702688151518649088.000000 0.000275419 -0.000016455 0.003937977 -0.000608667 -0.034066435 0.000417888 0.999419332
1702688151723624704.000000 0.000273846 -0.000016049 0.003956789 -0.001177611 -0.034215651 0.000613024 0.999413610
1702688151933344256.000000 0.000273807 -0.000015467 0.003974661 -0.000110020 -0.033016477 0.000247049 0.999454796
1702688152141554944.000000 0.000273035 -0.000017096 0.003993056 0.000026335 -0.032792974 0.001117690 0.999461532
1702688152766226944.000000 0.000268688 -0.000016412 0.004047941 -0.001023936 -0.018999510 0.000630516 0.999818802
1702688152974827008.000000 0.000271415 -0.000016925 0.004067646 -0.001762300 -0.014489698 0.001386830 0.999892533
1702688153181485056.000000 0.000270675 -0.000016500 0.004085339 -0.001096644 -0.007150773 0.000937447 0.999973416
1702688153389835008.000000 0.000271655 -0.000016343 0.004103447 0.000193352 -0.001248298 0.000288139 0.999999166
1702688153649232640.000000 0.000271185 -0.000016831 0.004123567 0.000011324 0.000644316 0.000176730 0.999999762
1702688154181142272.000000 0.000270251 -0.000016406 0.004170703 0.001231390 -0.001218083 -0.000677894 0.999998271
1702688154473976832.000000 0.000268835 -0.000015732 0.004195041 0.002484644 -0.005341366 -0.001962361 0.999980748
1702688154722091776.000000 0.000268048 -0.000015852 0.004216573 0.003128786 -0.013176491 -0.001253012 0.999907494
1702688154929962496.000000 0.000266650 -0.000016188 0.004234982 0.001816645 -0.020841923 -0.000497373 0.999781013
1702688155179938560.000000 0.000267486 -0.000017417 0.004256363 0.001125065 -0.028009944 0.000812149 0.999606669
1702688155473034752.000000 0.000263934 -0.000016671 0.004281868 -0.000180691 -0.035559904 -0.000926121 0.999367118
1702688155762986752.000000 0.000259305 -0.000014691 0.004305956 0.000310795 -0.045900922 -0.003617131 0.998939395
1702688156013141760.000000 0.000257921 -0.000016393 0.004324799 -0.001605309 -0.057992417 -0.000006832 0.998315752
1702688156224392192.000000 0.000254002 -0.000016363 0.004337598 -0.001396087 -0.063417189 0.000028304 0.997986138
1702688156472136704.000000 0.000251237 -0.000017704 0.004361685 -0.001404176 -0.077822924 0.000438215 0.996966124
1702688156678430208.000000 0.000247435 -0.000017251 0.004379516 -0.000997880 -0.089452043 0.001194123 0.995989919
1702688156888076544.000000 0.000243588 -0.000017917 0.004399066 -0.001728547 -0.100376569 0.001577931 0.994946778
1702688157137738240.000000 0.000238300 -0.000018547 0.004418084 -0.002041795 -0.109641954 0.002085138 0.993966877
1702688157636494336.000000 0.000223450 -0.000015840 0.004461269 -0.003840057 -0.133365080 0.000208132 0.991059542
1702688157886051328.000000 0.000218991 -0.000016742 0.004481553 -0.004043881 -0.139728248 -0.000621886 0.990181446
1702688158177074432.000000 0.000210243 -0.000016409 0.004505976 -0.004176474 -0.139199913 -0.001612901 0.990254164
1702688158384329728.000000 0.000205664 -0.000016887 0.004522615 -0.003434857 -0.138800874 -0.000703676 0.990314126
1702688158933698816.000000 0.000193821 -0.000015315 0.004567334 -0.002934959 -0.126656696 -0.000077484 0.991942286
1702688159220160768.000000 0.000187654 -0.000015355 0.004590933 -0.001693138 -0.134204522 -0.000212530 0.990952194
1702688160224186880.000000 0.000161996 -0.000014827 0.004672211 -0.004097587 -0.146172270 0.000129884 0.989250660
1702688160552303360.000000 0.000153890 -0.000013989 0.004698468 -0.003255530 -0.135659069 -0.000579946 0.990750074
1702688160841707264.000000 0.000150093 -0.000014101 0.004724897 -0.003959876 -0.124227509 -0.000375777 0.992245793
1702688161381210112.000000 0.000139074 -0.000014209 0.004768551 -0.002832122 -0.113151081 -0.000432239 0.993573666
1702688161923547392.000000 0.000128593 -0.000014378 0.004813712 -0.001750446 -0.114118561 -0.000162410 0.993465602
1702688162219628032.000000 0.000124234 -0.000014926 0.004837803 -0.001866546 -0.111248396 0.000834425 0.993790567
1702688163676574720.000000 0.000099885 -0.000014157 0.004960081 -0.002610189 -0.089169949 -0.000025692 0.996013045
1702688164003531264.000000 0.000095263 -0.000013842 0.004988400 -0.002369892 -0.084681585 0.000108660 0.996405244
1702688164338948608.000000 0.000092307 -0.000014098 0.005016994 -0.000225578 -0.077405043 0.000500872 0.996999621
1702688164671104000.000000 0.000086809 -0.000012513 0.005043813 -0.001600281 -0.082231052 0.000373927 0.996611953
1702688165046766336.000000 0.000081660 -0.000012515 0.005076667 -0.002390345 -0.082487218 0.000032355 0.996589243
1702688165257032448.000000 0.000079496 -0.000012571 0.005093500 -0.001961753 -0.082014546 0.000541399 0.996629059
1702688165504096512.000000 0.000076372 -0.000011951 0.005114320 -0.002057713 -0.081294827 0.000460003 0.996687889
1702688165711337728.000000 0.000071217 -0.000011765 0.005130910 -0.001250787 -0.083632879 0.000171378 0.996495843
1702688166467159040.000000 0.000061642 -0.000012508 0.005192265 -0.001703958 -0.073920108 -0.000845823 0.997262359
1702688166712779520.000000 0.000054373 -0.000012178 0.005214307 -0.000950703 -0.079952061 -0.002094019 0.996796072
1702688167377028096.000000 0.000045728 -0.000012941 0.005270649 -0.002636669 -0.056814633 0.000034736 0.998381257
1702688170168688896.000000 0.000162223 -0.000015438 0.005545262 -0.001265539 -0.038960472 0.000232756 0.999239922
1702688171083565056.000000 0.000254288 -0.000018213 0.005649847 -0.002130858 -0.039154898 0.000527007 0.999230742
1702688171455841536.000000 0.000266145 -0.000018102 0.005691988 -0.001747461 -0.039290261 0.000202966 0.999226332
1702688173206668544.000000 0.000113460 -0.000010990 0.005776788 -0.001823184 -0.039699171 0.000286256 0.999210000
1702688174294407680.000000 -0.000126644 -0.000014436 0.005805653 -0.002042397 -0.039452858 0.000439393 0.999219298
1702688174661454336.000000 -0.000204258 -0.000015642 0.005832715 -0.002367078 -0.038823903 0.000558599 0.999243140
1702688175001372160.000000 -0.000263289 -0.000015658 0.005854888 -0.002197183 -0.038809538 0.000182335 0.999244213
1702688175331788032.000000 -0.000321375 -0.000011692 0.005892407 -0.002041726 -0.039279256 -0.000520899 0.999226093
1702688175620459776.000000 -0.000347847 -0.000014594 0.005905083 -0.003013310 -0.039171029 0.000387233 0.999227941
1702688176244094464.000000 -0.000400814 -0.000010314 0.005934795 -0.002655030 -0.039593332 -0.000451287 0.999212265
1702688176501611264.000000 -0.000419473 -0.000009329 0.005944856 -0.001979912 -0.039649419 0.000170495 0.999211729
1702688176743055616.000000 -0.000441726 -0.000011576 0.005952289 -0.002545516 -0.039366800 0.000110581 0.999221623
1702688176993295616.000000 -0.000459576 -0.000010813 0.005961152 -0.002483348 -0.039484899 -0.000140655 0.999217093
1702688177284803328.000000 -0.000461551 -0.000010616 0.005975720 -0.002158296 -0.039582886 -0.000002375 0.999213994
1702688177534214656.000000 -0.000467292 -0.000009851 0.005986273 -0.002505136 -0.039247613 -0.000136871 0.999226391
1702688177995921408.000000 -0.000481763 -0.000011991 0.006009736 -0.002310860 -0.039823364 -0.000312763 0.999204040
1702688178992055040.000000 -0.000544368 -0.000011689 0.006048009 -0.002343298 -0.039358184 -0.000514116 0.999222279
1702688179536723968.000000 -0.000580838 -0.000010352 0.006070345 -0.002276189 -0.039004672 -0.000415726 0.999236345
1702688179826010112.000000 -0.000598977 -0.000010934 0.006081272 -0.002530420 -0.039191142 -0.000652512 0.999228299
1702688180368482304.000000 -0.000632215 -0.000013056 0.006101194 -0.003116160 -0.039197076 -0.000236056 0.999226630
1702688180699377920.000000 -0.000653677 -0.000011666 0.006114508 -0.003080504 -0.038854040 -0.000165307 0.999240160
1702688180990787072.000000 -0.000674905 -0.000009707 0.006130794 -0.002536314 -0.039445385 -0.000384647 0.999218464
1702688181574390528.000000 -0.000712178 -0.000013760 0.006156839 -0.002720542 -0.039151762 -0.000101558 0.999229610
1702688181864032256.000000 -0.000731616 -0.000008846 0.006173500 -0.002456829 -0.038957603 0.000130540 0.999237835
1702688182449779200.000000 -0.000768609 -0.000008002 0.006212106 -0.002360847 -0.039193500 -0.000496941 0.999228716
1702688182698923520.000000 -0.000786534 -0.000006763 0.006228966 -0.002197240 -0.039612405 -0.000301354 0.999212682
1702688182988112384.000000 -0.000806188 -0.000007638 0.006248016 -0.002812200 -0.039149929 -0.000094033 0.999229372
1702688183239787008.000000 -0.000823147 -0.000009370 0.006262816 -0.002857836 -0.038661245 -0.000134980 0.999248326
1702688183613313792.000000 -0.000853050 -0.000011009 0.006286550 -0.002231919 -0.038703009 -0.000173623 0.999248266
1702688183905099264.000000 -0.000868198 -0.000010209 0.006283710 -0.003231853 -0.038554274 0.000104338 0.999251306
1702688184197786112.000000 -0.000884638 -0.000010440 0.006284820 -0.002579593 -0.038467642 -0.000283665 0.999256492
1702688184576878336.000000 -0.000907170 -0.000010334 0.006285480 -0.003612789 -0.038638093 0.000339803 0.999246657
1702688184822968832.000000 -0.000925231 -0.000009860 0.006287969 -0.003239315 -0.038231511 0.000177013 0.999263644
1702688185073422592.000000 -0.000941447 -0.000010225 0.006291948 -0.002656042 -0.038544878 0.000020626 0.999253392
1702688185745023488.000000 -0.000985330 -0.000008845 0.006311775 -0.002863509 -0.038687080 -0.000294467 0.999247253
1702688186109722624.000000 -0.001005578 -0.000008536 0.006325175 -0.003171938 -0.038652938 0.000069825 0.999247670
1702688187162397440.000000 -0.001030530 -0.000008682 0.006351363 -0.003249967 -0.038494453 0.000105531 0.999253571
1702688187568922880.000000 -0.001031945 -0.000008357 0.006365010 -0.002900460 -0.038335714 -0.000327108 0.999260664
1702688187903101440.000000 -0.001035936 -0.000008385 0.006376073 -0.002941657 -0.039615016 -0.000395147 0.999210656
1702688188191397632.000000 -0.001036432 -0.000007801 0.006385410 -0.002414610 -0.039280806 -0.000321584 0.999225259
1702688188608985600.000000 -0.001032873 -0.000008403 0.006400472 -0.002565632 -0.038140085 -0.000441167 0.999269009
1702688189024328192.000000 -0.001034856 -0.000008147 0.006413607 -0.002055436 -0.038734056 -0.000223472 0.999247432
1702688189483044096.000000 -0.001052509 -0.000008248 0.006421031 -0.002793112 -0.039347135 -0.000366815 0.999221683
1702688190236847360.000000 -0.001065223 -0.000007789 0.006441073 -0.003161393 -0.038767520 -0.000423133 0.999243140
1702688190607600896.000000 -0.001065962 -0.000007823 0.006452095 -0.002722895 -0.039062321 -0.000445076 0.999232948
1702688190982280704.000000 -0.001062633 -0.000007809 0.006463920 -0.002648240 -0.038599778 -0.000258702 0.999251246
1702688191358403328.000000 -0.001072689 -0.000008392 0.006472870 -0.002726288 -0.039291512 -0.000434475 0.999224007
1702688192026117888.000000 -0.001062342 -0.000009204 0.006494619 -0.002984257 -0.038959067 0.000036323 0.999236345
1702688192355956736.000000 -0.001056336 -0.000008344 0.006505347 -0.002999331 -0.038525004 0.000101242 0.999253154
1702688192729799936.000000 -0.001047937 -0.000007891 0.006518458 -0.003678293 -0.038092084 -0.000573168 0.999267280
1702688193107144960.000000 -0.001052763 -0.000007376 0.006527738 -0.004093600 -0.038703147 0.000440825 0.999242306
1702688193439184384.000000 -0.001056067 -0.000007454 0.006536060 -0.002896450 -0.038995668 -0.000525777 0.999235094
1702688193811842560.000000 -0.001049410 -0.000007938 0.006547458 -0.002534613 -0.038905203 -0.000781616 0.999239385
1702688194188029696.000000 -0.001046494 -0.000007711 0.006558293 -0.003751104 -0.038714524 -0.000366096 0.999243200
1702688194936551936.000000 -0.001047215 -0.000007493 0.006577941 -0.003675514 -0.038345844 0.000054332 0.999257803
1702688195310521856.000000 -0.001045726 -0.000007464 0.006587281 -0.002297958 -0.038445108 0.000450691 0.999257982
1702688195606745344.000000 -0.001040094 -0.000007547 0.006592304 -0.002747820 -0.038567871 -0.000149902 0.999252200
1702688195937274624.000000 -0.001040100 -0.000007166 0.006597435 -0.003064842 -0.038735155 -0.000446518 0.999244690
1702688196517664256.000000 -0.001031903 -0.000007378 0.006607951 -0.002736164 -0.039341647 -0.000408335 0.999222040
1702688196895312128.000000 -0.001025675 -0.000008009 0.006615638 -0.003414276 -0.038833097 -0.000239323 0.999239862
1702688197352413696.000000 -0.001019365 -0.000006652 0.006625792 -0.002841066 -0.038668215 0.000160931 0.999248087
1702688197560470784.000000 -0.001014666 -0.000006924 0.006629116 -0.002330216 -0.038990092 0.000116272 0.999236882
1702688197808630528.000000 -0.001010234 -0.000007229 0.006634559 -0.003139033 -0.039004970 -0.000241362 0.999234080
1702688198068964352.000000 -0.001005903 -0.000007680 0.006639507 -0.003482037 -0.038284879 -0.000096230 0.999260783
1702688198267511296.000000 -0.001002340 -0.000006847 0.006643600 -0.002905032 -0.038745519 -0.000019475 0.999244869
1702688198486484480.000000 -0.000998895 -0.000006253 0.006647730 -0.002723210 -0.038638733 -0.000109169 0.999249518
1702688198809097216.000000 -0.000993411 -0.000007293 0.006653540 -0.002632717 -0.038909491 -0.000619588 0.999239087
1702688199435713792.000000 -0.000989032 -0.000008058 0.006665005 -0.002860212 -0.039134137 0.000092896 0.999229908
1702688199768131328.000000 -0.000986660 -0.000008437 0.006668152 -0.002737840 -0.038689364 -0.000373252 0.999247491
1702688200227043072.000000 -0.000988346 -0.000008696 0.006674149 -0.003166781 -0.038614716 -0.000430479 0.999249101
1702688200598961920.000000 -0.000989367 -0.000008389 0.006678446 -0.002840627 -0.038676254 -0.000408100 0.999247730
1702688201226444288.000000 -0.000997126 -0.000008581 0.006684489 -0.003545748 -0.038986508 0.000474074 0.999233365
1702688201888040960.000000 -0.000998559 -0.000007825 0.006692090 -0.002820447 -0.038969956 -0.000539285 0.999236286
1702688202433810944.000000 -0.001001725 -0.000007621 0.006698164 -0.002880732 -0.039237410 -0.000273244 0.999225736
1702688202888219392.000000 -0.001001058 -0.000007805 0.006702701 -0.002610197 -0.039129283 -0.000466245 0.999230623
1702688203348047872.000000 -0.000998201 -0.000007785 0.006707652 -0.003175055 -0.038811680 -0.000344375 0.999241471
1702688204718520320.000000 -0.000978956 -0.000008018 0.006715266 -0.002693614 -0.039291624 0.000000438 0.999224186
1702688205885358848.000000 -0.000961055 -0.000007606 0.006719493 -0.003202307 -0.039434623 -0.000114602 0.999217033
1702688206716457728.000000 -0.000944995 -0.000007776 0.006725299 -0.002960412 -0.039073240 -0.000743543 0.999231696
1702688207842466816.000000 -0.000926291 -0.000007799 0.006735058 -0.002919584 -0.039170977 -0.000769019 0.999228001
1702688208425848320.000000 -0.000921729 -0.000007982 0.006736917 -0.003119514 -0.038993236 -0.000216766 0.999234617
1702688208924850432.000000 -0.000920130 -0.000007728 0.006738808 -0.003046364 -0.039150592 -0.000303699 0.999228656
1702688210380928256.000000 -0.000928758 -0.000007939 0.006743966 -0.002898432 -0.038645018 -0.000236661 0.999248803
1702688210880575232.000000 -0.000931846 -0.000009846 0.006745477 -0.002818532 -0.038797557 0.000068169 0.999243140
1702688211796598016.000000 -0.000923113 -0.000008906 0.006744771 -0.002392705 -0.039364338 -0.000522855 0.999221921
1702688212175014656.000000 -0.000920856 -0.000009026 0.006744713 -0.002149383 -0.039687600 -0.000747981 0.999209583
1702688213340885248.000000 -0.000912710 -0.000007782 0.006747299 -0.002433717 -0.039090332 -0.000601450 0.999232590
1702688213593683968.000000 -0.000910890 -0.000007955 0.006747704 -0.002648560 -0.039187871 -0.000282510 0.999228299
1702688218917674752.000000 -0.000908122 -0.000008224 0.006777406 -0.001974294 -0.039053310 -0.000592935 0.999235034
1702688219332490240.000000 -0.000908426 -0.000008194 0.006779534 -0.001408278 -0.039323095 -0.000683815 0.999225318
1702688219665863424.000000 -0.000907775 -0.000008190 0.006780443 -0.001646551 -0.039642967 -0.000443047 0.999212503
1702688220205154816.000000 -0.000907061 -0.000008369 0.006780054 -0.001707977 -0.039525971 -0.000630274 0.999216914
1702688220502336768.000000 -0.000906597 -0.000008214 0.006779771 -0.002023123 -0.039591249 -0.000830575 0.999213576
1702688221123785216.000000 -0.000904614 -0.000008235 0.006778742 -0.001539241 -0.039850008 -0.000827164 0.999204159
1702688223455141888.000000 -0.000900045 -0.000007661 0.006777163 -0.000867863 -0.039947618 -0.000799109 0.999201119
1702688223660254976.000000 -0.000900241 -0.000007744 0.006776896 -0.001586501 -0.040373810 -0.000865410 0.999182999
1702688223954461440.000000 -0.000900977 -0.000007819 0.006777967 -0.002136084 -0.040166076 -0.000739850 0.999190450
1702688224246341632.000000 -0.000901586 -0.000007712 0.006777922 -0.002386893 -0.039876454 -0.000319628 0.999201715
1702688228451203584.000000 -0.000901827 -0.000007985 0.006778776 -0.002370570 -0.039595589 -0.000450035 0.999212921
1702688236152121344.000000 -0.000959076 -0.000007842 0.006729328 -0.003371380 -0.039190337 -0.000161365 0.999226093
1702688236818078976.000000 -0.000953891 -0.000007998 0.006736870 -0.003023572 -0.039163947 -0.000116106 0.999228239
1702688240024145152.000000 -0.000946531 -0.000006153 0.006761239 -0.002788079 -0.038963396 -0.000403606 0.999236703
1702688240775227904.000000 -0.000947152 -0.000006307 0.006761264 -0.002772969 -0.039204590 -0.000461002 0.999227226
1702688242435628288.000000 -0.000948891 -0.000007077 0.006763756 -0.002751801 -0.038798455 -0.000390905 0.999243200
1702688242896991488.000000 -0.000949379 -0.000007292 0.006766564 -0.002841468 -0.038691085 -0.000516055 0.999247074
1702688243645176576.000000 -0.000948513 -0.000007709 0.006767905 -0.003134458 -0.039043151 -0.000423210 0.999232531
1702688244518911232.000000 -0.000945941 -0.000000801 0.006754817 -0.002204225 -0.039196800 -0.000411474 0.999229014
1702688245272855296.000000 -0.000947870 -0.000003588 0.006764493 -0.002412618 -0.038581416 0.000411031 0.999252498
1702688245938695168.000000 -0.000948688 -0.000002304 0.006774607 -0.001733629 -0.038775019 -0.000068027 0.999246478
