1.703784360022506237e+09 0.000000000000000000e+00 0.000000000000000000e+00 0.000000000000000000e+00 -0.000000000000000000e+00 -0.000000000000000000e+00 -0.000000000000000000e+00 1.000000000000000000e+00
1.703784360186384916e+09 -7.503899999999999763e-05 -1.150029999999999965e-04 1.470836699999999997e-02 1.957159999999999944e-04 -1.992680000000000037e-04 -4.097269999999999753e-04 9.999998810000000349e-01
1.703784360228603601e+09 -2.848379999999999857e-04 2.536199999999999875e-05 1.797924899999999923e-02 7.853530000000000276e-04 -5.875350000000000321e-04 -6.482760000000000388e-04 9.999993440000000122e-01
1.703784360312968016e+09 -4.355009999999999762e-04 -1.531249999999999951e-04 2.466996000000000119e-02 9.943650000000000926e-04 -1.388342999999999999e-03 -7.265120000000000128e-04 9.999983310000000181e-01
1.703784360393128157e+09 -8.682590000000000230e-04 -9.841499999999999879e-05 3.169564500000000146e-02 1.591053000000000042e-03 -1.479056000000000077e-03 -8.054339999999999460e-04 9.999973180000000239e-01
1.703784360520680428e+09 -9.694410000000000310e-04 -1.914299999999999951e-05 4.200505799999999790e-02 1.363939999999999901e-03 -1.667229000000000107e-03 -1.342567999999999930e-03 9.999967810000000012e-01
1.703784360686978579e+09 -1.332410999999999925e-03 -1.002749999999999979e-04 5.603309299999999910e-02 1.222491999999999936e-03 -1.548488999999999899e-03 -1.876346999999999998e-03 9.999963050000000298e-01
1.703784360850561142e+09 -1.197963999999999930e-03 -6.058700000000000115e-05 6.991339500000000318e-02 1.447991000000000035e-03 -2.077469000000000190e-03 -1.456751000000000053e-03 9.999957680000000071e-01
1.703784361018845081e+09 -1.593839000000000106e-03 -2.799429999999999996e-04 8.324345900000000575e-02 1.783883999999999904e-03 -2.002775999999999949e-03 -1.265753000000000104e-03 9.999956490000000420e-01
1.703784363146023750e+09 -3.928805999999999965e-03 -7.355439999999999765e-04 2.614732980000000206e-01 1.387011000000000060e-03 -8.359075000000000533e-03 2.664270000000000158e-04 9.999641179999999574e-01
1.703784363312843084e+09 -4.836827000000000140e-03 -1.030548000000000054e-03 2.754378319999999936e-01 1.607038999999999994e-03 -8.219221000000000513e-03 -6.332099999999999903e-05 9.999649520000000180e-01
1.703784363485483170e+09 -4.683518000000000230e-03 -9.397449999999999684e-04 2.890203299999999920e-01 1.392931999999999938e-03 -8.377241000000000548e-03 -2.245670000000000066e-04 9.999639390000000239e-01
1.703784363891480684e+09 -4.764135000000000071e-03 -9.725310000000000031e-04 3.242461680000000013e-01 1.570234999999999903e-03 -8.887934000000000112e-03 -3.971059999999999889e-04 9.999592299999999767e-01
1.703784364435055971e+09 -7.286054999999999615e-03 -1.221882000000000090e-03 3.689448539999999888e-01 2.530768999999999987e-03 -7.822572999999999332e-03 -1.180974999999999907e-03 9.999654890000000407e-01
1.703784364639459133e+09 -6.563328000000000217e-03 -1.507609000000000032e-03 3.862923679999999971e-01 2.487683000000000082e-03 -1.009023499999999948e-02 -4.986780000000000119e-04 9.999458789999999819e-01
1.703784364859025240e+09 -6.797746999999999817e-03 -1.625074999999999914e-03 4.037124810000000119e-01 3.282106999999999820e-03 -1.188476200000000010e-02 5.831499999999999987e-05 9.999240040000000329e-01
1.703784365059247255e+09 -7.544091999999999638e-03 -1.312898999999999967e-03 4.215618369999999948e-01 2.557202000000000173e-03 -1.483470500000000011e-02 -4.342470000000000184e-04 9.998866320000000529e-01
1.703784365764976501e+09 -8.796342999999999870e-03 -9.783389999999999448e-04 4.810117780000000010e-01 1.409801000000000023e-03 -1.656378099999999964e-02 1.539310000000000006e-04 9.998618360000000038e-01
1.703784366014055729e+09 -1.061338400000000001e-02 -8.751950000000000528e-04 5.022880429999999619e-01 2.890030000000000246e-04 -1.846714699999999973e-02 1.624119999999999893e-04 9.998294119999999729e-01
1.703784366431479692e+09 -1.217300399999999942e-02 -9.351350000000000244e-04 5.368934869999999471e-01 -7.676700000000000548e-05 -2.015273999999999885e-02 -2.492649999999999792e-04 9.997968670000000335e-01
1.703784366681647062e+09 -1.320308799999999998e-02 -6.976499999999999629e-04 5.581317540000000355e-01 1.265179999999999972e-04 -2.003051200000000032e-02 -2.531979999999999973e-04 9.997993710000000478e-01
1.703784367725350380e+09 -1.793677000000000119e-02 -7.736590000000000003e-04 6.440887450000000181e-01 1.215039999999999914e-03 -2.361789200000000144e-02 -2.055030000000000008e-04 9.997203350000000155e-01
1.703784367970803738e+09 -1.876638799999999843e-02 -1.044987999999999950e-03 6.648741360000000045e-01 -5.355000000000000059e-05 -2.179622100000000104e-02 -4.926250000000000073e-04 9.997623559999999632e-01
1.703784368179402351e+09 -2.003258100000000069e-02 -8.483260000000000496e-04 6.825684910000000549e-01 -1.580610000000000034e-04 -2.060980299999999946e-02 -1.320109000000000083e-03 9.997867350000000375e-01
1.703784368431742668e+09 -2.016375000000000112e-02 -4.934909999999999818e-04 7.027686829999999496e-01 2.766390000000000190e-04 -2.576036400000000087e-02 -1.052399999999999953e-05 9.996681210000000206e-01
1.703784368719784498e+09 -2.249376800000000079e-02 -9.152519999999999710e-04 7.272026539999999484e-01 -2.700119999999999756e-04 -2.607991000000000129e-02 9.285899999999999710e-04 9.996594189999999935e-01
1.703784369137588024e+09 -2.349580600000000102e-02 -1.064042000000000069e-03 7.617127299999999490e-01 2.553799999999999842e-05 -2.040455299999999889e-02 1.761601999999999916e-03 9.997902509999999632e-01
1.703784369430809259e+09 -2.406425400000000020e-02 -1.094326000000000066e-03 7.856440540000000361e-01 -2.950979999999999858e-04 -1.648790799999999904e-02 1.830566000000000051e-03 9.998623730000000265e-01
1.703784369717911482e+09 -2.480575399999999930e-02 -5.902319999999999962e-04 8.100436930000000091e-01 -4.574469999999999860e-04 -1.795971999999999846e-02 1.625612999999999928e-03 9.998372789999999677e-01
1.703784370344884157e+09 -2.686226900000000112e-02 -1.747655999999999992e-03 8.603667619999999516e-01 2.920836000000000005e-03 -2.805206600000000050e-02 2.368477999999999816e-03 9.995993970000000006e-01
1.703784370683678865e+09 -2.949392799999999912e-02 -1.902534999999999903e-03 8.877375720000000303e-01 3.882196000000000084e-03 -2.668082000000000092e-02 2.538416999999999844e-03 9.996332530000000549e-01
1.703784371012187958e+09 -2.939625499999999961e-02 -2.174797999999999922e-03 9.161674380000000006e-01 2.540624000000000007e-03 -2.349139199999999983e-02 2.482227999999999952e-03 9.997177720000000045e-01
1.703784371342935085e+09 -3.087534200000000006e-02 -2.299879999999999806e-03 9.434485440000000001e-01 3.546319000000000034e-03 -1.095055699999999965e-02 1.713259999999999924e-04 9.999337790000000226e-01
1.703784372009742737e+09 -3.457359200000000021e-02 -2.674132999999999979e-03 9.941037889999999599e-01 3.894466999999999981e-03 -3.403174099999999730e-02 8.083699999999999870e-04 9.994128349999999994e-01
1.703784372262601376e+09 -3.745042199999999710e-02 -3.528864999999999953e-03 1.012839794000000015e+00 5.961298000000000291e-03 -4.499071500000000057e-02 1.984239999999999962e-04 9.989696150000000330e-01
1.703784372592936516e+09 -4.137382700000000191e-02 -3.877109000000000111e-03 1.039828061999999997e+00 6.206185999999999821e-03 -5.230422700000000175e-02 2.426990000000000018e-04 9.986119270000000103e-01
1.703784372923496246e+09 -4.437538600000000277e-02 -3.234803000000000071e-03 1.067676783000000018e+00 4.097273999999999708e-03 -5.790204200000000079e-02 8.946530000000000281e-04 9.983134869999999994e-01
1.703784373634910345e+09 -5.197642000000000234e-02 -3.360367999999999862e-03 1.126376867000000059e+00 9.319830000000000518e-04 -6.211058800000000130e-02 1.585709999999999941e-03 9.980675580000000213e-01
1.703784373922749281e+09 -5.437015399999999693e-02 -3.260048000000000199e-03 1.150820254999999959e+00 1.276030999999999953e-03 -5.722167699999999857e-02 2.330875000000000048e-03 9.983580109999999896e-01
1.703784374258751631e+09 -5.643691499999999722e-02 -3.314244999999999951e-03 1.179225205999999915e+00 -9.783159999999999079e-04 -4.647827899999999735e-02 1.425484000000000083e-03 9.989178180000000129e-01
1.703784374590419054e+09 -5.950373800000000046e-02 -3.434090999999999793e-03 1.206288218000000079e+00 5.261950000000000264e-04 -4.732958999999999777e-02 3.273509999999999766e-04 9.988791940000000258e-01
1.703784375006464720e+09 -6.119135800000000125e-02 -3.571375999999999804e-03 1.241074562000000103e+00 1.134482000000000025e-03 -2.868808800000000048e-02 5.487310000000000017e-04 9.995875950000000509e-01
1.703784375382414818e+09 -6.156084700000000187e-02 -4.084955000000000357e-03 1.271718979000000083e+00 8.650039999999999465e-04 -2.170239399999999985e-02 5.177619999999999532e-04 9.997639659999999484e-01
1.703784375757398129e+09 -6.339430799999999644e-02 -3.824296000000000032e-03 1.302628517000000041e+00 7.723650000000000090e-04 -2.280934000000000086e-02 -1.913820000000000050e-04 9.997395279999999884e-01
1.703784376214995623e+09 -6.494689700000000343e-02 -3.223605000000000047e-03 1.339946866000000014e+00 5.626989999999999466e-04 -2.249953199999999917e-02 -4.351450000000000088e-04 9.997466210000000020e-01
1.703784376632402420e+09 -6.654745300000000641e-02 -3.721771000000000020e-03 1.373756766000000074e+00 -5.728419999999999476e-04 -1.375577000000000050e-02 -1.358767000000000091e-03 9.999043349999999775e-01
1.703784377007226467e+09 -6.753224900000000253e-02 -3.406352999999999985e-03 1.405634164999999935e+00 -1.996300999999999805e-03 -1.509098700000000015e-02 -1.308766000000000053e-03 9.998832939999999780e-01
1.703784377338755369e+09 -6.914018800000000520e-02 -2.953147000000000150e-03 1.433467983999999973e+00 -1.518480999999999911e-03 -1.253264999999999935e-02 -2.983988999999999826e-03 9.999158980000000252e-01
1.703784377717765331e+09 -6.906112300000000204e-02 -3.486781999999999902e-03 1.463465213999999959e+00 -6.942650000000000080e-04 -1.534050099999999944e-02 -1.350908999999999964e-03 9.998812080000000213e-01
1.703784378129214048e+09 -7.059011599999999442e-02 -3.253325000000000054e-03 1.498289108000000036e+00 -2.152378999999999837e-03 -1.746784200000000079e-02 -6.678679999999999556e-04 9.998449090000000039e-01
1.703784378589584589e+09 -7.170409699999999442e-02 -3.510001999999999914e-03 1.536236047999999910e+00 -1.571470000000000050e-04 -1.935515700000000130e-02 -9.295220000000000088e-04 9.998122449999999883e-01
1.703784379129968643e+09 -7.452106499999999745e-02 -2.985024000000000184e-03 1.581262946000000058e+00 -2.444776000000000067e-03 -1.947588499999999834e-02 -1.166104000000000055e-03 9.998066429999999949e-01
1.703784379544730425e+09 -7.536225000000000562e-02 -2.805872000000000054e-03 1.614898562000000037e+00 -1.431608000000000012e-03 -1.579471500000000084e-02 -1.284177000000000061e-03 9.998734590000000200e-01
1.703784379920032740e+09 -7.642243799999999532e-02 -3.295844999999999938e-03 1.645133375999999981e+00 -2.904739999999999839e-04 -1.571345000000000033e-02 -1.112376999999999897e-03 9.998759029999999548e-01
1.703784380293656111e+09 -7.744986600000000609e-02 -3.244691000000000068e-03 1.675637959999999982e+00 -6.031839999999999901e-04 -1.587744599999999992e-02 -1.782890000000000082e-03 9.998722079999999846e-01
1.703784380629065752e+09 -7.824696600000000113e-02 -2.939924999999999917e-03 1.702737450999999957e+00 -6.003819999999999990e-04 -2.397381700000000143e-02 -2.148159999999999978e-04 9.997124080000000523e-01
1.703784381005775213e+09 -7.981099899999999359e-02 -2.999817000000000108e-03 1.732817172999999933e+00 -1.609609999999999925e-04 -2.347178200000000006e-02 7.589069999999999627e-04 9.997242090000000303e-01
1.703784381418283701e+09 -8.163035700000000061e-02 -3.405239000000000009e-03 1.765470623999999988e+00 -1.235929999999999939e-04 -2.789413199999999857e-02 1.057491999999999937e-03 9.996103050000000323e-01
1.703784381834243298e+09 -8.121757999999999755e-02 -2.970518000000000117e-03 1.800797224000000085e+00 -1.106261000000000093e-03 -6.284116000000000181e-03 6.626060000000000456e-04 9.999794360000000548e-01
1.703784382208979607e+09 -7.910243399999999925e-02 -2.936456999999999956e-03 1.831093550000000070e+00 -6.672660000000000180e-04 1.483661099999999955e-02 1.065914999999999961e-03 9.998891349999999845e-01
1.703784382586634398e+09 -7.683290500000000689e-02 -3.270358000000000119e-03 1.861251592999999982e+00 1.807966999999999951e-03 3.171363099999999907e-02 4.743610000000000209e-04 9.994952679999999923e-01
1.703784383083300114e+09 -7.238499800000000595e-02 -3.315275999999999813e-03 1.901392460000000062e+00 2.727700999999999910e-03 5.121741800000000067e-02 3.978939999999999821e-04 9.986837509999999529e-01
1.703784383624028683e+09 -6.485736400000000068e-02 -4.004386000000000403e-03 1.945144057000000037e+00 2.748290999999999928e-03 7.396601899999999397e-02 -4.982079999999999842e-04 9.972568750000000426e-01
1.703784384122308493e+09 -5.783408899999999825e-02 -4.246057000000000130e-03 1.985898732999999972e+00 1.438070999999999967e-03 7.788900999999999464e-02 4.242259999999999868e-04 9.969609379999999632e-01
1.703784384544103384e+09 -5.378029499999999880e-02 -4.158147000000000058e-03 2.020620583999999997e+00 2.853970000000000053e-04 7.385688999999999449e-02 -3.003559999999999954e-04 9.972687959999999574e-01
1.703784384958669901e+09 -4.898113800000000045e-02 -4.264083000000000109e-03 2.053580998999999796e+00 4.422939999999999771e-04 6.996584699999999768e-02 1.851099999999999946e-05 9.975492950000000025e-01
1.703784385539006233e+09 -4.215977700000000244e-02 -4.162589999999999867e-03 2.099658011999999907e+00 2.539535999999999790e-03 6.600941700000000079e-02 5.580379999999999585e-04 9.978156689999999607e-01
1.703784385996535778e+09 -3.787994399999999873e-02 -4.157247000000000199e-03 2.137441635000000062e+00 3.031943999999999959e-03 6.686092899999999950e-02 2.870390000000000007e-04 9.977576729999999561e-01
1.703784386413784504e+09 -3.403535500000000324e-02 -3.811749000000000127e-03 2.172187089999999987e+00 1.252061999999999967e-03 6.492816699999999497e-02 -1.512480000000000129e-04 9.978891610000000245e-01
1.703784386914448977e+09 -2.937450399999999920e-02 -5.219404999999999878e-03 2.211415768000000170e+00 1.628618000000000079e-03 6.167075400000000124e-02 -5.951099999999999993e-05 9.980952140000000083e-01
1.703784387330716133e+09 -2.457165700000000022e-02 -5.131903000000000159e-03 2.244817494999999941e+00 1.691390999999999988e-03 5.942640099999999675e-02 5.820190000000000259e-04 9.982311130000000032e-01
1.703784387787056684e+09 -2.096149500000000013e-02 -4.755561999999999637e-03 2.282727957000000085e+00 2.004831999999999795e-03 5.955149199999999754e-02 -2.764670000000000213e-04 9.982231860000000401e-01
1.703784388244051218e+09 -1.665715900000000124e-02 -4.458184999999999926e-03 2.319525719000000041e+00 2.435489999999999790e-03 5.919848800000000050e-02 5.167509999999999725e-04 9.982431529999999942e-01
1.703784388576959372e+09 -1.209905499999999919e-02 -5.011321000000000005e-03 2.346350670000000083e+00 2.441725999999999966e-03 7.116424300000000203e-02 3.887769999999999811e-04 9.974615570000000542e-01
1.703784388870057583e+09 -8.588330999999999396e-03 -4.530883000000000306e-03 2.369691132999999894e+00 2.168167999999999832e-03 7.383927699999999483e-02 5.210279999999999859e-04 9.972677229999999948e-01
1.703784389452408314e+09 -5.759860000000000327e-03 -4.977839999999999869e-03 2.416491269999999858e+00 3.593788000000000104e-03 4.246809299999999843e-02 1.389007000000000045e-03 9.990904330000000000e-01
1.703784389786021709e+09 -4.484896000000000368e-03 -4.957401000000000169e-03 2.442741870999999954e+00 3.495737000000000063e-03 2.927637799999999874e-02 1.170992000000000040e-03 9.995645880000000316e-01
1.703784390118775845e+09 -3.689653000000000203e-03 -4.799226000000000186e-03 2.471236706000000005e+00 2.326182999999999897e-03 2.401626499999999845e-02 1.568979999999999984e-03 9.997076390000000368e-01
1.703784390493805170e+09 -2.186950000000000059e-04 -5.274344999999999728e-03 2.501225471000000145e+00 3.052254999999999812e-03 4.358359800000000117e-02 6.733579999999999861e-04 9.990448950000000439e-01
1.703784390868013859e+09 2.284499000000000165e-03 -5.455365000000000214e-03 2.531896829999999987e+00 2.242097000000000187e-03 4.717281799999999831e-02 2.417759999999999972e-04 9.988842009999999716e-01
1.703784391209605694e+09 5.341389999999999680e-03 -5.102484000000000013e-03 2.559837103000000003e+00 5.566700000000000082e-05 4.595955100000000126e-02 3.792329999999999790e-04 9.989432689999999671e-01
1.703784391580950022e+09 8.644654999999999354e-03 -5.198900000000000222e-03 2.589881182000000059e+00 1.360703999999999907e-03 4.765377600000000186e-02 2.520509999999999895e-04 9.988629820000000104e-01
1.703784391907772303e+09 1.142109399999999969e-02 -5.213787999999999583e-03 2.617443322999999822e+00 1.869037000000000042e-03 4.664028399999999713e-02 5.504909999999999578e-04 9.989098309999999703e-01
1.703784392241395950e+09 1.420912899999999916e-02 -5.546592000000000362e-03 2.644014120000000023e+00 2.541327999999999816e-03 4.510121000000000269e-02 4.359950000000000023e-04 9.989790920000000130e-01
1.703784392577483892e+09 1.705148100000000028e-02 -5.577480000000000111e-03 2.671036720000000031e+00 2.476577000000000205e-03 5.116639299999999752e-02 6.920519999999999667e-04 9.986868500000000148e-01
1.703784392952522278e+09 1.993084900000000048e-02 -6.357510000000000244e-03 2.700510262999999966e+00 4.310112999999999965e-03 4.834018999999999816e-02 9.927650000000000537e-04 9.988211390000000245e-01
1.703784393364211798e+09 2.348055900000000154e-02 -7.030428000000000024e-03 2.734344958999999964e+00 4.389315000000000404e-03 5.042358499999999993e-02 2.094785000000000050e-03 9.987160560000000187e-01
1.703784393702797890e+09 2.572513400000000020e-02 -6.789858999999999652e-03 2.761987448000000178e+00 3.469876000000000210e-03 5.145032000000000078e-02 1.594673000000000011e-03 9.986682529999999502e-01
1.703784393995975018e+09 2.769489400000000115e-02 -6.517071999999999622e-03 2.784997462999999840e+00 4.141493999999999905e-03 5.036808200000000152e-02 8.890400000000000125e-04 9.987217779999999490e-01
1.703784394285413265e+09 3.008551199999999828e-02 -6.939826999999999975e-03 2.808917761000000013e+00 3.909522000000000344e-03 5.502577499999999899e-02 1.738811000000000046e-03 9.984757899999999742e-01
1.703784394658033609e+09 3.425684600000000052e-02 -7.096896999999999581e-03 2.840607882000000028e+00 2.611193999999999842e-03 5.905064899999999672e-02 9.407970000000000525e-04 9.982511400000000368e-01
1.703784394990372658e+09 3.796228399999999892e-02 -7.021732000000000147e-03 2.868168116000000101e+00 1.191947000000000059e-03 6.182800199999999996e-02 5.444929999999999519e-04 9.980859760000000414e-01
1.703784395326174498e+09 4.195146300000000134e-02 -6.874304000000000352e-03 2.894092321000000023e+00 1.447205000000000019e-03 6.997369200000000400e-02 2.680140000000000126e-04 9.975477459999999574e-01
1.703784395616952658e+09 4.578480499999999787e-02 -7.261761000000000257e-03 2.917597294000000119e+00 3.158579999999999808e-03 7.722370300000000465e-02 -1.355600000000000031e-05 9.970088010000000001e-01
1.703784395904792070e+09 5.090304100000000304e-02 -7.258851999999999666e-03 2.941233396999999972e+00 1.751610000000000016e-03 8.502854399999999757e-02 7.209679999999999995e-04 9.963767529999999484e-01
1.703784396238164425e+09 5.604458600000000040e-02 -7.479951999999999782e-03 2.967856645999999987e+00 1.640107999999999931e-03 9.139682400000000151e-02 1.651140000000000051e-04 9.958131909999999865e-01
1.703784396528453112e+09 5.993667200000000334e-02 -7.479251000000000128e-03 2.991214751999999866e+00 1.971837000000000156e-03 9.698707600000000539e-02 -7.628170000000000523e-04 9.952834249999999994e-01
1.703784396861431599e+09 6.588578999999999963e-02 -7.385982999999999611e-03 3.018042563999999928e+00 2.598463999999999982e-03 9.816097499999999754e-02 -1.372916999999999974e-03 9.951662420000000342e-01
1.703784397199156046e+09 7.045922400000000085e-02 -7.381475999999999663e-03 3.044640778999999853e+00 1.776524000000000028e-03 9.406330400000000036e-02 -6.988590000000000253e-04 9.955644009999999877e-01
1.703784397528145552e+09 7.470138399999999568e-02 -7.386114000000000047e-03 3.070844888999999966e+00 4.264335999999999648e-03 8.779557799999999912e-02 -1.318547999999999899e-03 9.961285589999999690e-01
1.703784397862036943e+09 7.864369499999999957e-02 -7.998068000000000538e-03 3.097562790000000010e+00 4.841914999999999587e-03 7.567918299999999709e-02 -7.457629999999999815e-04 9.971202019999999555e-01
1.703784398153961897e+09 8.090145899999999501e-02 -8.515883000000000133e-03 3.121469975000000119e+00 3.843788999999999800e-03 6.326027200000000628e-02 -1.053399000000000002e-03 9.979891180000000084e-01
1.703784398445918560e+09 8.215554099999999860e-02 -8.669881000000000809e-03 3.145543336999999884e+00 3.198111000000000009e-03 5.097973000000000088e-02 -7.291830000000000013e-04 9.986943010000000065e-01
1.703784398740839243e+09 8.303029100000000606e-02 -8.229824000000000167e-03 3.169943332999999974e+00 2.151229000000000162e-03 3.691563800000000062e-02 -8.927190000000000429e-04 9.993156789999999567e-01
1.703784399153213501e+09 8.372055000000000469e-02 -8.179198999999999845e-03 3.204499960000000147e+00 1.311209000000000029e-03 1.871598000000000012e-02 -3.723140000000000000e-04 9.998239279999999729e-01
1.703784399489665270e+09 8.266668000000000627e-02 -8.425748000000000265e-03 3.232352734000000005e+00 4.353000000000000098e-04 4.415370000000000059e-03 -1.147755000000000086e-03 9.999895100000000259e-01
1.703784399818071842e+09 8.123799399999999393e-02 -8.857580999999999788e-03 3.258508443999999837e+00 1.431909999999999997e-03 -1.119327300000000011e-02 -1.038510000000000084e-03 9.999358059999999826e-01
1.703784400152051210e+09 7.953796500000000214e-02 -8.798279000000000863e-03 3.286257743999999814e+00 2.000170000000000062e-04 -2.455374600000000129e-02 8.373060000000000095e-04 9.996981619999999458e-01
1.703784400485846519e+09 7.722447799999999918e-02 -8.537703000000000653e-03 3.313938140999999948e+00 -4.782100000000000174e-05 -2.855088899999999943e-02 -6.016020000000000178e-04 9.995921850000000219e-01
1.703784400778054476e+09 7.614622299999999899e-02 -8.170851999999999282e-03 3.338502645000000157e+00 -4.104119999999999730e-04 -2.838393100000000113e-02 -3.080550000000000042e-04 9.995969529999999548e-01
1.703784401109241962e+09 7.432878800000000674e-02 -8.242510999999999241e-03 3.365273951999999902e+00 -1.207559999999999938e-04 -2.698704799999999959e-02 -1.561651000000000055e-03 9.996345639999999477e-01
1.703784401441408873e+09 7.218137400000000647e-02 -7.877148999999999957e-03 3.392457246999999843e+00 -2.321570000000000068e-04 -2.791527499999999981e-02 -2.513219000000000130e-03 9.996070860000000335e-01
1.703784401819516182e+09 7.133867600000000364e-02 -8.550853000000000620e-03 3.422710418999999948e+00 1.011480000000000013e-04 -2.209918900000000172e-02 -1.711999999999999980e-03 9.997543100000000349e-01
1.703784402234161139e+09 6.836987999999999399e-02 -8.718102999999999617e-03 3.455926418000000222e+00 6.080280000000000407e-04 -3.345898199999999822e-02 -1.148223000000000082e-03 9.994392989999999477e-01
1.703784402530556440e+09 6.677070999999999701e-02 -9.051948000000000633e-03 3.479857206000000147e+00 1.693115000000000028e-03 -3.680979499999999932e-02 -1.264588000000000084e-03 9.993200899999999942e-01
1.703784402859660625e+09 6.487263699999999689e-02 -8.243986000000000022e-03 3.507859944999999868e+00 -5.025329999999999945e-04 -3.064913899999999886e-02 -1.850265000000000026e-03 9.995283480000000109e-01
1.703784403190058947e+09 6.401281799999999911e-02 -7.814081000000000499e-03 3.534907103000000106e+00 -1.122177999999999934e-03 -2.127426300000000159e-02 -1.752770000000000066e-03 9.997715350000000445e-01
1.703784403526436090e+09 6.266939600000000221e-02 -8.382030000000000383e-03 3.561249495000000209e+00 -4.789870000000000000e-04 -2.485909299999999877e-02 -1.396110000000000103e-03 9.996898770000000045e-01
1.703784403814462185e+09 6.104312800000000205e-02 -8.616235999999999340e-03 3.585025787000000186e+00 -8.241330000000000053e-04 -2.845702899999999827e-02 -8.209069999999999518e-04 9.995943309999999471e-01
1.703784404108601332e+09 5.989389500000000255e-02 -8.177366000000000149e-03 3.609610319000000178e+00 -1.365532999999999938e-03 -2.747620099999999871e-02 -1.172800000000000101e-03 9.996208549999999748e-01
1.703784404490992785e+09 5.791019299999999870e-02 -8.379825000000000468e-03 3.639187574000000147e+00 -1.279598000000000063e-03 -2.435859500000000025e-02 -1.402695999999999934e-03 9.997015000000000207e-01
1.703784404900480986e+09 5.629268700000000097e-02 -9.170341000000000256e-03 3.672585964000000036e+00 2.544452999999999906e-03 -2.567267200000000055e-02 -5.808639999999999463e-04 9.996669889999999503e-01
1.703784405270565033e+09 5.527875899999999676e-02 -9.125994999999999593e-03 3.702866076999999922e+00 1.696547000000000072e-03 -1.636522799999999903e-02 -1.685389999999999935e-04 9.998646380000000278e-01
1.703784405689265013e+09 5.496669199999999755e-02 -9.263599000000000833e-03 3.736964702999999943e+00 9.078569999999999782e-04 -3.739964000000000136e-03 -5.922959999999999683e-04 9.999924300000000432e-01
1.703784406027163982e+09 5.502965299999999782e-02 -9.520285999999999332e-03 3.764123200999999863e+00 3.841299999999999966e-05 -3.897723000000000073e-03 1.126049999999999968e-04 9.999924300000000432e-01
1.703784406400655031e+09 5.455833300000000052e-02 -9.274364000000000219e-03 3.794748545000000028e+00 4.089469999999999997e-04 -9.637100000000000278e-05 1.309559999999999978e-04 9.999999400000000316e-01
1.703784406732413769e+09 5.535730700000000143e-02 -9.591199999999999379e-03 3.821471453000000018e+00 6.958819999999999893e-04 3.943455999999999698e-03 1.102050000000000062e-04 9.999920129999999574e-01
1.703784407061841726e+09 5.633601500000000317e-02 -9.681294000000000011e-03 3.848742484999999824e+00 4.788540000000000201e-04 8.816198000000000784e-03 -2.788439999999999886e-04 9.999610190000000065e-01
1.703784407562146664e+09 5.785250299999999957e-02 -1.004453699999999922e-02 3.889052629000000039e+00 1.312311999999999940e-03 1.754128199999999832e-02 -6.374959999999999828e-04 9.998450880000000485e-01
1.703784407900682688e+09 5.949361599999999917e-02 -9.908175999999999442e-03 3.916434764999999985e+00 1.294318000000000031e-03 1.929823300000000144e-02 -1.191589000000000060e-03 9.998122449999999883e-01
1.703784408270400047e+09 6.046445300000000134e-02 -1.023327800000000017e-02 3.947245359000000064e+00 1.594263000000000060e-03 2.325767100000000059e-02 -8.285159999999999530e-04 9.997279049999999723e-01
1.703784408643025637e+09 6.126867999999999898e-02 -9.559849000000000471e-03 3.977199316000000096e+00 5.278769999999999470e-04 2.624706200000000156e-02 -1.861086999999999984e-03 9.996536369999999838e-01
1.703784408977953196e+09 6.194820300000000030e-02 -9.617027999999999688e-03 4.004728794000000036e+00 5.583800000000000308e-05 1.726425100000000129e-02 -1.615759000000000032e-03 9.998496770000000478e-01
1.703784409393807173e+09 6.145572299999999683e-02 -9.952796999999999339e-03 4.038844109000000238e+00 5.027439999999999557e-04 3.320130000000000130e-03 -1.634332000000000059e-03 9.999930259999999516e-01
1.703784409726724863e+09 6.164176400000000167e-02 -9.861055000000000514e-03 4.066117764000000356e+00 1.356201999999999928e-03 4.320614000000000399e-03 -1.450939999999999955e-03 9.999887349999999619e-01
1.703784410102436543e+09 6.370489999999999486e-02 -9.502134000000000622e-03 4.096376895999999768e+00 5.255600000000000029e-04 2.186130699999999996e-02 -1.149641000000000074e-03 9.997602110000000097e-01
1.703784410476017952e+09 6.097415099999999727e-02 -9.586310000000000664e-03 4.116022110000000289e+00 -1.562170000000000095e-03 -6.830242000000000258e-03 -1.422852000000000058e-03 9.999744299999999697e-01
1.703784410853985786e+09 6.116532899999999745e-02 -9.724061000000000857e-03 4.130074501000000176e+00 -8.187049999999999753e-04 -2.855771000000000004e-03 -1.949465000000000052e-03 9.999936820000000504e-01
1.703784411184194565e+09 6.329167600000000504e-02 -1.080920800000000070e-02 4.154857158999999633e+00 4.533919999999999986e-04 1.482943800000000034e-02 -1.339219999999999907e-03 9.998890160000000193e-01
1.703784411604382277e+09 6.680078100000000352e-02 -1.043942100000000081e-02 4.188490391000000201e+00 -3.133599999999999949e-05 3.298421900000000212e-02 -2.361700000000000106e-05 9.994558690000000523e-01
1.703784411934817791e+09 6.897666299999999362e-02 -1.076643600000000076e-02 4.214962481999999788e+00 -3.467380000000000267e-04 3.415630399999999844e-02 -6.155499999999999730e-04 9.994162920000000394e-01
1.703784412389984369e+09 7.352004199999999379e-02 -1.140634299999999934e-02 4.251747131000000124e+00 4.358799999999999670e-05 4.667091699999999926e-02 3.538160000000000155e-04 9.989102479999999451e-01
1.703784412727244616e+09 7.772622999999999338e-02 -1.042456200000000006e-02 4.278962611999999943e+00 5.489330000000000381e-04 6.471320199999999745e-02 6.383299999999999684e-05 9.979037640000000264e-01
1.703784413100399971e+09 8.377905200000000663e-02 -1.046365099999999916e-02 4.309000492000000015e+00 2.342190000000000016e-04 8.387579800000000141e-02 3.254369999999999811e-04 9.964761730000000206e-01
1.703784413475043774e+09 9.062920500000000434e-02 -1.002837300000000015e-02 4.338004588999999633e+00 -2.158270000000000056e-04 1.030068170000000005e-01 -3.634500000000000252e-04 9.946805829999999515e-01
1.703784413889076710e+09 9.974152599999999702e-02 -1.121032299999999947e-02 4.370058059999999855e+00 1.567179999999999994e-04 1.164967340000000046e-01 1.206824000000000004e-03 9.931903479999999451e-01
1.703784414264456511e+09 1.081230489999999989e-01 -1.144630500000000037e-02 4.397784233000000320e+00 2.497969000000000057e-03 1.353920849999999954e-01 -1.832871000000000023e-03 9.907872680000000543e-01
1.703784415388923407e+09 1.361514930000000123e-01 -1.176478299999999914e-02 4.483975886999999716e+00 8.003100000000000676e-05 1.577279869999999862e-01 -2.885559999999999796e-04 9.874825480000000155e-01
1.703784415764394045e+09 1.467998919999999874e-01 -1.092209199999999956e-02 4.513570785999999835e+00 -5.552369999999999832e-04 1.569220869999999879e-01 3.795010000000000245e-04 9.876107570000000058e-01
1.703784416095421791e+09 1.533272270000000104e-01 -1.162918500000000022e-02 4.539788723000000026e+00 -4.621299999999999952e-05 1.528732030000000131e-01 -1.660056999999999939e-03 9.882444139999999599e-01
1.703784416386694670e+09 1.604011210000000076e-01 -1.117653400000000012e-02 4.562047005000000155e+00 -1.146923999999999904e-03 1.451017109999999943e-01 -1.997861000000000081e-03 9.894140959999999652e-01
1.703784416762116432e+09 1.668459919999999985e-01 -1.076741500000000067e-02 4.589992999999999768e+00 -3.019037999999999930e-03 1.323132959999999969e-01 -1.482252999999999999e-03 9.912022350000000426e-01
1.703784418511082172e+09 1.603766379999999880e-01 -9.927709999999999313e-03 4.697436332999999742e+00 4.342319999999999991e-04 -3.784751900000000308e-02 -4.596849999999999873e-04 9.992833140000000336e-01
1.703784418929987669e+09 1.533984840000000016e-01 -9.998421999999999865e-03 4.726027488999999804e+00 -7.069910000000000213e-04 -7.609307799999999455e-02 -2.021459999999999989e-04 9.971004719999999599e-01
1.703784419262359142e+09 1.475840959999999980e-01 -9.274133999999999850e-03 4.750711918000000367e+00 -1.519895000000000057e-03 -9.629236900000000265e-02 9.481900000000000137e-05 9.953519699999999748e-01
1.703784419634293795e+09 1.389170439999999895e-01 -8.878468000000000471e-03 4.779112339000000098e+00 -2.799303999999999855e-03 -1.118333489999999986e-01 4.155270000000000079e-04 9.937229749999999528e-01
1.703784420050364256e+09 1.290902200000000055e-01 -8.061835999999999308e-03 4.813092231999999804e+00 -2.858224999999999828e-03 -1.305879500000000082e-01 1.327255000000000058e-03 9.914317129999999922e-01
1.703784420390280247e+09 1.201600210000000057e-01 -7.992107999999999504e-03 4.838015078999999830e+00 -3.068509000000000080e-03 -1.453365239999999947e-01 2.091060000000000000e-04 9.893774990000000491e-01
1.703784421091511726e+09 9.837899399999999739e-02 -6.204732000000000129e-03 4.891729832000000222e+00 -1.269614999999999980e-03 -1.771730039999999951e-01 -3.142280000000000008e-04 9.841789010000000504e-01
1.703784421424847841e+09 8.654931200000000324e-02 -6.691303000000000008e-03 4.916141986999999602e+00 -1.599628000000000074e-03 -1.915749310000000039e-01 2.187579999999999950e-04 9.814766649999999704e-01
1.703784421802060604e+09 7.339912699999999457e-02 -6.164379000000000212e-03 4.944338798999999618e+00 -3.428643999999999789e-03 -2.087789180000000078e-01 7.377500000000000431e-05 9.779568910000000503e-01
1.703784422132385254e+09 6.087395500000000043e-02 -6.563470000000000068e-03 4.968022823000000088e+00 -2.825899000000000206e-03 -2.236815090000000006e-01 -7.855549999999999556e-04 9.746578930000000529e-01
1.703784422516175985e+09 4.579457599999999656e-02 -5.572101999999999784e-03 4.994709492000000139e+00 -3.081313999999999928e-03 -2.403997330000000043e-01 -3.534860000000000237e-04 9.706690310000000155e-01
1.703784422884859085e+09 2.934536299999999931e-02 -6.801742000000000378e-03 5.020855426999999871e+00 -5.001832000000000326e-03 -2.571206690000000239e-01 -6.293650000000000026e-04 9.663661719999999677e-01
1.703784424089163303e+09 -2.871590900000000127e-02 -6.181652999999999627e-03 5.099830150999999923e+00 -2.793732000000000160e-03 -3.123630290000000143e-01 2.084429999999999963e-04 9.499586819999999987e-01
1.703784424421719551e+09 -4.528897999999999952e-02 -7.090103000000000377e-03 5.121676921999999799e+00 -3.587858000000000193e-03 -3.277848660000000081e-01 8.195369999999999565e-04 9.447452429999999568e-01
1.703784424755983353e+09 -6.384587299999999743e-02 -6.415607000000000254e-03 5.141598225000000078e+00 -2.183262000000000050e-03 -3.433236780000000210e-01 1.587150000000000062e-03 9.392132760000000413e-01
1.703784425046931982e+09 -8.000034100000000259e-02 -7.077573000000000197e-03 5.159093379999999840e+00 -1.212128999999999941e-03 -3.582098189999999849e-01 2.449146000000000135e-03 9.336371420000000310e-01
1.703784425382335663e+09 -1.005522610000000039e-01 -5.644605999999999929e-03 5.178562163999999690e+00 -3.277890999999999791e-03 -3.754253390000000246e-01 1.803562999999999998e-03 9.268450740000000465e-01
1.703784425715125799e+09 -1.203477379999999958e-01 -6.663490999999999685e-03 5.196949004999999566e+00 -2.854000000000000200e-03 -3.915403490000000097e-01 3.989029999999999855e-04 9.201564789999999716e-01
1.703784426503807068e+09 -1.721477509999999878e-01 -6.299706000000000403e-03 5.236548424000000423e+00 -4.326626000000000083e-03 -4.332137699999999980e-01 1.373908999999999981e-03 9.012797470000000200e-01
1.703784426794439793e+09 -1.918652060000000104e-01 -5.313848999999999830e-03 5.249247074000000346e+00 -4.840043999999999944e-03 -4.489346739999999780e-01 5.567700000000000242e-05 8.935515280000000393e-01
1.703784427043894053e+09 -2.079732420000000026e-01 -5.487818000000000210e-03 5.259037017999999897e+00 -3.839519999999999912e-03 -4.642039840000000139e-01 3.371049999999999785e-04 8.857200149999999716e-01
1.703784427550466537e+09 -2.424739599999999884e-01 -4.821470999999999917e-03 5.276643275999999716e+00 -2.885539999999999806e-03 -4.999063009999999974e-01 1.029994000000000005e-03 8.660740850000000490e-01
1.703784427795210123e+09 -2.596273419999999832e-01 -5.436640000000000396e-03 5.284683227999999566e+00 -4.324859999999999816e-03 -5.180382129999999696e-01 1.103440000000000020e-03 8.553458449999999935e-01
1.703784428044809103e+09 -2.788643840000000207e-01 -5.373402999999999687e-03 5.292197226999999948e+00 -5.314623000000000090e-03 -5.353782769999999580e-01 7.244460000000000092e-04 8.445953729999999826e-01
1.703784428376793385e+09 -3.014948370000000155e-01 -5.383711999999999699e-03 5.299655437000000191e+00 -3.964717000000000414e-03 -5.585659739999999651e-01 2.399654000000000197e-03 8.294471500000000219e-01
1.703784428668110847e+09 -3.212058540000000129e-01 -5.074236999999999671e-03 5.303797721999999659e+00 -4.089836000000000339e-03 -5.771734120000000523e-01 1.497377000000000040e-03 8.166099789999999858e-01
1.703784428960813761e+09 -3.434202670000000013e-01 -5.132745999999999663e-03 5.308481693000000057e+00 -4.915529000000000079e-03 -6.020300979999999580e-01 1.744876999999999930e-03 7.984563709999999981e-01
1.703784429714986801e+09 -3.885951040000000245e-01 -4.999685999999999714e-03 5.312307357999999979e+00 -4.815581999999999675e-03 -6.553684469999999651e-01 1.788354000000000029e-03 7.552918790000000548e-01
1.703784429963727713e+09 -4.003939630000000194e-01 -4.863896999999999839e-03 5.312087535999999943e+00 -4.736488999999999977e-03 -6.688703299999999574e-01 2.403287000000000045e-03 7.433601020000000226e-01
1.703784430249609232e+09 -4.124193190000000064e-01 -4.316643000000000216e-03 5.312043189999999804e+00 -3.702873000000000189e-03 -6.784573200000000304e-01 3.432875000000000162e-03 7.346224780000000232e-01
1.703784430500741959e+09 -4.275455470000000258e-01 -4.554960999999999732e-03 5.313134192999999783e+00 -4.403673999999999783e-03 -6.833068129999999574e-01 4.098786000000000096e-03 7.301066520000000226e-01
1.703784430833659172e+09 -4.552726750000000155e-01 -3.925393999999999585e-03 5.313529490999999716e+00 -5.335575999999999861e-03 -6.903952960000000472e-01 1.730140999999999927e-03 7.234106059999999561e-01
1.703784431085510731e+09 -4.743475910000000129e-01 -4.134838000000000055e-03 5.314048289999999675e+00 -5.102927000000000157e-03 -6.868701579999999529e-01 1.092045000000000038e-03 7.267615200000000497e-01
1.703784431332138300e+09 -4.946155549999999845e-01 -4.374872999999999609e-03 5.316022872999999649e+00 -5.143584999999999997e-03 -6.808950299999999567e-01 1.154857000000000019e-03 7.323620920000000201e-01
1.703784431623881578e+09 -5.182242390000000309e-01 -3.831359999999999801e-03 5.319514750999999819e+00 -5.163807000000000293e-03 -6.758379939999999975e-01 1.704961999999999971e-03 7.370301489999999678e-01
1.703784431915132046e+09 -5.410761830000000439e-01 -4.120633000000000282e-03 5.319053173000000356e+00 -5.119323999999999750e-03 -6.885660890000000478e-01 1.814721999999999950e-03 7.251532670000000458e-01
1.703784432168609142e+09 -5.613813399999999509e-01 -3.981820999999999972e-03 5.318788052000000377e+00 -5.037948000000000426e-03 -6.981803770000000187e-01 2.535195999999999977e-03 7.158997059999999690e-01
1.703784432416167736e+09 -5.813002590000000414e-01 -3.612208999999999906e-03 5.318382263000000165e+00 -5.117830000000000296e-03 -7.067359690000000194e-01 1.718749000000000101e-03 7.074568270000000103e-01
1.703784432706478119e+09 -6.048259740000000440e-01 -3.604037999999999946e-03 5.317210196999999638e+00 -4.291940999999999638e-03 -7.125441430000000187e-01 2.509258999999999795e-03 7.016096710000000458e-01
1.703784433000730038e+09 -6.287288669999999691e-01 -3.387242999999999851e-03 5.316470146000000341e+00 -4.864336000000000354e-03 -7.089370489999999858e-01 1.773283000000000064e-03 7.052527669999999471e-01
1.703784433331070900e+09 -6.567168239999999768e-01 -3.155559000000000055e-03 5.316894053999999592e+00 -6.241794000000000162e-03 -7.079488640000000110e-01 5.047940000000000326e-04 7.062359449999999761e-01
1.703784433621816158e+09 -6.789069180000000259e-01 -2.884235000000000184e-03 5.314833640999999886e+00 -5.300034999999999816e-03 -7.167812590000000039e-01 2.343945000000000056e-03 6.972740889999999858e-01
1.703784433915722609e+09 -7.029404639999999871e-01 -2.595205000000000168e-03 5.314807414999999757e+00 -4.790975999999999742e-03 -7.163667080000000187e-01 2.002836999999999933e-03 6.977046730000000530e-01
1.703784434204754829e+09 -7.265543939999999923e-01 -2.992171999999999974e-03 5.313731670000000129e+00 -5.315311999999999988e-03 -7.141964440000000414e-01 -5.323800000000000087e-05 6.999251250000000368e-01
1.703784434497450590e+09 -7.494039540000000388e-01 -2.877991999999999790e-03 5.314329623999999974e+00 -5.580189999999999630e-03 -7.051308750000000458e-01 1.449880000000000016e-04 7.090553050000000246e-01
1.703784434830351353e+09 -7.758040430000000542e-01 -2.723984000000000041e-03 5.316064834999999711e+00 -4.231961000000000230e-03 -6.950817700000000432e-01 1.420285999999999988e-03 7.189168329999999774e-01
1.703784435161699772e+09 -8.022270200000000129e-01 -2.900147999999999962e-03 5.318191051000000336e+00 -3.426719999999999853e-03 -6.827776429999999896e-01 2.212640000000000093e-03 7.306148409999999593e-01
1.703784435495979309e+09 -8.289911749999999691e-01 -3.100967000000000046e-03 5.322400092999999721e+00 -3.898612999999999992e-03 -6.706123349999999483e-01 2.307009999999999963e-03 7.417941689999999477e-01
1.703784435827760935e+09 -8.568534850000000258e-01 -2.883174000000000067e-03 5.326706886000000196e+00 -3.302045999999999887e-03 -6.563301679999999916e-01 1.400905999999999939e-03 7.544652219999999909e-01
1.703784436080045938e+09 -8.757998940000000232e-01 -2.533253999999999975e-03 5.329700947000000077e+00 -2.635438999999999837e-03 -6.559796930000000303e-01 1.986654999999999931e-03 7.547713520000000065e-01
1.703784436369227409e+09 -9.000029560000000206e-01 -2.615664000000000183e-03 5.332836627999999912e+00 -4.855059999999999584e-03 -6.592093110000000200e-01 1.332012000000000040e-03 7.519425749999999464e-01
1.703784436744492769e+09 -9.308676719999999793e-01 -1.976958999999999921e-03 5.335576534000000315e+00 -5.961051000000000197e-03 -6.670104860000000135e-01 3.711949999999999993e-04 7.450245020000000329e-01
1.703784437078156233e+09 -9.571394920000000361e-01 -2.148236999999999890e-03 5.335376262999999675e+00 -5.627296999999999855e-03 -6.840308899999999470e-01 2.173830000000000022e-04 7.294313310000000161e-01
1.703784437409950256e+09 -9.834339619999999949e-01 -2.063511000000000078e-03 5.337965965000000423e+00 -4.936906999999999927e-03 -6.742724180000000400e-01 2.469946000000000207e-03 7.384620899999999599e-01
1.703784437745041370e+09 -1.009643555000000026e+00 -1.529898000000000022e-03 5.341475487000000300e+00 -4.345527000000000070e-03 -6.648769970000000251e-01 2.185708000000000182e-03 7.469370960000000226e-01
1.703784438075908661e+09 -1.036816358999999910e+00 -1.215315999999999922e-03 5.344995499000000372e+00 -4.521090999999999652e-03 -6.585298779999999574e-01 1.568727999999999919e-03 7.525394560000000510e-01
1.703784438412858009e+09 -1.064338922999999992e+00 -1.117195999999999988e-03 5.346663474999999721e+00 -5.603969999999999785e-03 -6.709184649999999639e-01 1.365852999999999989e-03 7.415087219999999535e-01
1.703784438744505644e+09 -1.090143204000000088e+00 -6.285909999999999588e-04 5.348124504000000279e+00 -3.817117999999999987e-03 -6.736366750000000181e-01 2.086638999999999942e-03 7.390499710000000277e-01
1.703784439078678608e+09 -1.116760015000000106e+00 -5.116800000000000341e-04 5.352291107000000103e+00 -3.232345000000000183e-03 -6.628552680000000530e-01 1.727082999999999917e-03 7.487385869999999555e-01
1.703784439409087896e+09 -1.142508507000000062e+00 -1.084822999999999951e-03 5.357086181999999752e+00 -3.954662000000000281e-03 -6.509783270000000233e-01 2.435894000000000080e-03 7.590821389999999891e-01
1.703784439743716717e+09 -1.169587135000000000e+00 -1.574162000000000044e-03 5.362356186000000413e+00 -4.358532000000000031e-03 -6.380786899999999484e-01 2.002736000000000186e-03 7.699562309999999909e-01
1.703784440077220917e+09 -1.195127249000000003e+00 -1.178152999999999926e-03 5.368729114999999830e+00 -3.700257000000000199e-03 -6.287298199999999948e-01 2.304209000000000205e-03 7.776116730000000032e-01
1.703784440407817841e+09 -1.220708847000000041e+00 -9.637870000000000204e-04 5.376149178000000362e+00 -3.913479000000000090e-03 -6.195565459999999858e-01 1.762501000000000085e-03 7.849403019999999787e-01
1.703784440783995628e+09 -1.250004053000000059e+00 -9.263849999999999472e-04 5.384618759000000310e+00 -4.546676000000000363e-03 -6.067184810000000317e-01 1.915957999999999941e-03 7.949014899999999884e-01
1.703784441158905745e+09 -1.279084681999999917e+00 3.778700000000000261e-05 5.393932818999999768e+00 -3.992294999999999872e-03 -5.950878259999999864e-01 1.262361000000000039e-03 8.036497830000000064e-01
1.703784441574869871e+09 -1.311619759000000052e+00 -3.481799999999999766e-05 5.405368805000000165e+00 -5.494587999999999903e-03 -5.805612209999999607e-01 3.008560000000000075e-04 8.141980170000000516e-01
1.703784441918869734e+09 -1.335433601999999942e+00 4.828759999999999758e-04 5.415774344999999990e+00 -4.619757000000000377e-03 -5.676982400000000206e-01 2.631530000000000197e-04 8.232237100000000529e-01
1.703784442369630575e+09 -1.369004249999999923e+00 2.998699999999999868e-04 5.430921555000000289e+00 -4.197766000000000344e-03 -5.527113080000000123e-01 1.690672999999999959e-03 8.333604930000000355e-01
1.703784442703161955e+09 -1.394396662999999981e+00 1.143296999999999933e-03 5.441601752999999597e+00 -4.150766999999999651e-03 -5.494621990000000400e-01 1.724784000000000039e-03 8.355064989999999581e-01
1.703784443072876215e+09 -1.421009063999999933e+00 1.278576000000000018e-03 5.454866409000000083e+00 -3.317253999999999949e-03 -5.394411679999999709e-01 2.708393999999999819e-03 8.420124049999999638e-01
1.703784443408061504e+09 -1.444268227000000016e+00 7.482370000000000123e-04 5.465987206000000320e+00 -2.842975000000000189e-03 -5.340347890000000097e-01 3.009083999999999978e-03 8.454523680000000097e-01
1.703784443698527813e+09 -1.466297865000000034e+00 1.351020000000000085e-03 5.476467132999999876e+00 -2.666833999999999871e-03 -5.324746970000000523e-01 2.922213999999999801e-03 8.464366789999999696e-01
1.703784443987205744e+09 -1.487445831000000052e+00 1.713223999999999954e-03 5.487082005000000429e+00 -3.390755000000000071e-03 -5.349801779999999729e-01 2.687520000000000100e-03 8.448535200000000245e-01
1.703784444281206369e+09 -1.509362936000000044e+00 1.968188999999999963e-03 5.495984077000000134e+00 -2.381939999999999925e-03 -5.383495090000000038e-01 2.637686000000000197e-03 8.427141900000000296e-01
1.703784444613343000e+09 -1.533949137000000018e+00 2.257003999999999955e-03 5.506488799999999628e+00 -3.893016000000000011e-03 -5.434266920000000445e-01 2.712154999999999948e-03 8.394432069999999690e-01
1.703784444987662792e+09 -1.560600637999999929e+00 2.269132000000000093e-03 5.520398140000000176e+00 -5.029643000000000308e-03 -5.283516050000000019e-01 2.583792000000000120e-03 8.490068320000000446e-01
1.703784445486888409e+09 -1.594028114999999968e+00 2.438992000000000070e-03 5.541187286000000434e+00 -4.194840000000000027e-03 -5.095838310000000426e-01 2.322956000000000153e-03 8.604077100000000478e-01
1.703784445906760931e+09 -1.623069166999999924e+00 2.593165000000000140e-03 5.557410716999999778e+00 -5.510549000000000003e-03 -5.068924430000000259e-01 1.012237999999999940e-03 8.619911670000000026e-01
1.703784446279315233e+09 -1.650521278000000036e+00 3.241768999999999814e-03 5.570819854999999876e+00 -5.219574000000000262e-03 -5.153672099999999645e-01 1.103042000000000042e-03 8.569528459999999903e-01
1.703784446487306356e+09 -1.665014981999999977e+00 3.793953000000000082e-03 5.578176498000000372e+00 -4.884574000000000034e-03 -5.197877290000000317e-01 2.693166999999999783e-03 8.542772530000000142e-01
1.703784446780271769e+09 -1.685636759000000096e+00 3.898600999999999803e-03 5.589514731999999597e+00 -4.532361000000000376e-03 -5.157113079999999794e-01 2.025770000000000088e-03 8.567479850000000452e-01
1.703784447027395010e+09 -1.702646493999999899e+00 3.761121000000000082e-03 5.599970818000000072e+00 -3.586526999999999944e-03 -5.053213239999999606e-01 2.572080000000000026e-03 8.629199859999999722e-01
1.703784447653308630e+09 -1.744548559000000054e+00 4.861540000000000132e-03 5.626984595999999783e+00 -3.314809000000000158e-03 -4.870261550000000161e-01 2.421513000000000138e-03 8.733777400000000135e-01
1.703784447905025244e+09 -1.759214639999999941e+00 3.725491999999999953e-03 5.637925625000000274e+00 -2.625961000000000007e-03 -4.721748530000000055e-01 3.552015999999999854e-03 8.814938660000000148e-01
1.703784448195475340e+09 -1.777286053000000088e+00 3.909245000000000428e-03 5.652392864000000294e+00 -1.970248999999999872e-03 -4.606362279999999809e-01 4.782688000000000217e-03 8.875739569999999690e-01
1.703784448484217644e+09 -1.795658827000000013e+00 4.178135000000000356e-03 5.666865349000000052e+00 -2.653444999999999936e-03 -4.515793029999999875e-01 3.905953000000000203e-03 8.922184709999999574e-01
1.703784448691164255e+09 -1.808712840000000099e+00 4.550316000000000430e-03 5.677688122000000170e+00 -3.073395000000000033e-03 -4.422034619999999916e-01 3.845054000000000093e-03 8.969012499999999832e-01
1.703784448944181919e+09 -1.823135613999999904e+00 4.411616000000000148e-03 5.691464424000000299e+00 -3.502982999999999878e-03 -4.287622269999999958e-01 4.577580000000000364e-03 9.033989909999999846e-01
1.703784449441694260e+09 -1.850246548999999963e+00 5.099059999999999877e-03 5.719729899999999922e+00 -2.351259000000000075e-03 -4.006607529999999806e-01 5.848438000000000074e-03 9.162048099999999806e-01
1.703784449691729069e+09 -1.864122628999999920e+00 4.598574999999999711e-03 5.734540462000000005e+00 -2.475353999999999922e-03 -3.811467590000000016e-01 5.150802999999999805e-03 9.244968890000000439e-01
1.703784449983948946e+09 -1.878309726999999985e+00 5.177025000000000030e-03 5.753655433999999680e+00 -3.448865000000000177e-03 -3.547226190000000168e-01 4.424289999999999994e-03 9.349547620000000503e-01
1.703784450233820200e+09 -1.889968037999999906e+00 4.873632000000000138e-03 5.769457339999999768e+00 -3.495100000000000116e-03 -3.315780460000000152e-01 3.991156000000000044e-03 9.434128999999999987e-01
1.703784450565627098e+09 -1.903216361999999995e+00 5.590910000000000150e-03 5.792560576999999711e+00 -3.049949000000000150e-03 -3.016420009999999929e-01 4.176214000000000141e-03 9.534072879999999639e-01
1.703784450815474033e+09 -1.913087844999999954e+00 5.699044999999999805e-03 5.809897900000000170e+00 -2.667678000000000150e-03 -2.801405490000000165e-01 4.314988999999999977e-03 9.599456189999999722e-01
1.703784451358184338e+09 -1.933863759000000071e+00 6.650907999999999647e-03 5.847784519000000181e+00 -4.308779999999999902e-03 -2.514534889999999745e-01 2.821079000000000208e-03 9.678556919999999897e-01
1.703784451612121820e+09 -1.942950844999999926e+00 6.606655000000000340e-03 5.864511013000000439e+00 -1.861325999999999953e-03 -2.438129189999999891e-01 3.444824999999999884e-03 9.698144199999999548e-01
1.703784451773070335e+09 -1.948510050999999965e+00 6.845147000000000211e-03 5.875755787000000119e+00 -1.559929999999999954e-04 -2.397997829999999886e-01 3.747498000000000148e-03 9.708151219999999748e-01
1.703784451984267950e+09 -1.955903769000000070e+00 6.470464000000000424e-03 5.890962601000000021e+00 -1.533012999999999954e-03 -2.350051400000000013e-01 4.160717999999999882e-03 9.719840290000000271e-01
1.703784452483783245e+09 -1.972758650999999919e+00 7.964446000000000025e-03 5.929530144000000114e+00 -8.361178000000000360e-03 -2.272540779999999982e-01 6.584315000000000306e-03 9.737773539999999839e-01
1.703784452731083632e+09 -1.980690598000000024e+00 8.288026000000000421e-03 5.948739529000000026e+00 -1.094100700000000086e-02 -2.259872699999999901e-01 9.722257999999999248e-03 9.740203020000000045e-01
1.703784453231411457e+09 -1.999064087999999906e+00 8.925943000000000419e-03 5.982779026000000222e+00 -9.400248999999999411e-03 -2.219206989999999990e-01 2.582696000000000210e-03 9.750159980000000504e-01
1.703784453523366690e+09 -2.011025667000000183e+00 8.840633999999999992e-03 6.002054690999999664e+00 -5.981455999999999579e-03 -2.222406570000000081e-01 -6.289452000000000063e-03 9.749532340000000019e-01
1.703784453812686443e+09 -2.022453547000000018e+00 8.210086999999999594e-03 6.020795344999999799e+00 -3.524760000000000046e-03 -2.393756810000000068e-01 -6.315628000000000214e-03 9.709001179999999787e-01
1.703784454397616386e+09 -2.039201498000000168e+00 6.444319999999999909e-03 6.053914070000000258e+00 1.179416600000000002e-02 -2.514711620000000258e-01 3.631229000000000141e-03 9.677861330000000484e-01
1.703784454652702570e+09 -2.047958136000000096e+00 6.449373999999999905e-03 6.070208549000000176e+00 8.316838999999999482e-03 -2.371311490000000133e-01 -2.772009999999999774e-04 9.714419840000000361e-01
1.703784455811345577e+09 -2.080091715000000008e+00 6.797712000000000025e-03 6.157277584000000026e+00 3.295577000000000055e-03 -1.745430530000000036e-01 -4.380210000000000267e-04 9.846439359999999974e-01
1.703784456480685711e+09 -2.094518900000000183e+00 7.501416000000000334e-03 6.209004401999999700e+00 -4.271839999999999947e-04 -1.397774370000000044e-01 -4.767980000000000113e-04 9.901827570000000245e-01
1.703784456732489586e+09 -2.098055362999999840e+00 7.621260000000000361e-03 6.228340625999999602e+00 -2.429872999999999929e-03 -1.269015520000000008e-01 -1.713569999999999926e-04 9.919123650000000181e-01
1.703784456936663628e+09 -2.101712227000000155e+00 8.340425999999999743e-03 6.245244503000000336e+00 -3.191812000000000035e-03 -1.134438890000000061e-01 -1.077861999999999961e-03 9.935387369999999496e-01
1.703784457602251768e+09 -2.110877036999999845e+00 8.535523999999999195e-03 6.296044349999999845e+00 -3.773817000000000057e-03 -8.342204200000000180e-02 -1.546171000000000047e-03 9.965059760000000155e-01
1.703784458354291916e+09 -2.115692376999999791e+00 8.924240999999999424e-03 6.355124950000000439e+00 -4.628455000000000069e-03 -4.525904000000000038e-02 -2.060414999999999903e-03 9.989624620000000510e-01
1.703784458728211880e+09 -2.117405176000000111e+00 8.555760000000000795e-03 6.384013175999999845e+00 -3.382033000000000001e-03 -3.273809300000000283e-02 -2.084491999999999855e-03 9.994560479999999858e-01
1.703784458976038218e+09 -2.119064331000000134e+00 8.891421000000000047e-03 6.403142451999999984e+00 -1.568577000000000035e-03 -3.583568300000000012e-02 -1.835505999999999987e-03 9.993547799999999981e-01
1.703784459640705824e+09 -2.126360893000000196e+00 8.679826999999999335e-03 6.454323291999999768e+00 -1.598079000000000079e-03 -5.699875199999999975e-02 -6.953050000000000116e-04 9.983727340000000394e-01
1.703784459937238932e+09 -2.129073619999999778e+00 8.893974000000000671e-03 6.477553844000000005e+00 -1.357549999999999903e-03 -6.638732599999999651e-02 -1.313156999999999909e-03 9.977921250000000297e-01
1.703784460436073303e+09 -2.136023760000000049e+00 8.617150000000000504e-03 6.515452862000000067e+00 -6.409140000000000236e-04 -7.772587200000000140e-02 -6.195019999999999650e-04 9.969744090000000059e-01
1.703784460722539186e+09 -2.138726710999999892e+00 9.288123000000000559e-03 6.538732052000000294e+00 -2.047662999999999914e-03 -7.667495300000000402e-02 -3.040839999999999841e-04 9.970539809999999781e-01
1.703784461014772892e+09 -2.142034291999999951e+00 9.384144000000000513e-03 6.561902046000000155e+00 -1.942200999999999953e-03 -7.003136699999999715e-02 -5.173120000000000236e-04 9.975427989999999800e-01
1.703784461309705019e+09 -2.145716189999999912e+00 9.526893999999999293e-03 6.583942412999999938e+00 -1.999964999999999816e-03 -7.080070700000000439e-02 -1.235659999999999970e-03 9.974877239999999645e-01
1.703784461683090687e+09 -2.149820088999999879e+00 9.854309000000000332e-03 6.612535000000000274e+00 -2.155924000000000035e-03 -7.134341399999999389e-02 -1.090540000000000086e-03 9.974489210000000439e-01
1.703784461975023270e+09 -2.152610301999999809e+00 1.010159000000000057e-02 6.635069846999999577e+00 -2.979607999999999909e-03 -6.675974299999999639e-02 -1.599037999999999892e-03 9.977633360000000007e-01
1.703784462308709383e+09 -2.155629157999999990e+00 1.024150400000000023e-02 6.660811900999999757e+00 -2.938783999999999841e-03 -5.862413699999999978e-02 -1.717336999999999987e-03 9.982743259999999896e-01
1.703784462595943213e+09 -2.156385422000000052e+00 1.036527800000000034e-02 6.683236122000000279e+00 -1.960803000000000112e-03 -5.122134799999999988e-02 -1.020906999999999934e-03 9.986848830000000232e-01
1.703784462936715603e+09 -2.158712863999999954e+00 1.052553099999999943e-02 6.709305286000000201e+00 -1.958598000000000196e-03 -4.759377599999999736e-02 -1.550429000000000087e-03 9.988636370000000264e-01
1.703784463512650728e+09 -2.161469460000000176e+00 1.064682900000000002e-02 6.754273891000000418e+00 -1.580856000000000058e-03 -3.044353400000000126e-02 -1.265464999999999906e-03 9.995344280000000303e-01
1.703784464013711214e+09 -2.163417577999999786e+00 1.092162500000000078e-02 6.793138503999999855e+00 -1.527572999999999952e-03 -2.207348699999999928e-02 -3.486489999999999750e-04 9.997551439999999845e-01
1.703784464387882471e+09 -2.164170265000000093e+00 1.131947300000000003e-02 6.822479247999999608e+00 -2.938735000000000045e-03 -1.550492600000000047e-02 -1.386948999999999951e-03 9.998745319999999825e-01
1.703784464719865561e+09 -2.163616656999999943e+00 1.080524400000000031e-02 6.847602843999999855e+00 -2.732432999999999824e-03 -1.999264000000000163e-03 -7.203280000000000056e-04 9.999940400000000285e-01
1.703784465011074066e+09 -2.162864685000000176e+00 1.076660899999999990e-02 6.869727612000000150e+00 -1.598171000000000010e-03 8.282625999999999530e-03 -5.201820000000000012e-04 9.999642970000000020e-01
1.703784465303869247e+09 -2.161137103999999809e+00 1.134952799999999935e-02 6.892269135000000269e+00 -7.538109999999999559e-04 1.577101599999999881e-02 -6.885539999999999673e-04 9.998751280000000019e-01
1.703784465593988657e+09 -2.160189152000000057e+00 1.144312200000000002e-02 6.914958476999999881e+00 -1.387224999999999960e-03 2.467994800000000016e-02 -7.441760000000000388e-04 9.996941689999999658e-01
1.703784465969606161e+09 -2.158281326000000000e+00 1.124027000000000012e-02 6.943307876999999628e+00 -9.227649999999999785e-04 2.783477300000000015e-02 -4.906589999999999520e-04 9.996119740000000142e-01
1.703784466262407541e+09 -2.157390117999999912e+00 1.128872499999999945e-02 6.965887547000000346e+00 2.447339999999999780e-04 2.838193799999999892e-02 -6.134740000000000288e-04 9.995969529999999548e-01
1.703784466552072048e+09 -2.156871318999999954e+00 1.101955500000000032e-02 6.988275050999999571e+00 2.682900000000000012e-05 2.559144000000000002e-02 -8.986379999999999976e-04 9.996720550000000038e-01
1.703784466843446016e+09 -2.155875206000000155e+00 1.154462700000000001e-02 7.011510372000000046e+00 -1.132266999999999952e-03 1.738944499999999990e-02 -5.739379999999999656e-04 9.998480079999999548e-01
1.703784467177660465e+09 -2.156602621000000219e+00 1.164293599999999956e-02 7.036794185999999840e+00 -6.426059999999999932e-04 8.731861999999999957e-03 -1.968023000000000168e-03 9.999597669999999994e-01
1.703784467467177391e+09 -2.157171964999999858e+00 1.154743700000000067e-02 7.058953285000000299e+00 -3.790439999999999847e-04 4.332396999999999984e-03 -2.156779000000000161e-03 9.999882580000000187e-01
1.703784467763963699e+09 -2.157138108999999915e+00 1.179814900000000083e-02 7.081737995000000119e+00 -1.894534000000000018e-03 -2.955920999999999809e-03 -1.340543999999999937e-03 9.999929669999999549e-01
1.703784468101028919e+09 -2.159561395999999966e+00 1.193004899999999986e-02 7.104489802999999881e+00 -2.010795000000000117e-03 -1.832648400000000052e-02 -1.889166999999999973e-03 9.998282790000000420e-01
1.703784468467232704e+09 -2.159710406999999943e+00 1.163987300000000023e-02 7.126291752000000201e+00 6.827599999999999479e-05 -1.510009099999999951e-02 -1.618351999999999985e-03 9.998847250000000297e-01
1.703784468841784239e+09 -2.158744097000000028e+00 1.222165100000000004e-02 7.156266688999999737e+00 -2.348016999999999986e-03 2.363844999999999835e-03 -2.038831999999999971e-03 9.999923710000000465e-01
1.703784469176053762e+09 -2.157297373000000018e+00 1.221603599999999956e-02 7.181974410999999670e+00 -3.084010999999999784e-03 1.529495600000000018e-02 -1.446295999999999910e-03 9.998772139999999586e-01
1.703784469510297775e+09 -2.155307531000000054e+00 1.221075899999999985e-02 7.207718372000000429e+00 -2.579337000000000123e-03 2.972952599999999918e-02 -2.038227000000000094e-03 9.995526080000000091e-01
1.703784469842635870e+09 -2.152385472999999827e+00 1.265144600000000022e-02 7.233325005000000196e+00 -1.315049999999999900e-03 4.493213399999999857e-02 -1.815617000000000055e-03 9.989875559999999988e-01
1.703784470136995792e+09 -2.148073672999999850e+00 1.265845099999999938e-02 7.256141185999999799e+00 -1.866660999999999928e-03 5.822014100000000303e-02 -1.595290999999999983e-03 9.983007910000000207e-01
1.703784470507945061e+09 -2.144604920999999997e+00 1.300811099999999929e-02 7.284714699000000238e+00 -2.497465999999999835e-03 6.927222800000000513e-02 -2.095830999999999823e-03 9.975925089999999607e-01
1.703784471006255388e+09 -2.139414309999999819e+00 1.320646999999999967e-02 7.322207928000000088e+00 -1.354093000000000007e-03 6.013456699999999988e-02 -9.338099999999999786e-04 9.981889720000000077e-01
1.703784471298557758e+09 -2.136526823000000075e+00 1.310470400000000001e-02 7.344440460000000392e+00 -5.242200000000000462e-04 6.216192999999999719e-02 -4.761249999999999857e-04 9.980658289999999599e-01
1.703784471630806923e+09 -2.132604122000000046e+00 1.303036200000000019e-02 7.369632721000000330e+00 -1.078406000000000069e-03 6.972681699999999649e-02 -8.017859999999999701e-04 9.975652689999999767e-01
1.703784472011301994e+09 -2.127300261999999886e+00 1.350634300000000051e-02 7.398117541999999602e+00 -1.061319000000000021e-03 8.634702900000000569e-02 -1.263868999999999930e-03 9.962637420000000077e-01
1.703784472299328566e+09 -2.121542931000000021e+00 1.329591100000000053e-02 7.419003009999999954e+00 8.006390000000000165e-04 1.018451449999999980e-01 -6.449859999999999535e-04 9.947997330000000193e-01
1.703784472719944000e+09 -2.116775751000000039e+00 1.235298100000000072e-02 7.451597214000000413e+00 1.061410000000000044e-03 8.219891000000000003e-02 -8.979450000000000365e-04 9.966149930000000046e-01
1.703784473049288273e+09 -2.113960505000000101e+00 1.306825999999999995e-02 7.477287769000000139e+00 7.744950000000000445e-04 6.832790399999999487e-02 -5.362709999999999482e-04 9.976624849999999878e-01
1.703784473422819614e+09 -2.108963251000000039e+00 1.270703800000000036e-02 7.504706383000000258e+00 1.071282000000000007e-03 7.787493600000000571e-02 -1.229304999999999981e-03 9.969618319999999922e-01
1.703784473919856071e+09 -2.101521014999999881e+00 1.299520900000000062e-02 7.542964458000000150e+00 -1.719109999999999876e-04 9.479671000000000625e-02 1.286659999999999909e-04 9.954966309999999652e-01
1.703784474377659321e+09 -2.093611239999999984e+00 1.241280200000000056e-02 7.577690125000000165e+00 -8.669250000000000523e-04 9.805586199999999364e-02 2.075179999999999874e-04 9.951805470000000264e-01
1.703784474881655693e+09 -2.088198900000000080e+00 1.201915299999999943e-02 7.615933895000000398e+00 -1.571113999999999974e-03 8.100734699999999344e-02 -4.261550000000000017e-04 9.967122080000000439e-01
1.703784475257146597e+09 -2.084709167000000196e+00 1.208381000000000038e-02 7.645604610000000356e+00 -3.104187000000000005e-03 6.306679499999999494e-02 5.892309999999999562e-04 9.980043170000000297e-01
1.703784475669316769e+09 -2.083492040999999961e+00 1.170217200000000027e-02 7.677039622999999757e+00 -2.132503000000000003e-03 4.472133899999999884e-02 6.617609999999999682e-04 9.989970329999999787e-01
1.703784476049221039e+09 -2.081875563000000096e+00 1.194945300000000050e-02 7.705832480999999845e+00 -2.454865999999999993e-03 2.783770299999999837e-02 1.667274999999999964e-03 9.996080400000000310e-01
1.703784476504163980e+09 -2.081771851000000062e+00 1.175805299999999921e-02 7.741638659999999561e+00 -3.990266000000000125e-03 1.196197799999999985e-02 2.198830000000000088e-04 9.999204870000000245e-01
1.703784476958680391e+09 -2.082604170000000199e+00 1.140058000000000044e-02 7.777020453999999638e+00 -3.376693000000000056e-03 -3.686963000000000133e-03 1.140982000000000020e-03 9.999868870000000465e-01
1.703784477336130857e+09 -2.083498001000000155e+00 1.103150399999999927e-02 7.806209564000000434e+00 -3.839194000000000200e-03 -6.705812000000000231e-03 9.398289999999999899e-04 9.999697210000000336e-01
1.703784477667499781e+09 -2.083123446000000101e+00 1.194800799999999955e-02 7.832057476000000129e+00 -3.667988000000000064e-03 -3.665151000000000173e-03 1.530717999999999922e-03 9.999853969999999981e-01
1.703784478086180210e+09 -2.084017037999999822e+00 1.212845799999999995e-02 7.863599299999999737e+00 -4.240853000000000157e-03 -3.184728999999999859e-03 6.864279999999999948e-04 9.999856950000000078e-01
1.703784478499704361e+09 -2.084049702000000170e+00 1.247343000000000063e-02 7.895925045000000253e+00 -3.516144000000000127e-03 -7.238258000000000018e-03 9.269319999999999947e-04 9.999672170000000193e-01
1.703784478958468437e+09 -2.086113929999999783e+00 1.177867200000000045e-02 7.930467605999999670e+00 -4.285909000000000073e-03 -6.253775999999999953e-03 9.884720000000000052e-04 9.999707939999999962e-01
1.703784479459886789e+09 -2.086389542000000041e+00 1.263408100000000013e-02 7.969128609000000196e+00 -2.666517000000000193e-03 -8.371661000000000727e-03 4.297649999999999756e-04 9.999613170000000162e-01
1.703784479961889505e+09 -2.089545011999999868e+00 1.298206699999999991e-02 8.007517814999999928e+00 -3.277194000000000201e-03 -2.356532999999999892e-02 1.307520000000000112e-04 9.997169380000000549e-01
1.703784480420234680e+09 -2.091629505000000222e+00 1.365381499999999970e-02 8.041265488000000516e+00 -2.940995999999999975e-03 -2.983703500000000133e-02 -8.041499999999999495e-05 9.995504619999999729e-01
1.703784480873137951e+09 -2.093331336999999959e+00 1.326321800000000023e-02 8.076863289000000279e+00 -5.644592999999999833e-03 -1.286284400000000001e-02 -3.125070000000000083e-04 9.999012950000000233e-01
1.703784481665628910e+09 -2.092846393999999943e+00 1.361846899999999937e-02 8.135654449000000454e+00 -3.556516000000000018e-03 -7.775202999999999628e-03 -6.422409999999999924e-04 9.999632840000000078e-01
1.703784482120627165e+09 -2.093351602999999894e+00 1.324670099999999962e-02 8.170724869000000723e+00 -2.904044000000000156e-03 -1.084626200000000061e-02 9.745599999999999662e-05 9.999369380000000529e-01
1.703784482705928802e+09 -2.094457626000000072e+00 1.445406200000000016e-02 8.215078353999999194e+00 -4.539038999999999921e-03 -8.434132000000000434e-03 -5.262150000000000161e-04 9.999540449999999581e-01
1.703784483121606112e+09 -2.093501805999999910e+00 1.463651699999999993e-02 8.246902465999999876e+00 -4.134617000000000153e-03 -6.749269999999999922e-03 4.318740000000000057e-04 9.999685879999999916e-01
1.703784483506773233e+09 -2.094033002999999837e+00 1.441295199999999971e-02 8.275242804999999535e+00 -3.832292000000000164e-03 -1.118676000000000045e-02 6.108039999999999477e-04 9.999299050000000078e-01
1.703784483872101545e+09 -2.094578743000000021e+00 1.487099499999999970e-02 8.303877830999999432e+00 -4.475464000000000178e-03 -8.752874000000000765e-03 1.112980000000000040e-04 9.999517199999999884e-01
1.703784484248586655e+09 -2.094546317999999907e+00 1.471728599999999956e-02 8.332038879000000620e+00 -3.777327999999999936e-03 -8.676203999999999861e-03 7.770200000000000110e-04 9.999549389999999871e-01
1.703784485037343979e+09 -2.095808267999999863e+00 1.469129800000000020e-02 8.391366005000000072e+00 -2.641336000000000205e-03 -1.274887700000000047e-02 1.212888000000000074e-03 9.999145270000000529e-01
1.703784485536196709e+09 -2.095931291999999946e+00 1.586834900000000034e-02 8.429002761999999649e+00 -2.135503999999999875e-03 -9.458694999999999603e-03 -6.220000000000000375e-07 9.999529719999999955e-01
1.703784485992748260e+09 -2.096226215000000170e+00 1.599076400000000106e-02 8.465099334999999670e+00 -5.650449000000000097e-03 -6.959222000000000151e-03 8.220999999999999724e-06 9.999598259999999961e-01
1.703784486368240833e+09 -2.094903707999999920e+00 1.714885400000000157e-02 8.492932319999999535e+00 -4.990145999999999991e-03 -5.288933000000000002e-03 4.542489999999999939e-04 9.999734759999999723e-01
1.703784486744436502e+09 -2.096045256000000023e+00 1.737978700000000071e-02 8.522373199000000454e+00 -5.537987000000000291e-03 -5.319721000000000345e-03 6.125650000000000279e-04 9.999703170000000529e-01
1.703784487118063450e+09 -2.095633984000000005e+00 1.774956100000000050e-02 8.550965309000000403e+00 -3.700741999999999921e-03 -7.343320999999999876e-03 1.318532000000000081e-03 9.999653099999999961e-01
1.703784487491810799e+09 -2.097457647000000147e+00 1.683930100000000096e-02 8.579591751000000599e+00 -5.505534000000000296e-03 -5.863669000000000173e-03 3.400860000000000233e-04 9.999676349999999658e-01
1.703784487785136700e+09 -2.097631454000000062e+00 1.709498699999999899e-02 8.600418090999999876e+00 -3.905677000000000194e-03 -6.108589999999999680e-03 1.249731000000000019e-03 9.999729389999999496e-01
1.703784488160383701e+09 -2.097482203999999850e+00 1.714666399999999896e-02 8.629278183000000269e+00 -3.529529000000000000e-03 -8.729719000000000367e-03 1.343454000000000002e-03 9.999547600000000536e-01
1.703784488451042414e+09 -2.099036454999999801e+00 1.729621599999999967e-02 8.651136398000000227e+00 -3.037769999999999967e-03 -1.031222499999999952e-02 9.068359999999999485e-04 9.999418260000000336e-01
1.703784488707952499e+09 -2.099597215999999822e+00 1.712634400000000168e-02 8.670119286000000258e+00 -2.841406999999999787e-03 -1.751685000000000048e-02 1.558252999999999895e-03 9.998413320000000271e-01
1.703784489010343075e+09 -2.100585938000000041e+00 1.784471600000000005e-02 8.687709807999999256e+00 -3.667039999999999883e-03 -1.707437399999999980e-02 1.579869999999999929e-03 9.998462799999999762e-01
1.703784489242074966e+09 -2.100978613000000106e+00 1.792106799999999833e-02 8.694512366999999742e+00 -4.288033999999999596e-03 -1.795108600000000151e-02 1.836085000000000104e-03 9.998280410000000007e-01
1.703784489573877811e+09 -2.101028442000000052e+00 1.777673100000000048e-02 8.695094108999999349e+00 -3.723717999999999993e-03 -1.747205500000000022e-02 1.787535999999999943e-03 9.998388289999999845e-01
1.703784489950663567e+09 -2.101396799000000204e+00 1.774929999999999911e-02 8.695132256000000837e+00 -4.190847000000000148e-03 -1.719580799999999993e-02 1.679177999999999921e-03 9.998419880000000148e-01
