1702688123750164736.000000 0.000000000 0.000000000 0.000000000 -0.000000000 -0.000000000 -0.000000000 1.000000000
1702688124081733120.000000 0.000024454 0.000054440 0.001709146 -0.000458231 0.000516624 0.000300871 0.999999762
1702688124373106176.000000 0.000002203 0.000093140 0.003136889 0.000119675 -0.000093633 -0.000255415 1.000000000
1702688124788979456.000000 -0.000214210 0.000094052 0.005149055 -0.000599551 -0.002999728 -0.000652929 0.999995112
1702688124833318912.000000 -0.000221066 0.000074850 0.005375228 -0.000859863 -0.002796357 -0.000804960 0.999995410
1702688125081451264.000000 -0.000299027 0.000098215 0.006564025 -0.000184936 -0.004069633 -0.001262285 0.999990940
1702688125254037504.000000 -0.000323609 0.000056852 0.007354577 -0.000482032 -0.004479951 0.000146655 0.999989867
1702688125832619520.000000 -0.000152795 0.000081895 0.010272575 -0.001492264 -0.002559681 0.000767001 0.999995351
1702688125956700160.000000 -0.000134387 0.000087848 0.010889571 -0.001044519 -0.002852349 0.000796418 0.999995112
1702688126080536576.000000 -0.000232969 0.000074432 0.011499830 -0.001128752 -0.003299240 0.000838824 0.999993563
1702688126204810496.000000 -0.000279510 0.000043588 0.012119565 -0.001150954 -0.004507220 0.000705131 0.999988914
1702688126330384896.000000 -0.000247483 0.000042684 0.012691155 -0.001239951 -0.004380035 0.000701346 0.999989390
1702688126496179200.000000 -0.000297300 0.000046971 0.013544914 -0.001436739 -0.003720978 0.001060747 0.999991477
1702688126703040768.000000 -0.000131176 0.000004483 0.014487543 0.000557466 -0.002048456 0.001390368 0.999996781
1702688126871085824.000000 -0.000166092 -0.000055782 0.015309952 0.000619174 -0.003347035 0.001728907 0.999992728
1702688127120587520.000000 -0.000193890 -0.000050597 0.016512120 0.001595586 -0.003374925 0.000941566 0.999992609
1702688127330770688.000000 -0.000249746 -0.000050404 0.017486243 0.001708929 -0.004942241 0.000541021 0.999986172
1702688127541034240.000000 -0.000536782 -0.000082019 0.018478055 0.001422979 -0.008087699 0.000764442 0.999966025
1702688127786697728.000000 -0.000527333 -0.000032344 0.019725766 0.001443345 -0.016614556 0.000927258 0.999860525
1702688128041109248.000000 -0.000618641 -0.000012424 0.020904662 0.002428266 -0.018773712 0.000933164 0.999820352
1702688128287231488.000000 -0.000630818 -0.000066287 0.022088813 0.002961180 -0.017324261 -0.000847066 0.999845207
1702688128496362752.000000 -0.000687512 -0.000026461 0.023009980 0.003817998 -0.018611506 0.000402564 0.999819458
1702688128746195200.000000 -0.000797396 -0.000030396 0.024288174 0.002077726 -0.028001696 -0.000377304 0.999605656
1702688129040646144.000000 -0.000990600 -0.000049702 0.025673183 0.003010478 -0.030658368 -0.000074362 0.999525428
1702688129331941632.000000 -0.000938766 -0.000063526 0.027027195 0.004189347 -0.026185814 0.000191855 0.999648333
1702688129575747840.000000 -0.000977502 -0.000082132 0.028226525 0.004973547 -0.025372051 0.000650637 0.999665499
1702688129868022784.000000 -0.000980749 -0.000101874 0.029659281 0.003030760 -0.030695044 0.002081383 0.999522030
1702688130158436864.000000 -0.001151304 -0.000030631 0.031127345 0.001351191 -0.032361720 0.002387992 0.999472499
1702688130450954496.000000 -0.001177253 0.000042488 0.032518756 0.000385773 -0.027897548 0.003435872 0.999604821
1702688130783398656.000000 -0.001244316 0.000088237 0.034132510 -0.001274413 -0.024646716 0.003918975 0.999687731
1702688131074332416.000000 -0.001184706 0.000067586 0.035533231 -0.001636733 -0.021373851 0.003352249 0.999764621
1702688131407266560.000000 -0.001276115 0.000032823 0.037095588 -0.000291938 -0.012195976 0.002856338 0.999921560
1702688131703373312.000000 -0.001218476 0.000059001 0.038493708 -0.000499672 -0.008718688 0.002450783 0.999958873
1702688132034559488.000000 -0.000966687 0.000096029 0.040036380 0.000237703 -0.002915527 0.002305037 0.999993086
1702688132376459008.000000 -0.000974390 0.000056133 0.041623179 0.000086959 -0.002125412 0.002050515 0.999995649
1702688132698576128.000000 -0.001053961 0.000083984 0.043220870 -0.000136016 -0.001034614 0.001715881 0.999997973
1702688133074693632.000000 -0.001066612 0.000065280 0.044920418 0.000022408 0.000016853 0.001500579 0.999998868
1702688133491797504.000000 -0.001159665 0.000114733 0.046895988 -0.001507784 -0.002394478 0.000804034 0.999995708
1702688133868902400.000000 -0.001214658 0.000138782 0.048661850 -0.002458908 -0.001512097 0.000683916 0.999995649
1702688134242820864.000000 -0.001212848 0.000087054 0.050360151 -0.000871600 -0.001092440 0.000993251 0.999998569
1702688134662463232.000000 -0.001159285 0.000101583 0.052314054 -0.002386926 -0.000449005 0.001004451 0.999996543
1702688135074150400.000000 -0.001188465 0.000122592 0.054229785 -0.002631510 0.001255724 0.001242456 0.999994993
1702688135446045184.000000 -0.001165691 0.000110208 0.055891860 -0.000633499 0.000950839 0.001674382 0.999997973
1702688135822632448.000000 -0.001248946 0.000097338 0.057689235 -0.002201683 0.000472412 0.001212881 0.999996722
1702688136196136448.000000 -0.001256328 0.000096175 0.059498873 -0.002964175 0.004425522 -0.000192023 0.999985814
1702688136615336192.000000 -0.001207411 0.000109094 0.061352696 -0.001520128 0.001565961 0.000941830 0.999997199
1702688136987335168.000000 -0.001176674 0.000134062 0.063090429 -0.001087852 0.002813431 0.001068326 0.999994874
1702688137365318144.000000 -0.001281969 0.000085204 0.064814687 -0.001082999 -0.002675740 0.002212596 0.999993384
1702688137776322560.000000 -0.001272999 0.000141337 0.066760503 -0.001690464 -0.003240626 0.002031693 0.999991298
1702688138151272704.000000 -0.001312146 0.000081996 0.068504974 -0.001634236 -0.003012968 0.002445692 0.999991179
1702688138527625216.000000 -0.001365400 0.000105089 0.070192970 -0.002226994 -0.006790919 0.003259995 0.999969125
1702688139069547776.000000 -0.001292417 0.000131423 0.072647169 0.000763747 0.010885444 0.002447500 0.999937475
1702688139443001600.000000 -0.001173667 0.000129287 0.074352391 0.001678919 0.029965067 0.001999056 0.999547601
1702688139693775616.000000 -0.001101793 0.000099072 0.075502910 0.002029358 0.041685291 0.000729083 0.999128461
1702688139946239744.000000 -0.000992898 0.000055585 0.076637544 0.001248609 0.052594353 0.002460372 0.998612165
1702688140108269568.000000 -0.000869811 0.000091153 0.077392735 0.002179920 0.060212873 0.001441420 0.998182178
1702688140650528256.000000 -0.000391056 0.000108699 0.079802215 0.001797419 0.083629310 0.001991593 0.996493340
1702688141026492672.000000 -0.000019320 0.000117545 0.081433326 0.000468206 0.096876182 0.004071293 0.995288014
1702688141192160512.000000 0.000076746 0.000185878 0.082111716 0.001428619 0.101496287 0.003493977 0.994828761
1702688141401331456.000000 0.000297120 0.000171517 0.082983583 0.002288349 0.100995816 0.003663241 0.994877517
1702688141569413888.000000 0.000471896 0.000206386 0.083643563 0.002018830 0.101337656 0.003049133 0.994845390
1702688141773551104.000000 0.000648578 0.000161281 0.084398888 0.001717056 0.097480483 0.003524931 0.995229721
1702688142194232064.000000 0.000703711 0.000120854 0.086278722 0.001632293 0.091650903 0.003034059 0.995785236
1702688142523002624.000000 0.000890880 0.000116932 0.087251291 0.002395812 0.090511739 0.002456227 0.995889485
1702688143066117120.000000 0.001313791 0.000089535 0.089027844 0.001179150 0.088894241 0.002838923 0.996036351
1702688143274113280.000000 0.001393034 0.000132789 0.089660704 0.001119792 0.087779045 0.002600154 0.996136010
1702688143445621504.000000 0.001421354 0.000124473 0.090218581 0.001191984 0.086542249 0.002158156 0.996245146
1702688143650027776.000000 0.001450258 0.000121334 0.090881363 0.001201255 0.084530428 0.001367469 0.996419251
1702688144230925312.000000 0.001866392 0.000059054 0.092714600 0.000913994 0.085003361 0.002316932 0.996377587
1702688144564672512.000000 0.002112168 0.000026742 0.093761213 0.001336957 0.084434628 0.001674835 0.996426761
1702688144898040576.000000 0.002321468 0.000036471 0.094839476 0.001924301 0.089872204 0.002456513 0.995948434
1702688145104768768.000000 0.002512329 0.000064553 0.095516838 0.002215098 0.092784032 0.001951542 0.995681882
1702688145313872640.000000 0.002651301 0.000091809 0.096232355 0.001510779 0.094172716 0.001950714 0.995552838
1702688145522630400.000000 0.002706790 0.000083522 0.096879810 0.001550115 0.093142226 0.001801304 0.995649993
1702688145729303552.000000 0.002876996 0.000081365 0.097502321 0.000629496 0.090873607 0.002082277 0.995860100
1702688146146174464.000000 0.003061500 0.000097324 0.098862723 0.002923619 0.071927533 0.001405896 0.997404575
1702688146354391808.000000 0.003311524 0.000083842 0.099482045 0.003419627 0.063305393 0.000798903 0.997988045
1702688146525764096.000000 0.003389692 0.000081275 0.099995665 0.002465897 0.057004537 0.001008603 0.998370349
1702688146728772352.000000 0.003377933 0.000085345 0.100717522 0.001455049 0.046904638 -0.000657663 0.998898089
1702688146978892800.000000 0.003491730 0.000123764 0.101532981 -0.000633739 0.036289465 -0.000826649 0.999340832
1702688147147460096.000000 0.003491808 0.000137204 0.102089129 0.000969471 0.048177935 -0.000711522 0.998838067
1702688147395023872.000000 0.003527773 0.000122117 0.102798313 0.002445330 0.056747973 0.000262305 0.998385549
1702688147655577088.000000 0.003666485 0.000123493 0.103351064 0.001623631 0.060512017 -0.000094118 0.998166203
1702688147938467072.000000 0.003760185 0.000138899 0.104196727 0.000436185 0.060107473 -0.000921536 0.998191416
1702688148186747392.000000 0.003786327 0.000138161 0.104907222 0.000092019 0.060704164 -0.000684052 0.998155594
1702688148476681728.000000 0.003833971 0.000118441 0.105675466 0.001200395 0.062235814 -0.000745590 0.998060465
1702688148768627712.000000 0.003889347 0.000137073 0.106456831 0.001654885 0.062105250 -0.000647119 0.998068035
1702688149025489920.000000 0.004023515 0.000104566 0.107159369 0.002037364 0.062582396 -0.000283883 0.998037696
1702688149310498560.000000 0.004147630 0.000142235 0.107972719 0.002229990 0.063924529 -0.000380178 0.997952163
1702688149558710272.000000 0.004085369 0.000122400 0.108615138 0.003076231 0.063568771 0.000081415 0.997972727
1702688149974812672.000000 0.004315531 0.000133796 0.109813660 0.002819289 0.064780794 0.000369016 0.997895479
1702688150433784576.000000 0.004511392 0.000105546 0.111106187 0.003665489 0.068946138 0.000347418 0.997613609
1702688150975797760.000000 0.004773395 0.000059293 0.112692967 0.003234670 0.073024377 0.001100656 0.997324288
1702688151350380544.000000 0.004968205 0.000086999 0.113797329 0.001726515 0.075901218 -0.000825449 0.997113526
1702688151723624704.000000 0.005105306 0.000084848 0.114884384 0.000147445 0.077290453 -0.000814627 0.997008324
1702688152227737600.000000 0.005358106 0.000030078 0.116314411 0.001547411 0.079645269 -0.000809688 0.996821761
1702688152681483776.000000 0.005610677 0.000120066 0.117688276 0.000447584 0.088010207 -0.003088095 0.996114731
1702688153099293696.000000 0.005852550 0.000111785 0.118871011 0.001371171 0.102025516 -0.001759333 0.994779348
1702688153597759744.000000 0.006232820 0.000096281 0.120296158 0.001979635 0.112343512 -0.002703788 0.993663788
1702688154099971840.000000 0.006542306 0.000079660 0.121720359 0.002104880 0.110995382 -0.003123488 0.993813813
1702688154598923520.000000 0.006797823 0.000085370 0.123105004 0.004175329 0.103076197 -0.004062530 0.994656444
1702688155097371392.000000 0.007044901 0.000104696 0.124544173 0.003873300 0.085883565 -0.003609916 0.996291101
1702688155554292480.000000 0.007229987 0.000108674 0.125848785 0.001114340 0.073728457 -0.004452605 0.997267842
1702688156013141760.000000 0.007322284 0.000100680 0.127132073 0.000030794 0.054379176 -0.003406434 0.998514533
1702688156638221312.000000 0.007363818 0.000128205 0.128827125 0.002155107 0.025527600 -0.005009970 0.999659240
1702688157137738240.000000 0.007375940 0.000071391 0.130326837 0.000465409 0.002542230 -0.002956990 0.999992311
1702688157636494336.000000 0.007241702 0.000115206 0.131800666 -0.001872268 -0.021933865 -0.004325101 0.999748349
1702688158136134400.000000 0.007129732 0.000106259 0.133249849 -0.002270723 -0.027560880 -0.005462382 0.999602616
1702688158552083200.000000 0.007117627 0.000131129 0.134451345 -0.000581256 -0.023905117 -0.004415798 0.999704361
1702688159135774976.000000 0.007023013 0.000148850 0.136123613 -0.000307114 -0.022359179 -0.004660459 0.999739110
1702688159551476736.000000 0.006890786 0.000152556 0.137313128 -0.000782064 -0.031514168 -0.003692179 0.999496222
1702688160021692928.000000 0.006846795 0.000169812 0.138666272 -0.001561182 -0.036942452 -0.004240604 0.999307156
1702688160552303360.000000 0.006881390 0.000216853 0.140229732 -0.000693434 -0.026331127 -0.004906770 0.999641001
1702688161548185344.000000 0.006816660 0.000133529 0.142960802 0.001061582 -0.005789770 -0.003392975 0.999976933
1702688162047826176.000000 0.006866928 0.000146655 0.144326240 0.000162435 -0.000246266 -0.003562966 0.999993622
1702688162630950656.000000 0.006849426 0.000184694 0.145989716 0.000136917 0.002990157 -0.003404636 0.999989748
1702688162964783616.000000 0.006897620 0.000193013 0.146954358 0.000771404 0.008412346 -0.002598886 0.999960959
1702688163254687744.000000 0.006823103 0.000204205 0.147706270 0.000670704 0.015231317 -0.004270958 0.999874651
1702688163547879680.000000 0.006833024 0.000193395 0.148524597 0.000449919 0.020516669 -0.003848793 0.999782026
1702688163843146496.000000 0.006857198 0.000208287 0.149291068 0.000898197 0.024350176 -0.004397602 0.999693394
1702688164379655424.000000 0.006802686 0.000217030 0.150772214 0.002923568 0.038489804 -0.003267014 0.999249399
1702688164962179840.000000 0.007007539 0.000233121 0.152509838 0.000725297 0.030871237 -0.004107515 0.999514699
1702688165298255360.000000 0.007032756 0.000241385 0.153323412 0.001907708 0.032502767 -0.005835143 0.999452829
1702688165673175296.000000 0.007145180 0.000339172 0.154289961 0.001367395 0.029257860 -0.004975004 0.999558568
1702688166003127808.000000 0.007269472 0.000186781 0.155075535 0.000790014 0.029861733 -0.004303500 0.999544501
1702688166671587584.000000 0.007192387 0.000209467 0.156610742 0.000517316 0.033552554 -0.007309529 0.999410093
1702688167127230976.000000 0.007237792 0.000226500 0.157696351 -0.000829243 0.046523333 -0.006872362 0.998893201
1702688167463767040.000000 0.007267909 0.000226170 0.158467144 -0.000097541 0.058697619 -0.006366771 0.998255551
1702688167794887680.000000 0.007199238 0.000222293 0.159076676 -0.000958952 0.063525312 -0.006280014 0.997960031
1702688168126827520.000000 0.007230570 0.000211390 0.159710705 -0.001019147 0.072472855 -0.005073793 0.997357011
1702688168459572480.000000 0.007226313 0.000220385 0.160147637 -0.001099609 0.078369766 -0.006102180 0.996905088
1702688168709669632.000000 0.007216165 0.000231930 0.160469785 -0.000507218 0.083235294 -0.007982169 0.996497869
1702688169004211456.000000 0.007285747 0.000238733 0.160981119 0.000701749 0.090677693 -0.005248632 0.995866239
1702688169249729024.000000 0.007302604 0.000242475 0.161472321 0.000164963 0.098306522 -0.005225074 0.995142460
1702688169513985536.000000 0.007320362 0.000243358 0.162083775 0.000807849 0.108623296 -0.005403810 0.994067967
1702688169753377536.000000 0.007395152 0.000194361 0.162599295 -0.001167108 0.117669158 -0.008333383 0.993017197
1702688169999019264.000000 0.007332940 0.000160479 0.163239241 -0.001657963 0.129300073 -0.006849561 0.991580486
1702688170209553152.000000 0.007338916 0.000196446 0.163773760 0.000840424 0.138572276 -0.006454535 0.990330935
1702688170457204992.000000 0.007383323 0.000186020 0.164486691 0.001260197 0.152348906 -0.004020169 0.988317788
1702688170669401600.000000 0.007457307 0.000224930 0.165029004 0.001651077 0.162678167 -0.007485046 0.986649454
1702688170874715648.000000 0.007468550 0.000224783 0.165301412 0.001021704 0.167137012 -0.006168504 0.985913873
1702688171124127744.000000 0.007465563 0.000228845 0.165958166 0.002282498 0.180010974 -0.004440927 0.983651936
1702688171372530688.000000 0.007474911 0.000233515 0.166419253 0.002437372 0.186925381 -0.003850589 0.982363582
1702688171582180608.000000 0.007451212 0.000251962 0.166777611 0.000827857 0.190933526 -0.004546769 0.981592119
1702688171794564096.000000 0.007331669 0.000205583 0.167190656 0.000217934 0.198431090 -0.004056417 0.980106413
1702688171998087168.000000 0.007128197 0.000076031 0.167189673 -0.003536075 0.197538152 -0.004489372 0.980278552
1702688172207362816.000000 0.006755911 -0.000082828 0.167417303 -0.007441462 0.200357392 -0.004683731 0.979683459
1702688172415469312.000000 0.006764522 -0.000110146 0.167592138 -0.008041755 0.202569380 -0.005745697 0.979218066
1702688172621777664.000000 0.006556394 -0.000121947 0.167862609 -0.008316412 0.203564465 -0.006674943 0.979003489
1702688174496717056.000000 0.006678244 0.000225169 0.170460150 -0.002479409 0.037565071 -0.001629862 0.999289811
1702688174749397760.000000 0.006519711 0.000319817 0.170878068 -0.000247216 0.019803282 -0.002677169 0.999800265
1702688174957649920.000000 0.006630932 0.000349893 0.171298534 0.000586693 0.000658058 -0.002599574 0.999996245
1702688175585099264.000000 0.007063898 0.000368466 0.172503188 0.000925214 -0.055299181 -0.002127813 0.998467147
1702688175746827264.000000 0.007058354 0.000342912 0.172619507 -0.001259080 -0.059777297 -0.002751947 0.998207152
1702688175910892800.000000 0.007128775 0.000307643 0.172843501 -0.003855371 -0.069014922 -0.003433723 0.997602284
1702688176244094464.000000 0.007188607 0.000284677 0.173333779 -0.007601283 -0.089168496 -0.003442693 0.995981634
1702688176784389376.000000 0.007483554 0.000050992 0.174048305 -0.015440770 -0.122188099 -0.009820979 0.992338240
1702688176958643968.000000 0.007462822 0.000051904 0.174201131 -0.015991334 -0.129359663 -0.010322697 0.991415024
1702688177162247168.000000 0.007430907 0.000035376 0.174239680 -0.016658176 -0.130439699 -0.010631181 0.991259277
1702688177369846016.000000 0.007419944 0.000024996 0.174289092 -0.017937586 -0.129531622 -0.010686449 0.991355419
1702688177747878144.000000 0.007345463 0.000012733 0.174426079 -0.019680742 -0.133122623 -0.011326346 0.990839422
1702688178164684800.000000 0.007249466 0.000018041 0.174624383 -0.020460570 -0.140913069 -0.012719334 0.989728808
1702688178786367488.000000 0.007094731 0.000030743 0.174911529 -0.021833135 -0.161573306 -0.013598114 0.986525476
1702688178992055040.000000 0.007050650 0.000033028 0.175002545 -0.021994412 -0.170104265 -0.013043253 0.985094249
1702688179202244864.000000 0.006995510 0.000032211 0.175097972 -0.023702774 -0.177431390 -0.012919372 0.983762860
1702688179574778112.000000 0.006892487 0.000042201 0.175268352 -0.022695884 -0.191697672 -0.015105637 0.981075287
1702688179992841216.000000 0.006784501 0.000035695 0.175460234 -0.026738910 -0.208862156 -0.013819497 0.977481842
1702688180159703040.000000 0.006739377 0.000021350 0.175529465 -0.026927633 -0.215379953 -0.014760163 0.976047397
1702688180574746880.000000 0.006591478 0.000026270 0.175706893 -0.026698574 -0.229479045 -0.015221311 0.972828269
1702688180990787072.000000 0.006440758 0.000045721 0.175903946 -0.028189911 -0.249938324 -0.013914430 0.967751265
1702688181199485952.000000 0.006358167 0.000047331 0.175971076 -0.027393999 -0.257460624 -0.013965013 0.965799451
1702688181407512064.000000 0.006313135 0.000039644 0.176020652 -0.027865868 -0.266706973 -0.013687473 0.963277519
1702688181620156416.000000 0.006258339 0.000044872 0.176074043 -0.029060747 -0.275556326 -0.012816743 0.960760057
1702688181824705280.000000 0.006183501 0.000047517 0.176158994 -0.031186827 -0.284379303 -0.012751326 0.958119631
1702688182041749760.000000 0.006154140 0.000035931 0.176194027 -0.034018103 -0.294562638 -0.014477297 0.954916775
1702688182282747648.000000 0.006112948 0.000040488 0.176258922 -0.037921563 -0.307316095 -0.018019009 0.950680852
1702688182449779200.000000 0.006083358 0.000040367 0.176287770 -0.038347498 -0.314044654 -0.019665997 0.948429585
1702688182657080320.000000 0.006034054 0.000053978 0.176312804 -0.036661305 -0.323228151 -0.016580559 0.945465267
1702688182866460416.000000 0.005999470 0.000056442 0.176344708 -0.038119309 -0.334141761 -0.016381215 0.941609204
1702688183115879424.000000 0.005965715 0.000058538 0.176375628 -0.039384600 -0.348001629 -0.016390657 0.936522901
1702688183326176512.000000 0.005949039 0.000054810 0.176390201 -0.041666858 -0.360654384 -0.016509933 0.931622088
1702688183571993600.000000 0.005928654 0.000058580 0.176406384 -0.041762732 -0.379394591 -0.015723264 0.924158216
1702688183780685312.000000 0.005913708 0.000061566 0.176418722 -0.040776201 -0.394764394 -0.013961654 0.917770922
1702688183988583424.000000 0.005898613 0.000060800 0.176428795 -0.043930989 -0.408324182 -0.013020736 0.911686301
1702688184247132160.000000 0.005879007 0.000061983 0.176443800 -0.044398241 -0.427495331 -0.012603058 0.902838707
1702688184529604864.000000 0.005855747 0.000062141 0.176457703 -0.046255864 -0.449915409 -0.011384022 0.891799808
1702688184779060736.000000 0.005837612 0.000064610 0.176470846 -0.046427801 -0.472642511 -0.009789363 0.879975975
1702688185073422592.000000 0.005815491 0.000066594 0.176481634 -0.044942494 -0.495268703 -0.007974270 0.867539942
1702688185321039616.000000 0.005795605 0.000068871 0.176491752 -0.044978246 -0.515612483 -0.005927062 0.855620027
1702688185528451328.000000 0.005777746 0.000071103 0.176499993 -0.046405986 -0.532341540 -0.005369522 0.845239699
1702688185745023488.000000 0.005762286 0.000072374 0.176508337 -0.046920419 -0.550855219 -0.005071746 0.833265424
1702688186364480768.000000 0.005722627 0.000074283 0.176519722 -0.047234554 -0.593545258 -0.003772366 0.803404450
1702688186569126656.000000 0.005712435 0.000077181 0.176519632 -0.046362933 -0.603963435 -0.002322495 0.795659065
1702688186818877440.000000 0.005704880 0.000075851 0.176522300 -0.045433186 -0.609483182 -0.001644024 0.791494489
1702688187028751360.000000 0.005688503 0.000077038 0.176526621 -0.047522407 -0.612130284 -0.003368870 0.789320469
1702688187238864640.000000 0.005669460 0.000079117 0.176532611 -0.047928106 -0.605248034 -0.003497606 0.794585109
1702688187443505664.000000 0.005650938 0.000082138 0.176538706 -0.046801571 -0.603251457 -0.003023831 0.796170950
1702688187656475904.000000 0.005629450 0.000081307 0.176540613 -0.047862429 -0.607971668 -0.004674362 0.792500973
1702688187903101440.000000 0.005605772 0.000084309 0.176548496 -0.047432393 -0.611326694 -0.002708942 0.789950967
1702688188693451520.000000 0.005531281 0.000090449 0.176568717 -0.046180800 -0.600812912 -0.003068000 0.798048735
1702688188985489152.000000 0.005503178 0.000093159 0.176577196 -0.046588503 -0.602064312 -0.002667966 0.797082782
1702688189190365952.000000 0.005481347 0.000095153 0.176579803 -0.046773713 -0.616626859 -0.001242323 0.785863936
1702688189441761536.000000 0.005457923 0.000096037 0.176584378 -0.047471929 -0.626343608 -0.002187613 0.778097332
1702688189690997760.000000 0.005432829 0.000098955 0.176588565 -0.046795551 -0.625234306 -0.003587583 0.779024661
1702688189940470528.000000 0.005408987 0.000101114 0.176593542 -0.046835486 -0.625184178 -0.004024772 0.779060304
1702688190193979136.000000 0.005384043 0.000104131 0.176598102 -0.046824455 -0.641041338 -0.002299421 0.766073167
1702688190484710144.000000 0.005355448 0.000106536 0.176601276 -0.044952575 -0.646667957 -0.002217295 0.761442661
1702688190731891456.000000 0.005331859 0.000106820 0.176605314 -0.045605421 -0.637011230 -0.003021229 0.769498289
1702688190982280704.000000 0.005306661 0.000108207 0.176612183 -0.046825361 -0.633462191 -0.002741025 0.772350729
1702688191188974080.000000 0.005286813 0.000109552 0.176613942 -0.047304370 -0.643090963 -0.001730449 0.764325380
1702688191438739200.000000 0.005263165 0.000110661 0.176617011 -0.046828452 -0.643836319 -0.001194265 0.763728082
1702688191688300544.000000 0.005239636 0.000111496 0.176622391 -0.046444762 -0.631832421 -0.000370265 0.773712218
1702688191938365440.000000 0.005215734 0.000113903 0.176629543 -0.046468072 -0.629154742 0.000175219 0.775889874
1702688192151530752.000000 0.005194470 0.000116381 0.176635846 -0.045794964 -0.618486464 -0.000106075 0.784459949
1702688192438267392.000000 0.005167723 0.000118722 0.176641807 -0.045980603 -0.612020731 -0.001006439 0.789503336
1702688192729799936.000000 0.005137488 0.000121064 0.176652551 -0.047466815 -0.596615493 -0.003985252 0.801112354
1702688193069578752.000000 0.005105600 0.000123285 0.176659912 -0.048064087 -0.603086054 -0.003265532 0.796220124
1702688193355458048.000000 0.005078018 0.000127264 0.176666394 -0.045980766 -0.612047732 -0.003163916 0.789476633
1702688193687123200.000000 0.005046628 0.000129647 0.176678658 -0.045869291 -0.597178161 -0.003467814 0.800788522
1702688194021547008.000000 0.005015939 0.000132003 0.176689908 -0.045125004 -0.586441755 -0.003841038 0.808724344
1702688194355691008.000000 0.004984081 0.000134514 0.176699519 -0.045880407 -0.585441291 -0.004301810 0.809404075
1702688194690617856.000000 0.004953317 0.000137489 0.176710218 -0.045651414 -0.579894722 -0.004331534 0.813399911
1702688194982391552.000000 0.004925579 0.000139551 0.176719606 -0.046434481 -0.583418608 -0.002092339 0.810840428
1702688195358011136.000000 0.004891321 0.000141568 0.176731348 -0.045219529 -0.576517045 -0.002938769 0.815827608
1702688195685280000.000000 0.004859008 0.000144750 0.176744580 -0.043987345 -0.568209946 -0.004400582 0.821695328
1702688196023416320.000000 0.004830450 0.000146569 0.176756471 -0.044725787 -0.566067636 -0.004487386 0.823132396
1702688196358001408.000000 0.004797742 0.000149613 0.176769108 -0.045785662 -0.555093348 -0.005906410 0.830505967
1702688196684619264.000000 0.004767366 0.000153689 0.176781937 -0.043443438 -0.545365155 -0.004551313 0.837059617
1702688197020501248.000000 0.004735559 0.000156941 0.176796928 -0.044544946 -0.530685961 -0.006633893 0.846371174
1702688197352413696.000000 0.004705846 0.000158953 0.176811591 -0.046000965 -0.519389391 -0.008249739 0.853258729
1702688197728724992.000000 0.004675806 0.000160356 0.176832363 -0.045993041 -0.503811657 -0.008361553 0.862547696
1702688198068964352.000000 0.004652001 0.000161252 0.176855296 -0.046904966 -0.490405887 -0.008776373 0.870186746
1702688198362723840.000000 0.004625395 0.000166945 0.176870510 -0.045827217 -0.477031767 -0.010325104 0.877629757
1702688198935138816.000000 0.004578609 0.000170323 0.176906139 -0.044840816 -0.455553234 -0.010632922 0.889014900
1702688199146966784.000000 0.004565571 0.000170771 0.176914483 -0.044790439 -0.451149583 -0.009896154 0.891268790
1702688199391685632.000000 0.004545461 0.000172809 0.176930889 -0.045674905 -0.444692284 -0.010172195 0.894460201
1702688199642146304.000000 0.004528187 0.000173025 0.176942855 -0.046428911 -0.439652622 -0.010842999 0.896901548
1702688199889508608.000000 0.004507218 0.000174169 0.176952630 -0.044840537 -0.434274733 -0.011352643 0.899592102
1702688200140529408.000000 0.004488576 0.000176414 0.176969334 -0.044458523 -0.437503457 -0.011601250 0.898042083
1702688200353221632.000000 0.004473280 0.000180804 0.176985189 -0.045738202 -0.440274864 -0.010572856 0.896634996
1702688200598961920.000000 0.004453193 0.000183022 0.177000985 -0.046103250 -0.443081558 -0.009971493 0.895239532
1702688200848833792.000000 0.004434403 0.000185252 0.177013397 -0.045784183 -0.446526259 -0.009521741 0.893547714
1702688201097799936.000000 0.004413091 0.000187993 0.177026749 -0.046539962 -0.456573874 -0.008704782 0.888424754
1702688201349103616.000000 0.004395358 0.000190729 0.177045435 -0.047218371 -0.468460679 -0.007075617 0.882193327
1702688201600091904.000000 0.004373111 0.000192332 0.177055314 -0.047282133 -0.469437838 -0.009630659 0.881646037
1702688201888040960.000000 0.004349612 0.000196022 0.177071944 -0.047114208 -0.468044370 -0.009964658 0.882391930
1702688202097540608.000000 0.004332468 0.000197796 0.177082926 -0.047961440 -0.469662130 -0.009880177 0.881487131
1702688202564944384.000000 0.004293986 0.000201508 0.177106708 -0.047753040 -0.477302402 -0.009152488 0.877392948
1702688202808984064.000000 0.004274599 0.000204812 0.177120492 -0.047409251 -0.475231171 -0.009691646 0.878529310
1702688203097716736.000000 0.004248582 0.000207752 0.177133515 -0.047154922 -0.466066301 -0.011046366 0.883423209
1702688203307215872.000000 0.004233606 0.000207261 0.177143708 -0.047713511 -0.462527871 -0.011003372 0.885251582
1702688203597572352.000000 0.004212856 0.000210683 0.177164108 -0.046353206 -0.446997195 -0.010392815 0.893273175
1702688203847037440.000000 0.004196290 0.000212211 0.177180424 -0.045426566 -0.429583997 -0.010892347 0.901817799
1702688204097290752.000000 0.004177645 0.000214623 0.177196756 -0.044121925 -0.416677743 -0.011280901 0.907912791
1702688204643497472.000000 0.004140746 0.000216876 0.177231163 -0.045390774 -0.391290545 -0.014194030 0.919037521
1702688204886427904.000000 0.004122719 0.000214087 0.177246675 -0.047259733 -0.376079917 -0.016649419 0.925231457
1702688205137715200.000000 0.004109364 0.000222017 0.177268162 -0.044584714 -0.360854805 -0.015352699 0.931429207
1702688205360034816.000000 0.004097762 0.000221675 0.177283287 -0.044943511 -0.349422842 -0.016440189 0.935742259
1702688205597068544.000000 0.004082544 0.000223500 0.177300751 -0.045754284 -0.334157407 -0.016840700 0.941255391
1702688206553478400.000000 0.004040282 0.000231585 0.177383035 -0.042281926 -0.246329337 -0.021979963 0.968013942
1702688207051601408.000000 0.004023351 0.000234094 0.177426577 -0.043284383 -0.197852165 -0.024878589 0.978959680
1702688207306366464.000000 0.004017482 0.000235785 0.177448928 -0.041713703 -0.175056592 -0.026373997 0.983320713
1702688207552738048.000000 0.004009397 0.000238795 0.177472547 -0.042238366 -0.154621452 -0.028177276 0.986668229
1702688207803040256.000000 0.004006344 0.000240589 0.177496716 -0.041258015 -0.133292288 -0.028332692 0.989812255
1702688208344605184.000000 0.003997232 0.000245201 0.177548155 -0.039129406 -0.101528406 -0.029612405 0.993621647
1702688208590083840.000000 0.003993290 0.000246291 0.177570477 -0.040491968 -0.094428226 -0.030066306 0.994253397
1702688208840121600.000000 0.003991716 0.000249066 0.177594855 -0.041310444 -0.092353143 -0.027354525 0.994492888
1702688209216115200.000000 0.003986870 0.000253016 0.177632317 -0.044009235 -0.100660622 -0.023276558 0.993674457
1702688210215263488.000000 0.003955028 0.000263010 0.177724212 -0.044595283 -0.130854577 -0.038164813 0.989662468
1702688210515516160.000000 0.003947156 0.000263918 0.177748978 -0.038540374 -0.152996033 -0.035182644 0.986848056
1702688210845222912.000000 0.003937258 0.000265252 0.177773714 -0.029205913 -0.168721139 -0.029192884 0.984798431
1702688211132476160.000000 0.003932742 0.000266760 0.177799746 -0.030845072 -0.142215833 -0.030724987 0.988877773
1702688211463964928.000000 0.003928970 0.000269217 0.177826449 -0.032476414 -0.123990178 -0.032248519 0.991227388
1702688211757419776.000000 0.003923737 0.000270741 0.177854955 -0.032044869 -0.105829716 -0.034079783 0.993283331
1702688212089236992.000000 0.003919641 0.000268628 0.177885160 -0.032709248 -0.089050487 -0.036327954 0.994826853
1702688212379238912.000000 0.003917177 0.000272638 0.177913353 -0.032961186 -0.074843332 -0.034223985 0.996062636
1702688212713030144.000000 0.003914755 0.000275900 0.177946091 -0.034628745 -0.057017513 -0.033575926 0.997207344
1702688213050624256.000000 0.003912183 0.000280170 0.177979410 -0.037090342 -0.040134776 -0.034644131 0.997904420
1702688213419287808.000000 0.003910544 0.000282644 0.178015292 -0.038248934 -0.018677572 -0.036621690 0.998422265
1702688214211087104.000000 0.003912908 0.000287739 0.178091034 -0.036694229 0.025028359 -0.039255712 0.998241484
1702688214508597760.000000 0.003914942 0.000289334 0.178116083 -0.036782470 0.038177505 -0.039418306 0.997815490
1702688214842158336.000000 0.003919882 0.000292193 0.178147316 -0.035639320 0.056262262 -0.040722828 0.996948421
1702688215131506176.000000 0.003924418 0.000293741 0.178171843 -0.033247348 0.069893084 -0.040312231 0.996185005
1702688216211666944.000000 0.003934289 0.000299691 0.178271055 -0.034308903 0.040566847 -0.039681427 0.997798920
1702688216627161344.000000 0.003934244 0.000302069 0.178311542 -0.034415159 0.022099836 -0.039205622 0.998393774
1702688217044773632.000000 0.003936220 0.000305390 0.178349510 -0.034051653 0.011598904 -0.037491862 0.998649240
1702688217461167104.000000 0.003936598 0.000308516 0.178387374 -0.036267564 0.014163988 -0.037947837 0.998520911
1702688217832367104.000000 0.003938934 0.000310041 0.178421095 -0.035172343 0.028451189 -0.038243331 0.998243928
1702688218166671872.000000 0.003940243 0.000311147 0.178452104 -0.034635939 0.028365036 -0.038143523 0.998268962
1702688218460103936.000000 0.003940954 0.000313546 0.178480223 -0.034639783 0.029032830 -0.037905026 0.998258650
1702688218877532672.000000 0.003944763 0.000317012 0.178518087 -0.035558660 0.033221841 -0.039159603 0.998047292
1702688219167444224.000000 0.003944904 0.000318757 0.178545773 -0.035332773 0.034598291 -0.039362047 0.998000622
1702688219543590144.000000 0.003947269 0.000320701 0.178579956 -0.034912448 0.037834536 -0.039088137 0.997908711
1702688219914763520.000000 0.003952307 0.000323977 0.178614616 -0.033548523 0.050429735 -0.038416352 0.997424483
1702688220288699136.000000 0.003955024 0.000326298 0.178649485 -0.034167480 0.052125540 -0.039199572 0.997285783
1702688220622666240.000000 0.003960208 0.000328624 0.178679347 -0.033220921 0.061088536 -0.038292356 0.996844172
1702688220915590400.000000 0.003963652 0.000329835 0.178706139 -0.033410203 0.071409762 -0.039126307 0.996119261
1702688221248893952.000000 0.003968886 0.000331314 0.178736687 -0.032008801 0.086236030 -0.039608154 0.994972348
1702688221622397952.000000 0.003976381 0.000333598 0.178770199 -0.031084046 0.099191912 -0.040180784 0.993770719
1702688222040700672.000000 0.003985391 0.000335725 0.178807676 -0.030937571 0.114058517 -0.041749351 0.992114186
1702688222412844288.000000 0.003994117 0.000337374 0.178841010 -0.030387554 0.121775873 -0.041187365 0.991237044
1702688222871414784.000000 0.004004218 0.000339079 0.178881034 -0.029346742 0.120999947 -0.041398011 0.991354644
1702688223286115328.000000 0.004013051 0.000341089 0.178918958 -0.030405594 0.114494592 -0.041607425 0.992086351
1702688223704744448.000000 0.004019679 0.000342809 0.178956151 -0.030929180 0.101701044 -0.040826332 0.993495643
1702688224203897600.000000 0.004026026 0.000345126 0.178996399 -0.030836226 0.086638056 -0.039512888 0.994978249
1702688224660736000.000000 0.004029557 0.000346914 0.179027081 -0.032393619 0.078950249 -0.039201669 0.995580614
1702688225038375424.000000 0.004037671 0.000349139 0.179060042 -0.032374512 0.095447578 -0.040451840 0.994085193
1702688225494717952.000000 0.004047251 0.000351310 0.179099873 -0.031987127 0.107170656 -0.040501200 0.992900252
1702688225908791296.000000 0.004057932 0.000352675 0.179136351 -0.031015050 0.122445427 -0.040922094 0.991146088
1702688226330569984.000000 0.004068103 0.000355251 0.179172084 -0.031926829 0.129433602 -0.041971549 0.990184844
1702688226741419008.000000 0.004080012 0.000356937 0.179206669 -0.029995933 0.150800183 -0.042409156 0.987198591
1702688227158404864.000000 0.004090918 0.000358904 0.179242045 -0.030054776 0.151256040 -0.042289604 0.987132192
1702688227575424512.000000 0.004104269 0.000360517 0.179277629 -0.028742038 0.161819339 -0.041844483 0.985513806
1702688227995059968.000000 0.004115538 0.000362564 0.179315090 -0.029291479 0.154681787 -0.041587815 0.986653984
1702688228409794048.000000 0.004130697 0.000363634 0.179348707 -0.028395321 0.168707922 -0.043036051 0.984316647
1702688228907167744.000000 0.004147301 0.000364484 0.179390818 -0.026359929 0.191932946 -0.043320414 0.980097055
1702688229280386304.000000 0.004160350 0.000363907 0.179421306 -0.025978081 0.206756040 -0.045253705 0.977000117
1702688229697317376.000000 0.004178688 0.000365996 0.179454505 -0.024667617 0.217863515 -0.044679716 0.974643886
1702688230155956480.000000 0.004197820 0.000365551 0.179491267 -0.023316765 0.232523873 -0.044210214 0.971305549
1702688230613232128.000000 0.004217690 0.000366630 0.179528862 -0.024986306 0.237981334 -0.044357188 0.969934583
1702688231030700288.000000 0.004234561 0.000368258 0.179564521 -0.027462384 0.221730575 -0.043975908 0.973728657
1702688231405540352.000000 0.004246169 0.000369214 0.179594994 -0.027302003 0.201803118 -0.043932743 0.978059351
1702688231737268992.000000 0.004256008 0.000370901 0.179625034 -0.028937530 0.183663189 -0.042490318 0.981644034
1702688232158797824.000000 0.004266383 0.000373674 0.179662123 -0.030846251 0.162652567 -0.041825749 0.985313773
1702688232574000128.000000 0.004275468 0.000375223 0.179699019 -0.031501900 0.140640259 -0.041358739 0.988694847
1702688232960220672.000000 0.004283735 0.000377312 0.179732442 -0.031946205 0.122921050 -0.039464846 0.991116762
1702688233329391360.000000 0.004290029 0.000379092 0.179765299 -0.033237834 0.105927706 -0.038580157 0.993069053
1702688233735116288.000000 0.004296026 0.000380363 0.179802254 -0.033947431 0.086936943 -0.036931220 0.994950056
1702688234153270016.000000 0.004299216 0.000381779 0.179838523 -0.034641154 0.071204372 -0.038308647 0.996123672
1702688234570422016.000000 0.004302654 0.000385138 0.179877013 -0.036680147 0.060422819 -0.036975767 0.996813178
1702688235109162496.000000 0.004307809 0.000388083 0.179924890 -0.036047876 0.053885367 -0.036597941 0.997224927
1702688235567886080.000000 0.004310841 0.000390225 0.179964617 -0.038177237 0.044719175 -0.036829263 0.997590303
1702688235997805568.000000 0.004312454 0.000392132 0.180000588 -0.038114082 0.026316952 -0.036751948 0.998250484
1702688236443614976.000000 0.004315444 0.000395005 0.180042118 -0.036328230 0.036097080 -0.037460785 0.997984946
1702688236901931008.000000 0.004319337 0.000397530 0.180084527 -0.038556427 0.043881055 -0.038664155 0.997543454
1702688237358865152.000000 0.004325318 0.000400363 0.180126369 -0.038807508 0.056002267 -0.039473478 0.996894956
1702688237821500160.000000 0.004332819 0.000403127 0.180165991 -0.036502764 0.077614926 -0.040009908 0.995511293
1702688238275112704.000000 0.004342370 0.000404584 0.180207938 -0.038031001 0.097030491 -0.041200455 0.993700802
1702688238857732864.000000 0.004358633 0.000409431 0.180257484 -0.035816371 0.088026106 -0.039769504 0.994679332
1702688239358281728.000000 0.004367401 0.000411836 0.180302113 -0.035880052 0.092609778 -0.039868582 0.994256794
1702688239857508608.000000 0.004372740 0.000414607 0.180348173 -0.036205336 0.095310442 -0.040129721 0.993979216
1702688240398546688.000000 0.004382393 0.000416629 0.180395931 -0.036879458 0.095057264 -0.040701918 0.993955433
1702688240899346432.000000 0.004388782 0.000418558 0.180440798 -0.035918828 0.097540021 -0.039636318 0.993793130
1702688241396998656.000000 0.004389647 0.000420987 0.180486485 -0.035592515 0.097888894 -0.040104620 0.993751764
1702688241942994432.000000 0.004406053 0.000423382 0.180533290 -0.035773933 0.100749925 -0.040452018 0.993445158
1702688242353607680.000000 0.004413928 0.000426126 0.180569932 -0.036008157 0.101848647 -0.040437732 0.993325293
1702688242771751936.000000 0.004425627 0.000429302 0.180608362 -0.038830619 0.103709385 -0.040951364 0.993005276
1702688243227805184.000000 0.004435417 0.000432282 0.180647969 -0.038259059 0.105420791 -0.041183267 0.992837667
1702688243728917248.000000 0.004434831 0.000435634 0.180693835 -0.040153369 0.102235094 -0.040453967 0.993125975
1702688244145340672.000000 0.004447626 0.000436945 0.180728778 -0.039230861 0.086511254 -0.039669394 0.994687438
1702688244601843200.000000 0.004448604 0.000440782 0.180769354 -0.037862886 0.074560396 -0.039133690 0.995728731
1702688245018846208.000000 0.004453570 0.000443225 0.180805907 -0.037006699 0.073881537 -0.038261201 0.995845437
1702688245474859264.000000 0.004458615 0.000445283 0.180845782 -0.035401456 0.070102908 -0.037900191 0.996190727
1702688245892821248.000000 0.004467391 0.000449293 0.180867106 -0.034046557 0.067891560 -0.036927916 0.996427596
1702688246850657024.000000 0.004467180 0.000449073 0.180867955 -0.033935986 0.070856154 -0.037367251 0.996208549
