1.702688123750164747e+09 0.000000000000000000e+00 0.000000000000000000e+00 0.000000000000000000e+00 -0.000000000000000000e+00 -0.000000000000000000e+00 -0.000000000000000000e+00 1.000000000000000000e+00
1.702688124121896505e+09 4.662399999999999948e-05 9.409100000000000428e-05 4.809143000000000098e-03 -8.690020000000000123e-04 4.088219999999999832e-04 -2.910500000000000001e-05 9.999995229999999458e-01
1.702688124330904007e+09 1.748010000000000091e-04 7.074000000000000372e-06 7.442004999999999801e-03 -6.183690000000000150e-04 -8.833829999999999547e-04 -8.609600000000000239e-04 9.999990460000000025e-01
1.702688124498175144e+09 2.092340000000000096e-04 1.009539999999999960e-04 9.520397999999999361e-03 -4.404400000000000047e-04 -1.779685999999999942e-03 -6.388950000000000011e-04 9.999981519999999735e-01
1.702688124750879765e+09 -8.887799999999999845e-05 9.913099999999999668e-05 1.256326699999999949e-02 -1.445974000000000044e-03 -5.214909000000000211e-03 -6.493679999999999938e-04 9.999851579999999851e-01
1.702688124995704651e+09 -1.494380000000000014e-04 1.276360000000000092e-04 1.567433600000000052e-02 -1.756998000000000067e-03 -5.675976000000000112e-03 -1.131721999999999936e-03 9.999817009999999451e-01
1.702688125254037619e+09 -9.414399999999999852e-05 3.889499999999999945e-05 1.872470399999999827e-02 -1.326703999999999948e-03 -8.633296000000000373e-03 9.809059999999999221e-04 9.999613760000000129e-01
1.702688125370526314e+09 -1.478189999999999886e-04 1.166169999999999983e-04 2.021933299999999906e-02 -1.572763000000000026e-03 -5.928034000000000428e-03 1.226871999999999945e-03 9.999804500000000207e-01
1.702688125745692015e+09 -1.407950000000000098e-04 1.727999999999999990e-04 2.497144600000000131e-02 -1.768084999999999969e-03 -4.492625000000000091e-03 1.185520000000000020e-03 9.999876619999999994e-01
1.702688125874376535e+09 -1.385299999999999900e-04 3.390999999999999890e-05 2.646736800000000153e-02 -2.317790000000000128e-03 -4.495973000000000330e-03 1.138317000000000018e-03 9.999865890000000368e-01
1.702688126038130522e+09 -3.158440000000000206e-04 2.847000000000000016e-06 2.847053700000000062e-02 -2.312175000000000081e-03 -4.643958999999999587e-03 1.134569999999999893e-03 9.999859330000000490e-01
1.702688126163733482e+09 -2.374830000000000029e-04 5.717999999999999803e-05 3.015512999999999874e-02 -1.503877000000000035e-03 -7.594680999999999828e-03 1.426851000000000031e-03 9.999690060000000491e-01
1.702688126330384970e+09 -3.077339999999999915e-04 1.192530000000000049e-04 3.201174400000000170e-02 -1.743638999999999953e-03 -6.810115999999999739e-03 2.148529000000000150e-03 9.999729990000000290e-01
1.702688126496179104e+09 -3.881690000000000032e-04 8.915300000000000514e-05 3.417926999999999771e-02 -2.206579000000000179e-03 -6.417512000000000216e-03 2.568124000000000188e-03 9.999737140000000135e-01
1.702688126662819862e+09 -2.642909999999999942e-04 1.926420000000000031e-04 3.610283899999999768e-02 -8.832699999999999644e-05 -3.658006000000000105e-03 3.051863000000000145e-03 9.999886749999999935e-01
1.702688126996325493e+09 -2.571049999999999855e-04 3.406999999999999737e-05 4.008174700000000090e-02 1.460305999999999974e-03 -5.455714000000000397e-03 3.717934999999999903e-03 9.999771710000000535e-01
1.702688127166734934e+09 -3.816199999999999952e-04 7.927500000000000247e-05 4.210456099999999868e-02 1.743013999999999978e-03 -4.686166000000000290e-03 3.102344999999999842e-03 9.999827150000000220e-01
1.702688127368984938e+09 -4.801769999999999801e-04 1.480600000000000020e-05 4.458476200000000000e-02 2.204209999999999850e-03 -8.152444000000000010e-03 2.377523999999999783e-03 9.999615549999999464e-01
1.702688127580854416e+09 -7.261550000000000296e-04 9.166700000000000174e-05 4.716527799999999798e-02 2.622965000000000105e-03 -1.452353500000000061e-02 2.749399999999999934e-03 9.998873470000000374e-01
1.702688127870114326e+09 -1.124068999999999893e-03 1.112740000000000056e-04 5.071264500000000064e-02 1.884695999999999941e-03 -2.077754799999999985e-02 2.797768999999999864e-03 9.997784499999999852e-01
1.702688128120300770e+09 -1.269907000000000024e-03 -2.228000000000000098e-06 5.364732800000000107e-02 2.637323999999999918e-03 -2.032269399999999879e-02 1.465401999999999981e-03 9.997889399999999593e-01
1.702688128496362686e+09 -1.505328999999999912e-03 -4.711600000000000087e-05 5.798439700000000002e-02 3.808749000000000162e-03 -2.110633799999999879e-02 1.204580999999999924e-03 9.997692700000000432e-01
1.702688128952136517e+09 -2.153411000000000040e-03 6.499499999999999689e-05 6.359212799999999777e-02 3.561590999999999802e-03 -3.425620100000000001e-02 1.411100999999999892e-03 9.994057419999999858e-01
1.702688129331941605e+09 -2.099199999999999851e-03 -8.577999999999999525e-05 6.790355600000000380e-02 4.147345999999999672e-03 -2.906572799999999901e-02 5.765349999999999815e-04 9.995687599999999451e-01
1.702688129660533428e+09 -2.268960999999999895e-03 -9.932700000000000632e-05 7.198198100000000044e-02 4.085283999999999791e-03 -2.941025200000000131e-02 1.934095000000000042e-03 9.995571970000000084e-01
1.702688130036317587e+09 -2.662826000000000082e-03 -6.169399999999999580e-05 7.647064300000000481e-02 2.002921999999999862e-03 -3.384121899999999877e-02 3.734873000000000099e-03 9.994182590000000310e-01
1.702688130412891626e+09 -2.560661000000000100e-03 6.246799999999999890e-05 8.116111900000000379e-02 6.528700000000000020e-05 -3.225045700000000320e-02 2.887639000000000004e-03 9.994756580000000445e-01
1.702688130824449539e+09 -2.935131000000000111e-03 1.313049999999999905e-04 8.607599900000000026e-02 -2.267025000000000203e-03 -2.701207599999999945e-02 3.430157999999999992e-03 9.996266369999999846e-01
1.702688131159907103e+09 -2.933932000000000206e-03 2.528529999999999862e-04 9.000906300000000027e-02 -8.954889999999999638e-04 -1.999401300000000145e-02 3.235543000000000013e-03 9.997944829999999561e-01
1.702688131493935823e+09 -2.817173999999999980e-03 2.647109999999999936e-04 9.389396799999999432e-02 -1.450799999999999865e-04 -1.480138500000000024e-02 3.427986999999999961e-03 9.998845459999999852e-01
1.702688131825572491e+09 -2.714381999999999993e-03 2.683699999999999801e-04 9.785123900000000652e-02 -1.045800000000000050e-04 -7.675864000000000124e-03 3.062275000000000153e-03 9.999658470000000188e-01
1.702688132202685356e+09 -2.426551999999999789e-03 2.786800000000000084e-04 1.022171379999999991e-01 1.303669999999999937e-04 -3.642489999999999964e-03 3.378850000000000083e-03 9.999876619999999994e-01
1.702688132573621273e+09 -2.500927999999999918e-03 2.617249999999999785e-04 1.065469609999999956e-01 3.965419999999999991e-04 -3.882847999999999942e-03 3.768169000000000032e-03 9.999852780000000330e-01
1.702688132991182327e+09 -2.741635000000000079e-03 2.151520000000000027e-04 1.113162639999999981e-01 1.114059999999999969e-04 -2.212176000000000160e-03 3.265759000000000023e-03 9.999922509999999987e-01
1.702688133406391621e+09 -3.011676999999999930e-03 3.787379999999999913e-04 1.162662279999999992e-01 -9.319559999999999520e-04 -3.526763000000000033e-03 2.387072000000000065e-03 9.999905230000000200e-01
1.702688133782410860e+09 -3.175929000000000078e-03 4.625370000000000067e-04 1.207791270000000000e-01 -1.996523000000000048e-03 -4.054926999999999837e-03 2.108651000000000015e-03 9.999876020000000310e-01
1.702688134242820978e+09 -3.184062999999999997e-03 4.736659999999999742e-04 1.260800360000000064e-01 -2.340800000000000086e-04 -2.873764999999999913e-03 2.475223999999999827e-03 9.999927880000000213e-01
1.702688134662463188e+09 -3.347095999999999925e-03 3.532499999999999941e-04 1.310383529999999963e-01 -1.760091999999999993e-03 -1.212355999999999937e-03 2.057784000000000002e-03 9.999955889999999625e-01
1.702688135115931511e+09 -3.311661000000000032e-03 4.368080000000000096e-04 1.363921309999999998e-01 -1.548979000000000024e-03 -2.796170000000000166e-04 3.054943000000000068e-03 9.999940990000000252e-01
1.702688135529059410e+09 -3.417395000000000155e-03 3.134780000000000097e-04 1.412743929999999981e-01 -6.990850000000000059e-04 -1.035958000000000018e-03 3.280283000000000157e-03 9.999938609999999839e-01
1.702688135948053598e+09 -3.589546999999999790e-03 4.485739999999999780e-04 1.462990640000000064e-01 -1.215314000000000108e-03 -1.394693999999999925e-03 3.026665999999999905e-03 9.999937420000000188e-01
1.702688136403514624e+09 -3.371888999999999876e-03 4.115659999999999826e-04 1.516612469999999990e-01 -1.061132000000000004e-03 1.238830999999999917e-03 2.093361000000000180e-03 9.999964829999999916e-01
1.702688136862253666e+09 -3.476140999999999866e-03 4.110510000000000054e-04 1.571252939999999987e-01 -4.826879999999999973e-04 5.274859999999999705e-04 2.910836999999999886e-03 9.999955299999999658e-01
1.702688137319440842e+09 -3.739792000000000029e-03 3.529119999999999848e-04 1.625167130000000071e-01 -1.165065000000000068e-03 -3.822875999999999792e-03 3.420219999999999858e-03 9.999861719999999510e-01
1.702688137740003109e+09 -3.759490999999999788e-03 3.669810000000000021e-04 1.673815700000000073e-01 -1.097937000000000001e-03 -4.369503999999999749e-03 3.611170999999999826e-03 9.999833700000000380e-01
1.702688138115034580e+09 -3.477203999999999798e-03 3.236660000000000145e-04 1.716201750000000137e-01 -5.574510000000000402e-04 -5.023017000000000280e-03 4.049696000000000198e-03 9.999790790000000484e-01
1.702688138527625322e+09 -3.792507000000000083e-03 3.637199999999999938e-04 1.764819619999999922e-01 -1.324553000000000015e-03 -8.382106000000000279e-03 4.927622999999999899e-03 9.999518389999999535e-01
1.702688138946547985e+09 -3.688644000000000037e-03 3.257809999999999764e-04 1.812095940000000016e-01 5.202709999999999930e-04 -6.389059999999999575e-04 4.568324999999999816e-03 9.999892120000000162e-01
1.702688139275592566e+09 -3.499397000000000011e-03 3.175860000000000185e-04 1.850146649999999948e-01 1.550278999999999893e-03 1.945225000000000079e-02 3.974865000000000169e-03 9.998016950000000458e-01
1.702688139573784351e+09 -3.381298000000000029e-03 3.348439999999999945e-04 1.884342579999999934e-01 1.899471999999999923e-03 3.495822800000000091e-02 3.075421999999999965e-03 9.993822570000000516e-01
1.702688140237136602e+09 -2.273812000000000055e-03 2.490120000000000072e-04 1.960265190000000102e-01 3.520693999999999994e-03 6.331529499999999366e-02 4.054150000000000288e-03 9.979791049999999775e-01
1.702688140444591284e+09 -1.872711999999999901e-03 9.011199999999999375e-05 1.985528619999999966e-01 2.454093000000000073e-03 7.331444300000000691e-02 2.814609000000000034e-03 9.973018769999999478e-01
1.702688140650528193e+09 -1.346156000000000045e-03 2.830420000000000050e-04 2.007821200000000084e-01 1.550553999999999995e-03 8.153375200000000100e-02 3.044043000000000183e-03 9.966647029999999852e-01
1.702688140942411661e+09 -6.276539999999999507e-04 1.914279999999999975e-04 2.041936370000000112e-01 -1.791440000000000046e-04 9.244182700000000419e-02 5.153824999999999899e-03 9.957047100000000484e-01
1.702688141401331425e+09 9.836919999999999865e-04 1.951149999999999911e-04 2.092730849999999976e-01 1.513304999999999945e-03 9.726229299999999967e-02 4.453577999999999704e-03 9.952476620000000329e-01
1.702688141608809948e+09 1.602366999999999941e-03 3.172939999999999745e-04 2.117117639999999967e-01 1.431364000000000074e-03 9.712766899999999981e-02 4.373216000000000082e-03 9.952613120000000091e-01
1.702688142357408047e+09 1.905376999999999982e-03 1.152059999999999944e-04 2.203076479999999948e-01 2.186425000000000087e-03 8.909865499999999883e-02 4.445158999999999742e-03 9.960104819999999748e-01
1.702688142606494188e+09 2.696986000000000175e-03 5.660100000000000238e-05 2.229816619999999971e-01 2.977800999999999972e-03 8.865267799999999865e-02 4.091359000000000141e-03 9.960497619999999497e-01
1.702688142903072119e+09 3.419480999999999823e-03 1.688639999999999879e-04 2.263585929999999968e-01 2.127007000000000203e-03 8.789343400000000639e-02 4.280413999999999747e-03 9.961184260000000013e-01
1.702688144022531033e+09 5.335114000000000176e-03 2.359270000000000063e-04 2.392701660000000063e-01 1.632332999999999918e-03 8.254685999999999968e-02 4.219220000000000088e-03 9.965769049999999574e-01
1.702688144276406050e+09 5.809186000000000037e-03 4.112800000000000331e-05 2.420862759999999891e-01 2.055845000000000155e-03 8.245993399999999862e-02 4.331428000000000014e-03 9.965828660000000117e-01
1.702688144564672470e+09 6.367046000000000337e-03 -1.535999999999999863e-05 2.453316299999999950e-01 2.200765999999999833e-03 8.225492399999999316e-02 4.026324000000000396e-03 9.966008069999999774e-01
1.702688144856612206e+09 7.324933999999999959e-03 4.841899999999999839e-05 2.487273220000000007e-01 3.029996000000000078e-03 8.552821700000000360e-02 4.036032000000000161e-03 9.963229890000000477e-01
1.702688145104768753e+09 7.725191999999999649e-03 4.538799999999999980e-05 2.516839499999999896e-01 2.702520999999999830e-03 9.101033999999999513e-02 4.267159000000000403e-03 9.958371520000000032e-01
1.702688145396626949e+09 8.361933000000000213e-03 1.104450000000000039e-04 2.550194259999999935e-01 2.207048000000000083e-03 9.191150200000000603e-02 3.423817999999999914e-03 9.957588910000000348e-01
1.702688145690100908e+09 8.981005000000000238e-03 8.297800000000000412e-05 2.583667040000000026e-01 8.823909999999999480e-04 8.955743200000000626e-02 3.626606000000000100e-03 9.959746600000000116e-01
1.702688145980144739e+09 9.438828999999999275e-03 7.073599999999999495e-05 2.614741919999999942e-01 2.038961000000000159e-03 7.789524600000000132e-02 3.614215999999999956e-03 9.969528909999999522e-01
1.702688146314565420e+09 9.769088000000000424e-03 1.592800000000000064e-05 2.653557060000000245e-01 4.558422000000000342e-03 6.563951799999999392e-02 4.368948000000000102e-03 9.978234769999999587e-01
1.702688146603670359e+09 1.033458800000000045e-02 3.718199999999999739e-05 2.689234910000000145e-01 2.424800999999999866e-03 5.241624599999999967e-02 3.219323000000000063e-03 9.986171719999999974e-01
1.702688146935305357e+09 1.019820299999999944e-02 2.117599999999999919e-04 2.727438509999999816e-01 6.914799999999999593e-04 3.752011100000000182e-02 3.445765999999999846e-03 9.992897509999999484e-01
1.702688147310423374e+09 1.098036299999999993e-02 1.567240000000000126e-04 2.769594490000000242e-01 2.677730000000000127e-03 5.273374499999999854e-02 2.598575000000000104e-03 9.986016149999999980e-01
1.702688147727670670e+09 1.113887199999999932e-02 1.492160000000000025e-04 2.816207709999999920e-01 2.237442000000000077e-03 6.359455699999999601e-02 2.675114000000000138e-03 9.979697469999999626e-01
1.702688148150260210e+09 1.219582999999999952e-02 1.810760000000000126e-04 2.865178589999999859e-01 6.866160000000000275e-04 5.869151699999999861e-02 1.655023000000000041e-03 9.982745650000000026e-01
1.702688148476681709e+09 1.261133099999999993e-02 8.161200000000000399e-05 2.901024520000000106e-01 1.264284999999999975e-03 5.973951899999999787e-02 1.759841000000000053e-03 9.982116220000000206e-01
1.702688148808625221e+09 1.311639199999999929e-02 3.820299999999999998e-05 2.939133050000000136e-01 1.757836999999999941e-03 5.933687499999999726e-02 1.775153000000000017e-03 9.982349280000000213e-01
1.702688149228983641e+09 1.381741499999999956e-02 2.144900000000000081e-05 2.986385229999999891e-01 3.236670999999999992e-03 6.201753000000000127e-02 2.388147000000000186e-03 9.980669620000000020e-01
1.702688149645361662e+09 1.384474299999999963e-02 4.038699999999999804e-05 3.033763170000000065e-01 3.229048999999999895e-03 6.157486899999999735e-02 2.192111999999999967e-03 9.980948570000000020e-01
1.702688150057472944e+09 1.471723999999999949e-02 3.423500000000000002e-05 3.081523179999999806e-01 2.800208000000000211e-03 6.326878800000000636e-02 2.879317000000000161e-03 9.979884620000000206e-01
1.702688150520905733e+09 1.568171000000000148e-02 -1.027229999999999989e-04 3.134401139999999919e-01 3.411363000000000156e-03 6.783188099999999665e-02 3.388664999999999906e-03 9.976851939999999974e-01
1.702688150931722641e+09 1.651516000000000095e-02 -1.196519999999999989e-04 3.183460830000000019e-01 3.892719000000000214e-03 7.004567999999999905e-02 2.904571999999999796e-03 9.975319499999999451e-01
1.702688151391448021e+09 1.699708399999999911e-02 -5.290999999999999995e-05 3.234001100000000184e-01 2.410086000000000086e-03 7.458542299999999792e-02 1.932626000000000005e-03 9.972098470000000381e-01
1.702688151807358980e+09 1.789661299999999872e-02 2.624299999999999929e-05 3.283815680000000126e-01 1.196297999999999936e-03 7.600182299999999613e-02 1.243392000000000065e-03 9.971061940000000012e-01
1.702688152306290150e+09 1.873299299999999987e-02 -1.156589999999999984e-04 3.340191840000000245e-01 3.150101000000000203e-03 7.760029999999999706e-02 4.812829999999999929e-04 9.969794749999999484e-01
1.702688152766227007e+09 1.995079799999999876e-02 7.083300000000000436e-05 3.393602070000000248e-01 1.777191999999999921e-03 8.910311799999999505e-02 -6.840610000000000223e-04 9.960206150000000536e-01
1.702688153308795452e+09 2.137912800000000071e-02 1.012629999999999959e-04 3.454362750000000148e-01 3.126639999999999975e-03 1.062758189999999936e-01 -8.879750000000000490e-04 9.943314189999999941e-01
1.702688153804666042e+09 2.254969100000000018e-02 -1.495399999999999947e-05 3.509500320000000229e-01 3.050169000000000144e-03 1.099507140000000049e-01 -4.344300000000000266e-04 9.939323070000000149e-01
1.702688154430094004e+09 2.402230199999999885e-02 -7.466600000000000645e-05 3.579316140000000090e-01 4.241629999999999706e-03 1.041853799999999941e-01 -2.123217000000000160e-03 9.945465919999999516e-01
1.702688155055664301e+09 2.521692199999999925e-02 -1.366860000000000123e-04 3.650143739999999748e-01 4.226396000000000319e-03 8.386828000000000338e-02 -1.030700999999999970e-03 9.964673520000000284e-01
1.702688155641277075e+09 2.594217099999999998e-02 8.221600000000000024e-05 3.714395169999999968e-01 2.699520999999999865e-03 6.860846299999999454e-02 -3.503677000000000180e-03 9.976338740000000316e-01
1.702688156138992548e+09 2.655292100000000016e-02 1.874280000000000087e-04 3.767445090000000052e-01 1.153109999999999942e-03 5.002037399999999939e-02 -2.880698000000000113e-03 9.987434149999999677e-01
1.702688156598491430e+09 2.647985900000000142e-02 9.394100000000000063e-05 3.815418179999999770e-01 2.331681999999999852e-03 2.559300499999999853e-02 -2.726484999999999846e-03 9.996660349999999529e-01
1.702688157178526640e+09 2.637411300000000111e-02 1.085309999999999948e-04 3.883077500000000071e-01 1.062311999999999935e-03 -1.103784000000000015e-03 -3.679192999999999873e-03 9.999920730000000368e-01
1.702688157636494398e+09 2.612055500000000016e-02 3.492800000000000169e-05 3.936448690000000084e-01 -1.178659000000000087e-03 -2.489806300000000153e-02 -3.342167000000000054e-03 9.996837379999999884e-01
1.702688158011218071e+09 2.578706999999999874e-02 -3.885099999999999784e-05 3.979246320000000003e-01 -2.514665000000000129e-03 -3.066437300000000171e-02 -3.733114000000000050e-03 9.995195869999999871e-01
1.702688158384329796e+09 2.558728500000000128e-02 7.680400000000000530e-05 4.021671119999999933e-01 -4.089639999999999964e-04 -2.995366000000000001e-02 -4.168131000000000266e-03 9.995425340000000380e-01
1.702688158759053469e+09 2.557761999999999883e-02 1.312320000000000066e-04 4.065177139999999745e-01 -2.497200000000000079e-05 -1.856812999999999866e-02 -4.323987999999999964e-03 9.998182650000000393e-01
1.702688159135775089e+09 2.533704200000000059e-02 5.148499999999999919e-05 4.107682999999999751e-01 8.217139999999999731e-04 -2.496184400000000039e-02 -3.857324000000000083e-03 9.996806379999999548e-01
1.702688159551476717e+09 2.477672300000000050e-02 1.271339999999999927e-04 4.154227380000000136e-01 3.621540000000000024e-04 -3.432150600000000162e-02 -3.239086999999999869e-03 9.994055630000000523e-01
1.702688160345999956e+09 2.419678700000000085e-02 1.407579999999999964e-04 4.244732860000000052e-01 -8.279099999999999524e-04 -3.213214500000000085e-02 -4.110136000000000345e-03 9.994748230000000122e-01
1.702688160765698195e+09 2.417585800000000146e-02 2.181399999999999951e-04 4.292831420000000064e-01 -7.521840000000000340e-04 -1.772102000000000052e-02 -4.750792999999999683e-03 9.998314379999999613e-01
1.702688161217192173e+09 2.401825399999999930e-02 1.862930000000000000e-04 4.342902299999999993e-01 9.283100000000000618e-05 -4.657394999999999938e-03 -3.940365999999999834e-03 9.999814030000000464e-01
1.702688161717188120e+09 2.414817400000000142e-02 1.825840000000000123e-04 4.399109780000000081e-01 2.158541999999999839e-03 -7.000455000000000046e-03 -4.140040999999999687e-03 9.999645950000000116e-01
1.702688162260465145e+09 2.388699199999999925e-02 1.187479999999999954e-04 4.458865229999999791e-01 1.433507000000000097e-03 -1.083881999999999988e-03 -2.555232000000000163e-03 9.999951120000000193e-01
1.702688163505842924e+09 2.445642699999999933e-02 1.310000000000000129e-04 4.597971439999999910e-01 2.205064999999999976e-03 1.732973800000000078e-02 -4.316010000000000332e-03 9.998381140000000000e-01
1.702688163921501637e+09 2.450867600000000007e-02 -1.171409999999999953e-04 4.643862550000000256e-01 9.798210000000000773e-04 2.339944600000000083e-02 -3.984604999999999571e-03 9.997178319999999729e-01
1.702688164462573051e+09 2.510089100000000017e-02 1.839389999999999884e-04 4.705352489999999888e-01 3.109251999999999849e-03 3.277723099999999695e-02 -4.572642000000000026e-03 9.994474049999999554e-01
1.702688165003051043e+09 2.503441600000000031e-02 2.665750000000000151e-04 4.765858350000000132e-01 1.758692000000000068e-03 2.911761800000000136e-02 -5.404706999999999914e-03 9.995598789999999845e-01
1.702688165504096508e+09 2.559488500000000125e-02 1.010010000000000042e-04 4.822892549999999723e-01 1.485325000000000013e-03 2.950892399999999888e-02 -4.927415999999999567e-03 9.995512960000000335e-01
1.702688166130182505e+09 2.594503000000000087e-02 1.767360000000000101e-04 4.892458619999999758e-01 1.955646000000000120e-03 3.505270199999999808e-02 -6.511992999999999775e-03 9.993623499999999549e-01
1.702688166839126825e+09 2.673948699999999928e-02 2.137119999999999894e-04 4.973842800000000119e-01 1.899531000000000093e-03 3.039636500000000158e-02 -6.033267999999999617e-03 9.995179180000000052e-01
1.702688167210869551e+09 2.709494000000000138e-02 9.920900000000000508e-05 5.015243289999999909e-01 1.853679999999999911e-03 4.607810100000000325e-02 -6.348308999999999896e-03 9.989159699999999864e-01
1.702688168294542551e+09 2.804316800000000026e-02 5.380299999999999970e-05 5.131558179999999858e-01 2.318026999999999848e-03 6.648682100000000150e-02 -3.540915999999999855e-03 9.977783559999999774e-01
1.702688168626540184e+09 2.853870199999999913e-02 -6.494399999999999349e-05 5.172766450000000349e-01 1.886171000000000071e-03 7.130721199999999482e-02 -3.342952000000000163e-03 9.974470730000000174e-01
1.702688168919243574e+09 2.843266399999999985e-02 -1.740699999999999919e-04 5.181913379999999458e-01 2.110476999999999926e-03 7.953260099999999444e-02 -2.417561999999999836e-03 9.968271260000000078e-01
1.702688169208066702e+09 2.808286399999999905e-02 -2.253289999999999970e-04 5.214073660000000388e-01 6.388900000000000308e-04 9.109272100000000150e-02 -2.889712999999999917e-03 9.958380460000000323e-01
1.702688169459998608e+09 2.831515999999999894e-02 -2.530580000000000156e-04 5.241531130000000038e-01 -2.568380000000000099e-04 1.008337660000000052e-01 -2.860170999999999894e-03 9.948991539999999523e-01
1.702688169716395617e+09 2.813439100000000165e-02 -2.496260000000000254e-04 5.268022420000000317e-01 -1.025320000000000002e-04 1.107473300000000049e-01 -3.357914999999999945e-03 9.938429589999999703e-01
1.702688169999019146e+09 2.814711300000000138e-02 -2.323640000000000135e-04 5.298910140000000490e-01 3.692869999999999898e-04 1.221270930000000060e-01 -3.024609000000000152e-03 9.925097819999999516e-01
1.702688170339922428e+09 2.765915399999999830e-02 -1.047418999999999954e-03 5.337666869999999619e-01 8.771710000000000488e-04 1.393722440000000062e-01 1.277499999999999881e-04 9.902396799999999555e-01
1.702688170629227638e+09 2.658595299999999897e-02 -5.616380000000000461e-04 5.376892089999999458e-01 1.474547000000000097e-03 1.579378549999999881e-01 -1.611791999999999912e-03 9.874466659999999729e-01
1.702688170919453144e+09 2.665509699999999912e-02 -5.189189999999999558e-04 5.406833890000000142e-01 7.974980000000000003e-04 1.689264329999999870e-01 -1.779430000000000031e-03 9.856267570000000200e-01
1.702688171207048178e+09 2.642344900000000163e-02 -9.785989999999999186e-04 5.437216160000000187e-01 -5.996900000000000537e-04 1.814366729999999928e-01 5.218280000000000054e-04 9.834023119999999452e-01
1.702688171455841541e+09 2.582814199999999838e-02 -1.009277000000000047e-03 5.454491379999999445e-01 -9.295059999999999737e-04 1.884204889999999966e-01 3.932729999999999733e-04 9.820879700000000323e-01
1.702688171709463120e+09 2.591611099999999862e-02 -1.023994999999999983e-03 5.477135779999999787e-01 -3.323766000000000134e-03 1.956171690000000074e-01 -3.523120000000000245e-04 9.806746840000000187e-01
1.702688171998087168e+09 2.416494099999999881e-02 -1.566459999999999988e-03 5.487531420000000271e-01 -7.157079999999999692e-03 1.991986040000000013e-01 -8.223910000000000074e-04 9.799326659999999523e-01
1.702688172248949051e+09 2.292809300000000008e-02 -1.978179999999999956e-03 5.492560859999999767e-01 -9.090182999999999944e-03 2.001500280000000076e-01 -1.223528999999999893e-03 9.797223210000000071e-01
1.702688172502281427e+09 2.224100199999999930e-02 -2.327710000000000196e-03 5.502822400000000336e-01 -1.080592699999999989e-02 2.021649480000000110e-01 -2.352682000000000037e-03 9.792890549999999639e-01
1.702688172749514818e+09 2.180317000000000019e-02 -2.524562000000000160e-03 5.517932180000000297e-01 -1.138451099999999994e-02 2.029760029999999882e-01 -2.404730999999999796e-03 9.791145919999999503e-01
1.702688174788928986e+09 2.249705399999999897e-02 -2.079633999999999910e-03 5.676053760000000503e-01 -9.636198000000000333e-03 9.974445999999999660e-03 4.145809999999999773e-03 9.998952749999999723e-01
1.702688175042083740e+09 2.281495000000000051e-02 -1.137220999999999892e-03 5.702862140000000135e-01 -5.156331000000000109e-03 -1.126756200000000006e-02 4.868250000000000181e-03 9.999113680000000226e-01
1.702688175249209404e+09 2.334559300000000129e-02 -1.118478000000000007e-03 5.728913549999999910e-01 -5.370541000000000377e-03 -3.129954599999999754e-02 4.707135999999999786e-03 9.994845390000000052e-01
1.702688175500180483e+09 2.398845700000000122e-02 -8.792850000000000492e-04 5.760703090000000026e-01 -4.543143000000000355e-03 -5.488444099999999909e-02 5.045787999999999836e-03 9.984696509999999581e-01
1.702688175746827364e+09 2.419911500000000021e-02 -1.318450999999999998e-03 5.768440369999999762e-01 -7.868319000000000354e-03 -5.993230599999999769e-02 3.606920000000000005e-03 9.981649519999999942e-01
1.702688175994744062e+09 2.461416300000000140e-02 -1.843241999999999927e-03 5.787104960000000187e-01 -1.154355399999999927e-02 -7.318157000000000134e-02 1.754111000000000038e-03 9.972503190000000517e-01
1.702688176202908278e+09 2.507272500000000057e-02 -1.869180999999999924e-03 5.807828310000000549e-01 -1.468210900000000048e-02 -8.752535300000000018e-02 1.886380999999999909e-03 9.960523249999999607e-01
1.702688176455815315e+09 2.505897899999999859e-02 -1.877009999999999920e-03 5.817539689999999819e-01 -1.611726000000000131e-02 -9.405962399999999446e-02 8.888210000000000338e-04 9.954357150000000543e-01
1.702688176662036896e+09 2.567794400000000116e-02 -1.962863999999999928e-03 5.840476159999999917e-01 -1.870243400000000042e-02 -1.107847990000000032e-01 4.762400000000000075e-04 9.936683179999999949e-01
1.702688177120244026e+09 2.572416099999999886e-02 -2.021474000000000101e-03 5.859313010000000155e-01 -2.081147599999999889e-02 -1.252090929999999935e-01 2.918470000000000265e-04 9.919120670000000084e-01
1.702688177369846106e+09 2.576556400000000122e-02 -2.171764000000000073e-03 5.862579350000000078e-01 -2.295250600000000099e-02 -1.256388569999999927e-01 -4.868499999999999889e-05 9.918105010000000110e-01
1.702688177576256275e+09 2.556213400000000024e-02 -2.110538999999999818e-03 5.866695640000000322e-01 -2.307755100000000170e-02 -1.271230130000000069e-01 -7.433600000000000114e-05 9.916184540000000380e-01
1.702688177783465385e+09 2.533392599999999967e-02 -2.122610999999999942e-03 5.869883890000000548e-01 -2.326210399999999873e-02 -1.285059010000000057e-01 -8.358200000000000037e-05 9.914358850000000167e-01
1.702688178283363819e+09 2.466951100000000160e-02 -2.164427999999999925e-03 5.882740619999999865e-01 -2.639032700000000162e-02 -1.373711230000000116e-01 -3.884315000000000163e-03 9.901604059999999929e-01
1.702688178786367416e+09 2.417034300000000038e-02 -2.370178000000000128e-03 5.893309119999999846e-01 -3.132337699999999947e-02 -1.561421159999999975e-01 -2.782536999999999858e-03 9.872339369999999503e-01
1.702688179331828833e+09 2.351950100000000168e-02 -2.445416000000000169e-03 5.904718639999999574e-01 -3.498996399999999840e-02 -1.739233139999999955e-01 -7.046079999999999705e-03 9.841122030000000187e-01
1.702688179574778080e+09 2.325000600000000014e-02 -2.543715000000000212e-03 5.910057429999999723e-01 -3.597310599999999775e-02 -1.848859489999999939e-01 -8.525513000000000188e-03 9.820644259999999903e-01
1.702688179826010227e+09 2.263807099999999919e-02 -2.960205000000000041e-03 5.913859609999999600e-01 -4.204047100000000287e-02 -1.904307010000000078e-01 -1.078563199999999986e-02 9.807407259999999516e-01
1.702688180075831652e+09 2.230067200000000055e-02 -2.973615000000000199e-03 5.918757919999999562e-01 -4.432973300000000311e-02 -1.998552080000000064e-01 -9.858037000000000050e-03 9.787725210000000065e-01
1.702688180330597162e+09 2.196964200000000103e-02 -2.922660000000000102e-03 5.924033520000000497e-01 -4.285446899999999920e-02 -2.102577840000000031e-01 -8.907651000000000804e-03 9.766656759999999826e-01
1.702688180535915613e+09 2.163992400000000135e-02 -2.853023000000000104e-03 5.927718279999999451e-01 -4.304423599999999961e-02 -2.160085439999999968e-01 -8.458846000000000767e-03 9.754055740000000529e-01
1.702688181489593744e+09 2.015323899999999988e-02 -2.729871000000000034e-03 5.948942299999999683e-01 -4.381566900000000153e-02 -2.634103890000000225e-01 -5.853539999999999958e-03 9.636705519999999581e-01
1.702688181699007988e+09 1.981346700000000127e-02 -2.728496999999999867e-03 5.953822730000000174e-01 -4.734012900000000162e-02 -2.743028699999999764e-01 -4.065197999999999902e-03 9.604688289999999684e-01
1.702688181907257557e+09 1.943193699999999982e-02 -2.699711000000000038e-03 5.958636999999999961e-01 -4.789542399999999894e-02 -2.838484640000000225e-01 -3.945434999999999741e-03 9.576640730000000046e-01
1.702688182116979122e+09 1.907452899999999979e-02 -2.554850999999999910e-03 5.964128969999999974e-01 -4.585866300000000090e-02 -2.956528070000000175e-01 -3.407703000000000208e-03 9.541880489999999826e-01
1.702688182329205513e+09 1.876135199999999850e-02 -2.556356999999999987e-03 5.968409780000000220e-01 -4.758776700000000304e-02 -3.061180410000000074e-01 -3.723834999999999992e-03 9.507961870000000149e-01
1.702688182533678770e+09 1.839099099999999889e-02 -2.680642999999999915e-03 5.972928400000000471e-01 -5.246100199999999963e-02 -3.187185229999999758e-01 -3.135943999999999884e-03 9.463912840000000548e-01
1.702688182988112450e+09 1.743331600000000078e-02 -2.400657000000000051e-03 5.982595090000000226e-01 -4.983462799999999887e-02 -3.437607590000000268e-01 -3.279559000000000033e-03 9.377282860000000220e-01
1.702688183196659088e+09 1.705555599999999949e-02 -2.382377000000000192e-03 5.986995099999999903e-01 -5.103109799999999696e-02 -3.570503289999999996e-01 -2.310589000000000046e-03 9.326872830000000336e-01
1.702688183404708624e+09 1.659203299999999909e-02 -2.420545999999999982e-03 5.989860299999999471e-01 -5.231192700000000112e-02 -3.707595770000000068e-01 -1.524629999999999909e-03 9.272531870000000342e-01
1.702688183613313675e+09 1.614996800000000066e-02 -2.288713999999999853e-03 5.994206669999999626e-01 -5.040274899999999669e-02 -3.862009940000000197e-01 -5.363180000000000378e-04 9.210364220000000213e-01
1.702688183823087931e+09 1.570829699999999954e-02 -2.248169999999999856e-03 5.997323989999999716e-01 -5.082800999999999986e-02 -4.015285969999999871e-01 1.237943000000000029e-03 9.144341350000000368e-01
1.702688184076856613e+09 1.522091000000000069e-02 -2.244321999999999984e-03 6.001785990000000348e-01 -5.276565600000000106e-02 -4.189182819999999752e-01 1.940583000000000065e-03 9.064874649999999923e-01
1.702688184328037739e+09 1.461289799999999917e-02 -2.149566999999999797e-03 6.005253790000000258e-01 -5.172345799999999993e-02 -4.381816090000000274e-01 2.761655000000000013e-03 8.973928690000000374e-01
1.702688184653297186e+09 1.386793000000000053e-02 -2.093284999999999851e-03 6.009389160000000452e-01 -5.068289100000000075e-02 -4.657667580000000029e-01 5.428754000000000045e-03 8.834382889999999877e-01
1.702688184902908087e+09 1.337459700000000022e-02 -2.044236000000000057e-03 6.012680529999999690e-01 -5.079978699999999903e-02 -4.858855899999999783e-01 7.261563999999999866e-03 8.725147250000000465e-01
1.702688185196165562e+09 1.270398499999999924e-02 -2.001549999999999944e-03 6.014937160000000116e-01 -4.989846099999999812e-02 -5.069254039999999684e-01 8.733285000000000353e-03 8.605002160000000400e-01
1.702688185448336840e+09 1.210075600000000071e-02 -2.007604000000000073e-03 6.017153859999999632e-01 -5.194605900000000276e-02 -5.274559859999999878e-01 9.624742000000000366e-03 8.479382399999999542e-01
1.702688185652658939e+09 1.171824299999999971e-02 -1.948105000000000106e-03 6.019729969999999541e-01 -5.121615899999999721e-02 -5.450648070000000400e-01 1.081732000000000006e-02 8.367582559999999781e-01
1.702688185864423513e+09 1.120692499999999953e-02 -1.881333000000000007e-03 6.020530459999999806e-01 -5.062363300000000121e-02 -5.613604189999999994e-01 1.116626199999999972e-02 8.259461519999999890e-01
1.702688186074335814e+09 1.085001199999999916e-02 -1.860749000000000083e-03 6.021942500000000420e-01 -5.132722099999999926e-02 -5.751014949999999626e-01 1.178884000000000008e-02 8.163852099999999723e-01
1.702688186281043768e+09 1.050186200000000070e-02 -1.839972999999999956e-03 6.023691300000000304e-01 -5.001365399999999767e-02 -5.893887279999999729e-01 1.215574699999999973e-02 8.062083719999999509e-01
1.702688186527632236e+09 1.009169199999999933e-02 -1.749434000000000015e-03 6.025201079999999987e-01 -4.900386600000000009e-02 -6.056196090000000032e-01 1.357961000000000064e-02 7.941278819999999516e-01
1.702688186818877459e+09 9.848206999999999448e-03 -1.724948999999999927e-03 6.024737359999999819e-01 -4.702660399999999963e-02 -6.114687319999999593e-01 1.592583200000000088e-02 7.897093299999999871e-01
1.702688187323381901e+09 8.591562999999999978e-03 -1.688122999999999924e-03 6.028021569999999496e-01 -5.096654600000000146e-02 -6.063255669999999542e-01 1.378207400000000006e-02 7.934619189999999600e-01
1.702688187527546406e+09 8.025765000000000676e-03 -1.607574999999999976e-03 6.029201749999999471e-01 -4.967198899999999973e-02 -6.066134570000000226e-01 1.401330400000000073e-02 7.933198809999999490e-01
1.702688187781096458e+09 7.344365000000000268e-03 -1.626201000000000079e-03 6.029644610000000071e-01 -5.054787200000000064e-02 -6.104857919999999716e-01 1.356410199999999976e-02 7.902961370000000096e-01
1.702688188108237743e+09 6.457387999999999670e-03 -1.569435000000000101e-03 6.032184360000000245e-01 -5.062998500000000235e-02 -6.123976110000000084e-01 1.409219100000000044e-02 7.888011929999999561e-01
1.702688188367589235e+09 5.779295999999999739e-03 -1.507323000000000083e-03 6.033599379999999845e-01 -5.006402000000000074e-02 -6.114312410000000142e-01 1.381384000000000084e-02 7.895914320000000375e-01
1.702688188573563576e+09 5.204231000000000135e-03 -1.472215999999999933e-03 6.035492420000000413e-01 -4.976519900000000302e-02 -6.051067709999999877e-01 1.341719499999999982e-02 7.944742439999999961e-01
1.702688188815922499e+09 4.557758999999999769e-03 -1.414433000000000096e-03 6.037319899999999961e-01 -4.962908800000000176e-02 -6.014034150000000523e-01 1.285454200000000005e-02 7.972989080000000284e-01
1.702688189357558012e+09 3.090620000000000086e-03 -1.319852000000000048e-03 6.040697689999999787e-01 -4.912181200000000081e-02 -6.225709919999999897e-01 1.596871399999999844e-02 7.808568479999999923e-01
1.702688189690997839e+09 2.157211000000000024e-03 -1.269932999999999999e-03 6.042667630000000401e-01 -4.957923999999999665e-02 -6.271240120000000084e-01 1.387753599999999934e-02 7.772160769999999497e-01
1.702688189983146667e+09 1.310766000000000101e-03 -1.185499000000000015e-03 6.043838259999999574e-01 -4.926035200000000031e-02 -6.298375729999999839e-01 1.445703400000000055e-02 7.750284079999999465e-01
1.702688190236847401e+09 6.107690000000000471e-04 -1.155421000000000009e-03 6.044926640000000129e-01 -4.923411099999999707e-02 -6.426771879999999548e-01 1.512554999999999976e-02 7.644039390000000322e-01
1.702688190484710217e+09 -6.496899999999999409e-05 -1.135420000000000049e-03 6.045637130000000026e-01 -4.882539799999999902e-02 -6.474958659999999755e-01 1.626717700000000072e-02 7.603292470000000414e-01
1.702688190731891394e+09 -7.254180000000000263e-04 -1.093734000000000069e-03 6.047613619999999690e-01 -4.811921300000000096e-02 -6.390393970000000090e-01 1.527670700000000048e-02 7.675153609999999516e-01
1.702688190982280731e+09 -1.441835999999999942e-03 -1.065098000000000000e-03 6.049036380000000213e-01 -4.928504699999999850e-02 -6.347460150000000523e-01 1.572710100000000027e-02 7.709870930000000122e-01
1.702688191236978531e+09 -2.129017999999999883e-03 -1.058048999999999925e-03 6.049813029999999703e-01 -4.975778200000000040e-02 -6.463822719999999800e-01 1.668691400000000061e-02 7.612067460000000452e-01
1.702688191484062672e+09 -2.798229000000000168e-03 -1.005973999999999974e-03 6.050876379999999832e-01 -4.815530400000000294e-02 -6.439436670000000529e-01 1.692366000000000009e-02 7.633684280000000433e-01
1.702688191774575710e+09 -3.592460999999999918e-03 -9.801799999999999836e-04 6.053062679999999807e-01 -4.834763699999999886e-02 -6.309021710000000116e-01 1.671581000000000108e-02 7.741740940000000348e-01
1.702688192062933922e+09 -4.387437999999999581e-03 -9.037259999999999868e-04 6.054939030000000555e-01 -4.758184399999999814e-02 -6.259562370000000264e-01 1.771371600000000088e-02 7.782037849999999812e-01
1.702688192280138731e+09 -4.982560999999999934e-03 -8.470269999999999796e-04 6.056370739999999975e-01 -4.782869700000000335e-02 -6.169150469999999942e-01 1.545610300000000055e-02 7.854230399999999612e-01
1.702688192523174286e+09 -5.638927000000000175e-03 -8.559039999999999964e-04 6.058411000000000213e-01 -5.032885399999999926e-02 -6.090828179999999703e-01 1.540564600000000027e-02 7.913582919999999632e-01
1.702688192813505888e+09 -6.456225999999999805e-03 -7.792670000000000456e-04 6.060990099999999936e-01 -5.087518700000000227e-02 -5.963816640000000335e-01 1.415865099999999953e-02 8.009620899999999599e-01
1.702688193107145071e+09 -7.276028000000000356e-03 -7.459409999999999652e-04 6.063212159999999962e-01 -5.306598199999999765e-02 -6.066991090000000142e-01 1.377603900000000034e-02 7.930387260000000271e-01
1.702688193355458021e+09 -7.945924999999999516e-03 -6.963240000000000098e-04 6.064587240000000046e-01 -5.041887999999999925e-02 -6.138916020000000362e-01 1.509665999999999959e-02 7.876338960000000000e-01
1.702688193687123299e+09 -8.831412000000000290e-03 -6.113950000000000374e-04 6.067882780000000142e-01 -4.959290799999999805e-02 -5.990312700000000046e-01 1.335534099999999974e-02 7.990767359999999542e-01
1.702688193979934454e+09 -9.617090000000000014e-03 -5.578529999999999730e-04 6.070462469999999833e-01 -4.916971900000000062e-02 -5.885510440000000232e-01 1.327961400000000035e-02 8.068541879999999722e-01
1.702688194312483788e+09 -1.050147400000000023e-02 -4.904980000000000191e-04 6.073222160000000258e-01 -4.929956800000000194e-02 -5.884960889999999445e-01 1.248610300000000013e-02 8.068990110000000548e-01
1.702688194644421816e+09 -1.135450600000000032e-02 -4.333699999999999792e-04 6.076232190000000477e-01 -4.903817199999999793e-02 -5.813491939999999580e-01 1.257339000000000026e-02 8.120777009999999851e-01
1.702688194936552048e+09 -1.216492100000000041e-02 -3.528890000000000022e-04 6.078361270000000038e-01 -4.915624100000000329e-02 -5.835369230000000407e-01 1.259605899999999973e-02 8.104996679999999509e-01
1.702688195310521841e+09 -1.313200599999999989e-02 -3.166369999999999840e-04 6.081664559999999664e-01 -4.836981700000000245e-02 -5.784745810000000432e-01 1.343218000000000016e-02 8.141542670000000426e-01
1.702688195606745243e+09 -1.389828300000000086e-02 -2.552829999999999748e-04 6.084398030000000013e-01 -4.766469400000000051e-02 -5.687655809999999645e-01 1.192256899999999918e-02 8.210309150000000278e-01
1.702688195896227837e+09 -1.464977899999999993e-02 -2.038780000000000019e-04 6.087841990000000258e-01 -4.766222500000000251e-02 -5.698503849999999593e-01 1.256846399999999968e-02 8.202688099999999594e-01
1.702688196229387760e+09 -1.568466400000000094e-02 -9.004800000000000250e-05 6.087401510000000071e-01 -4.824290099999999776e-02 -5.550329689999999871e-01 1.135966400000000022e-02 8.303505180000000374e-01
1.702688196560087919e+09 -1.642417900000000056e-02 -8.560899999999999977e-05 6.093044279999999535e-01 -4.854304699999999889e-02 -5.475180750000000485e-01 1.145569999999999922e-02 8.353061080000000471e-01
1.702688196933773994e+09 -1.739811900000000008e-02 8.139799999999999553e-05 6.098449230000000387e-01 -4.792235400000000034e-02 -5.332645179999999652e-01 1.062504700000000031e-02 8.445232510000000303e-01
1.702688197309878588e+09 -1.827934399999999945e-02 9.296600000000000404e-05 6.102039809999999509e-01 -4.981397800000000181e-02 -5.200254920000000336e-01 7.597501000000000428e-03 8.526631000000000071e-01
1.702688197642715693e+09 -1.900479199999999952e-02 1.862479999999999962e-04 6.107519869999999962e-01 -4.898589500000000152e-02 -5.071132179999999767e-01 9.376415000000000791e-03 8.604351279999999935e-01
1.702688197933263063e+09 -1.972888399999999862e-02 2.465810000000000029e-04 6.111713050000000536e-01 -4.909115299999999849e-02 -4.935461279999999729e-01 8.215319000000000441e-03 8.682942390000000232e-01
1.702688198309193373e+09 -2.052664800000000150e-02 3.325509999999999946e-04 6.118326189999999665e-01 -5.023755900000000107e-02 -4.782407579999999880e-01 7.130295000000000036e-03 8.767617340000000148e-01
1.702688198644781113e+09 -2.124322999999999836e-02 4.178159999999999990e-04 6.123216150000000413e-01 -4.848345400000000222e-02 -4.619093240000000100e-01 6.387653000000000081e-03 8.855779769999999607e-01
1.702688198890823126e+09 -2.184929000000000038e-02 4.410460000000000053e-04 6.127273439999999516e-01 -4.868273399999999834e-02 -4.526104329999999787e-01 5.838717999999999686e-03 8.903593419999999981e-01
1.702688199146966696e+09 -2.238933699999999874e-02 4.303870000000000113e-04 6.129325030000000174e-01 -4.883851899999999691e-02 -4.461413619999999858e-01 6.884468999999999832e-03 8.936024310000000304e-01
1.702688199391685724e+09 -2.284927700000000117e-02 5.080980000000000132e-04 6.135153169999999490e-01 -4.999394699999999692e-02 -4.428209960000000223e-01 6.663852999999999964e-03 8.951903580000000193e-01
1.702688199601385117e+09 -2.324247399999999908e-02 5.653070000000000274e-04 6.140007969999999871e-01 -4.947046199999999977e-02 -4.411340950000000039e-01 6.541756999999999607e-03 8.960528370000000464e-01
1.702688199808663368e+09 -2.361005500000000132e-02 6.081030000000000289e-04 6.143954990000000116e-01 -4.898442299999999916e-02 -4.398939909999999842e-01 6.687582000000000075e-03 8.966878649999999729e-01
1.702688200058565617e+09 -2.414131200000000158e-02 5.370559999999999484e-04 6.147139069999999483e-01 -4.979277399999999798e-02 -4.389319720000000036e-01 5.057408000000000216e-03 8.971253630000000090e-01
1.702688200265553236e+09 -2.461266499999999885e-02 4.734380000000000164e-04 6.148327590000000065e-01 -5.180933299999999908e-02 -4.384084050000000010e-01 3.511736000000000111e-03 8.972745540000000020e-01
1.702688200476429939e+09 -2.531005399999999850e-02 5.672780000000000530e-04 6.151163579999999742e-01 -5.090375999999999929e-02 -4.381957949999999991e-01 4.687618999999999640e-03 8.974248169999999858e-01
1.702688200730449677e+09 -2.533918599999999965e-02 5.541199999999999598e-04 6.150785680000000477e-01 -5.037108800000000136e-02 -4.393190149999999794e-01 3.454390999999999799e-03 8.969112040000000174e-01
1.702688200931848049e+09 -2.588532899999999859e-02 5.548970000000000508e-04 6.153352260000000129e-01 -5.109948300000000110e-02 -4.374688270000000045e-01 3.725865999999999987e-03 8.977727890000000155e-01
1.702688201181699276e+09 -2.679275000000000059e-02 4.864709999999999846e-04 6.147955659999999600e-01 -5.192451900000000231e-02 -4.376993779999999723e-01 2.491311999999999867e-03 8.976173400000000413e-01
1.702688201432756662e+09 -2.741402399999999864e-02 5.823430000000000316e-04 6.149485709999999994e-01 -5.198340099999999853e-02 -4.381303790000000142e-01 1.976359000000000015e-03 8.974049689999999968e-01
1.702688201679911375e+09 -2.793167499999999956e-02 6.151420000000000542e-04 6.152647730000000426e-01 -5.244317700000000054e-02 -4.374672769999999877e-01 1.180861000000000063e-03 8.977029920000000329e-01
1.702688201888041019e+09 -2.833644999999999914e-02 6.623379999999999459e-04 6.155680420000000375e-01 -5.265026899999999954e-02 -4.369476440000000239e-01 -3.797800000000000264e-04 8.979446290000000497e-01
1.702688202138675690e+09 -2.890333499999999875e-02 6.908739999999999586e-04 6.158518200000000498e-01 -5.314714100000000191e-02 -4.372643230000000103e-01 -1.386618000000000052e-03 8.977602120000000019e-01
1.702688202388726711e+09 -2.945895499999999848e-02 7.150639999999999557e-04 6.160532829999999516e-01 -5.311732000000000259e-02 -4.396439489999999783e-01 -2.059927000000000025e-03 8.965978030000000265e-01
1.702688202596014500e+09 -2.986194199999999896e-02 7.674859999999999495e-04 6.163458819999999561e-01 -5.231742600000000021e-02 -4.401378930000000023e-01 -1.012220000000000090e-03 8.964042070000000084e-01
1.702688203055158377e+09 -3.074939499999999881e-02 8.888150000000000477e-04 6.170622709999999955e-01 -5.232575899999999947e-02 -4.308785500000000268e-01 -2.987477000000000101e-03 9.008866549999999807e-01
1.702688203307215929e+09 -3.122301400000000032e-02 9.081199999999999993e-04 6.173346039999999535e-01 -5.216395900000000280e-02 -4.244947729999999919e-01 -3.611609000000000000e-03 9.039192799999999917e-01
1.702688203805482388e+09 -3.200177099999999830e-02 9.424740000000000027e-04 6.180359130000000478e-01 -5.126682999999999935e-02 -3.897510470000000171e-01 -4.596372999999999952e-03 9.194806810000000219e-01
1.702688204055269003e+09 -3.239727800000000157e-02 9.736849999999999585e-04 6.184235810000000555e-01 -5.121853199999999717e-02 -3.770928980000000097e-01 -5.528563999999999701e-03 9.247416259999999832e-01
1.702688204305177450e+09 -3.282856900000000189e-02 1.043426000000000076e-03 6.188524960000000297e-01 -5.156633299999999892e-02 -3.630461099999999774e-01 -7.317650999999999670e-03 9.303144220000000297e-01
1.702688204556324959e+09 -3.319301499999999933e-02 1.042238000000000019e-03 6.192113160000000116e-01 -5.182139899999999716e-02 -3.512877520000000087e-01 -7.549405999999999825e-03 9.348018169999999794e-01
1.702688204761393547e+09 -3.346941600000000183e-02 1.201922000000000016e-03 6.196410660000000181e-01 -4.971082100000000226e-02 -3.390682340000000239e-01 -8.031896999999999648e-03 9.394131300000000406e-01
1.702688205011528492e+09 -3.381769700000000073e-02 1.142165000000000107e-03 6.200451249999999748e-01 -5.101300000000000279e-02 -3.226567209999999797e-01 -1.045115100000000054e-02 9.450826049999999645e-01
1.702688205262434006e+09 -3.407143800000000250e-02 1.061426000000000079e-03 6.200382110000000058e-01 -5.389539499999999872e-02 -3.056194780000000000e-01 -1.137721700000000023e-02 9.505590800000000007e-01
1.702688205512762785e+09 -3.425391800000000125e-02 1.033955999999999938e-03 6.201779250000000188e-01 -5.405894700000000302e-02 -2.908004820000000268e-01 -1.261204500000000055e-02 9.551720620000000439e-01
1.702688205760909319e+09 -3.441046200000000277e-02 1.027326999999999971e-03 6.206226940000000303e-01 -5.600411400000000067e-02 -2.730838950000000209e-01 -1.413962600000000062e-02 9.602545500000000400e-01
1.702688206013332129e+09 -3.477080500000000185e-02 1.115475000000000104e-03 6.209592819999999458e-01 -5.502515999999999657e-02 -2.461958680000000121e-01 -1.481390100000000085e-02 9.675434830000000375e-01
1.702688206302918911e+09 -3.494591300000000206e-02 1.145060999999999952e-03 6.214931009999999922e-01 -5.362805400000000139e-02 -2.200011159999999966e-01 -1.524628800000000020e-02 9.739050870000000026e-01
1.702688206553478479e+09 -3.514229499999999701e-02 1.162356999999999930e-03 6.219560499999999825e-01 -5.367814399999999708e-02 -1.957305370000000100e-01 -1.763773199999999972e-02 9.790286419999999490e-01
1.702688206806217194e+09 -3.525178100000000286e-02 1.159646999999999978e-03 6.224325299999999839e-01 -5.501177899999999676e-02 -1.715281750000000049e-01 -2.024095100000000008e-02 9.834338430000000297e-01
1.702688207051601410e+09 -3.536073099999999941e-02 1.278657000000000101e-03 6.229420900000000039e-01 -5.362402299999999983e-02 -1.472476719999999961e-01 -2.004555400000000015e-02 9.874415399999999510e-01
1.702688207259655237e+09 -3.549476299999999862e-02 1.314695000000000056e-03 6.232756969999999619e-01 -5.298311599999999677e-02 -1.259486969999999983e-01 -2.289650799999999944e-02 9.903562660000000406e-01
1.702688207469698668e+09 -3.546579899999999924e-02 1.381192000000000053e-03 6.237878199999999929e-01 -5.250879399999999753e-02 -1.105464470000000060e-01 -2.408325899999999922e-02 9.921906590000000303e-01
1.702688207678155661e+09 -3.579086100000000020e-02 1.377362000000000031e-03 6.240446570000000026e-01 -5.304411400000000332e-02 -8.799089499999999953e-02 -2.459358600000000061e-02 9.944038990000000355e-01
1.702688208386148214e+09 -3.568525599999999853e-02 1.447202999999999988e-03 6.253551240000000400e-01 -5.203941100000000070e-02 -4.911151200000000300e-02 -2.704734899999999831e-02 9.970698949999999838e-01
1.702688208676268101e+09 -3.573206100000000246e-02 1.546775999999999924e-03 6.259841919999999948e-01 -5.219652500000000056e-02 -4.238234500000000182e-02 -2.687355099999999899e-02 9.973751309999999703e-01
1.702688209134292126e+09 -3.573723899999999704e-02 1.670468999999999947e-03 6.269311899999999715e-01 -5.414342099999999713e-02 -4.614982000000000112e-02 -2.176985099999999979e-02 9.972285629999999568e-01
1.702688209426118135e+09 -3.575380100000000172e-02 1.759879999999999908e-03 6.275646089999999955e-01 -5.809415899999999938e-02 -5.059635299999999669e-02 -1.813187100000000079e-02 9.968632459999999806e-01
1.702688209884615183e+09 -3.597355299999999839e-02 1.869250999999999942e-03 6.284359689999999832e-01 -5.784853899999999743e-02 -5.765974900000000319e-02 -2.788716200000000006e-02 9.962686299999999884e-01
1.702688210172260284e+09 -3.616688800000000120e-02 1.927597999999999985e-03 6.289969090000000485e-01 -5.480908200000000202e-02 -7.380989200000000194e-02 -3.445303400000000044e-02 9.951688650000000136e-01
1.702688210465261459e+09 -3.627217900000000161e-02 1.975203000000000028e-03 6.295613049999999600e-01 -5.139269700000000107e-02 -9.902026499999999620e-02 -3.139780500000000085e-02 9.932612779999999697e-01
1.702688210716919899e+09 -3.642689400000000133e-02 2.036946999999999890e-03 6.299829479999999871e-01 -4.199123400000000228e-02 -1.140205039999999947e-01 -2.578099400000000152e-02 9.922557469999999658e-01
1.702688211630906820e+09 -3.655577100000000079e-02 2.112156999999999923e-03 6.314949389999999774e-01 -4.953306899999999902e-02 -5.828470000000000178e-02 -3.166592499999999755e-02 9.965674279999999774e-01
1.702688211930036545e+09 -3.651000599999999763e-02 2.145014000000000209e-03 6.318889859999999858e-01 -4.343465299999999668e-02 -4.822295499999999790e-02 -3.139706700000000072e-02 9.973977210000000149e-01
1.702688212215248823e+09 -3.655905300000000108e-02 2.186898999999999961e-03 6.324961780000000200e-01 -4.314352199999999665e-02 -3.224743900000000274e-02 -3.108358599999999985e-02 9.980643989999999910e-01
1.702688212505236149e+09 -3.649801400000000223e-02 2.232254999999999830e-03 6.330150960000000548e-01 -4.502452900000000063e-02 -1.685352099999999978e-02 -3.022625099999999912e-02 9.983862639999999677e-01
1.702688212837169409e+09 -3.647692899999999822e-02 2.260477999999999793e-03 6.336570980000000297e-01 -4.865327099999999794e-02 1.983520999999999809e-03 -3.350336799999999865e-02 9.982517359999999451e-01
1.702688213129238844e+09 -3.644585599999999870e-02 2.321810000000000106e-03 6.342365150000000007e-01 -5.045209500000000236e-02 1.676396999999999957e-02 -3.463041000000000036e-02 9.979851250000000285e-01
1.702688213419287920e+09 -3.641030900000000181e-02 2.380548000000000126e-03 6.347888710000000323e-01 -5.133030200000000126e-02 3.333023599999999920e-02 -3.549983699999999937e-02 9.974939229999999490e-01
1.702688214546439886e+09 -3.606053099999999983e-02 2.556085999999999948e-03 6.367980840000000420e-01 -4.994074300000000272e-02 9.194457500000000061e-02 -3.841037700000000249e-02 9.937689899999999632e-01
1.702688214842158318e+09 -3.592286299999999932e-02 2.617850000000000125e-03 6.373187300000000555e-01 -4.916452200000000217e-02 1.074419469999999960e-01 -3.932519300000000134e-02 9.922159910000000194e-01
1.702688216167394876e+09 -3.542435199999999923e-02 2.840463000000000102e-03 6.397451760000000265e-01 -4.658607000000000026e-02 9.439516800000000152e-02 -3.834867799999999716e-02 9.937044980000000471e-01
1.702688216420480490e+09 -3.536091699999999866e-02 2.863764999999999887e-03 6.401891709999999458e-01 -4.771403999999999923e-02 8.217380200000000412e-02 -3.713624900000000312e-02 9.947822689999999968e-01
1.702688216710136890e+09 -3.530468800000000074e-02 2.931006999999999797e-03 6.407310960000000000e-01 -4.692226599999999720e-02 7.102571400000000368e-02 -3.702429299999999979e-02 9.956821200000000038e-01
1.702688217005392313e+09 -3.523171299999999784e-02 2.979489000000000096e-03 6.412443519999999619e-01 -4.691316899999999762e-02 6.460884999999999545e-02 -3.555983699999999692e-02 9.961728450000000290e-01
1.702688217333448172e+09 -3.517433999999999839e-02 3.045849000000000213e-03 6.418737770000000342e-01 -4.884038500000000005e-02 6.520163299999999496e-02 -3.628857099999999863e-02 9.960153699999999555e-01
1.702688217756749630e+09 -3.504051999999999861e-02 3.109900999999999985e-03 6.426463129999999691e-01 -4.892086999999999825e-02 7.734118399999999338e-02 -3.668445299999999881e-02 9.951277969999999806e-01
1.702688218083411217e+09 -3.494147999999999699e-02 3.157595000000000020e-03 6.432388420000000329e-01 -4.774146499999999682e-02 7.972121999999999542e-02 -3.642891699999999816e-02 9.950066800000000322e-01
1.702688218708825350e+09 -3.475144499999999886e-02 3.288449000000000146e-03 6.443691849999999555e-01 -4.826222399999999940e-02 8.208213699999999946e-02 -3.694215800000000272e-02 9.947706459999999806e-01
1.702688219081946135e+09 -3.462026299999999834e-02 3.358371000000000186e-03 6.450542809999999516e-01 -4.787333299999999708e-02 8.572366800000000286e-02 -3.751465300000000197e-02 9.944608209999999948e-01
1.702688219414684772e+09 -3.451565699999999820e-02 3.413731000000000144e-03 6.456620100000000084e-01 -4.790082899999999894e-02 8.705274799999999924e-02 -3.714108499999999730e-02 9.943580029999999903e-01
1.702688219709184408e+09 -3.442705399999999860e-02 3.448856000000000144e-03 6.461846829999999819e-01 -4.679990600000000223e-02 9.504277999999999338e-02 -3.754078599999999960e-02 9.936636089999999477e-01
1.702688220045918465e+09 -3.429163200000000244e-02 3.508055999999999848e-03 6.467919349999999845e-01 -4.796500100000000016e-02 1.042575760000000046e-01 -3.784905400000000003e-02 9.926717280000000310e-01
1.702688220374678373e+09 -3.416371700000000317e-02 3.569399999999999917e-03 6.473923919999999832e-01 -4.696373599999999898e-02 1.075144190000000000e-01 -3.816484299999999691e-02 9.923600550000000187e-01
1.702688220706322432e+09 -3.400144000000000083e-02 3.611029999999999882e-03 6.479757430000000484e-01 -4.674914499999999890e-02 1.137169529999999956e-01 -3.808921600000000213e-02 9.916815159999999851e-01
1.702688221335029364e+09 -3.365067000000000058e-02 3.724853000000000192e-03 6.490912439999999561e-01 -4.406684999999999769e-02 1.401633469999999937e-01 -3.920887800000000256e-02 9.883698819999999774e-01
1.702688221996752501e+09 -3.326987499999999737e-02 3.796873999999999996e-03 6.502664689999999581e-01 -4.390031800000000067e-02 1.633206749999999985e-01 -4.075270100000000228e-02 9.847529529999999864e-01
1.702688222334378481e+09 -3.304428599999999910e-02 3.836823999999999964e-03 6.508372430000000097e-01 -4.392137399999999914e-02 1.707181929999999903e-01 -4.081681399999999987e-02 9.834938650000000226e-01
1.702688222662907839e+09 -3.284476000000000062e-02 3.874751000000000063e-03 6.514018769999999625e-01 -4.203833600000000253e-02 1.730491969999999879e-01 -4.051486399999999766e-02 9.831812380000000129e-01
1.702688223057169437e+09 -3.262343300000000029e-02 3.929608000000000233e-03 6.520535349999999619e-01 -4.215385399999999755e-02 1.700314129999999924e-01 -4.162235200000000135e-02 9.836564660000000071e-01
1.702688223413815498e+09 -3.239624900000000196e-02 3.980670999999999862e-03 6.527190800000000070e-01 -4.372960699999999673e-02 1.605901120000000071e-01 -4.033558799999999861e-02 9.852266910000000433e-01
1.702688223749886990e+09 -3.224063700000000254e-02 4.029780999999999641e-03 6.533119080000000523e-01 -4.360818100000000280e-02 1.523866650000000045e-01 -3.989306499999999839e-02 9.865521790000000291e-01
1.702688224161460876e+09 -3.204102799999999918e-02 4.080369999999999830e-03 6.539555190000000406e-01 -4.334207300000000179e-02 1.385892780000000102e-01 -3.896516900000000089e-02 9.886335130000000193e-01
1.702688224624315500e+09 -3.189089500000000243e-02 4.138934999999999836e-03 6.545875669999999813e-01 -4.495662500000000006e-02 1.294190879999999877e-01 -3.850816900000000181e-02 9.898215529999999651e-01
1.702688225038375378e+09 -3.166431900000000327e-02 4.197255999999999904e-03 6.552824969999999638e-01 -4.498591999999999869e-02 1.463202829999999954e-01 -4.005700000000000233e-02 9.874016639999999567e-01
1.702688225451898575e+09 -3.143231600000000181e-02 4.250073000000000045e-03 6.560038919999999774e-01 -4.498118200000000150e-02 1.569811399999999912e-01 -4.022056999999999716e-02 9.857565160000000271e-01
1.702688225868437290e+09 -3.112911599999999834e-02 4.300817999999999655e-03 6.566984649999999535e-01 -4.410755300000000073e-02 1.735552999999999957e-01 -4.026637200000000166e-02 9.830115440000000149e-01
1.702688226330569983e+09 -3.084284400000000120e-02 4.381944999999999937e-03 6.574617619999999496e-01 -4.464333499999999927e-02 1.804617350000000120e-01 -4.186195899999999720e-02 9.816762209999999600e-01
1.702688226829157352e+09 -3.043019400000000069e-02 4.426700999999999900e-03 6.582657100000000039e-01 -4.280884900000000298e-02 2.000798430000000072e-01 -4.158351600000000092e-02 9.779602889999999826e-01
1.702688227330985785e+09 -3.006688299999999911e-02 4.490852000000000038e-03 6.590930219999999728e-01 -4.286515700000000095e-02 2.070373000000000074e-01 -4.250899699999999976e-02 9.764687420000000007e-01
1.702688227781842947e+09 -2.968708399999999900e-02 4.549364999999999659e-03 6.598578689999999858e-01 -4.210058600000000234e-02 2.148128450000000023e-01 -4.151077599999999923e-02 9.748640060000000052e-01
1.702688228240190506e+09 -2.934865299999999885e-02 4.596455999999999632e-03 6.606123449999999897e-01 -4.166665299999999794e-02 2.185797839999999992e-01 -4.299586300000000222e-02 9.739806060000000265e-01
1.702688228615323305e+09 -2.904463900000000057e-02 4.623155000000000320e-03 6.612206699999999548e-01 -4.191017500000000090e-02 2.288602289999999984e-01 -4.341963299999999915e-02 9.715870020000000329e-01
1.702688228988925934e+09 -2.871180699999999891e-02 4.665523999999999887e-03 6.618062850000000497e-01 -3.946007399999999776e-02 2.470578099999999888e-01 -4.310140800000000078e-02 9.672371149999999806e-01
1.702688229371582031e+09 -2.836108600000000063e-02 4.683882000000000323e-03 6.623952979999999657e-01 -3.811554999999999804e-02 2.613359089999999774e-01 -4.526423300000000094e-02 9.634323719999999813e-01
1.702688229741533995e+09 -2.800184099999999954e-02 4.696760000000000344e-03 6.629642249999999626e-01 -3.784259799999999813e-02 2.693003119999999861e-01 -4.398685699999999726e-02 9.613066909999999909e-01
1.702688230155956507e+09 -2.756363200000000110e-02 4.722345000000000188e-03 6.635803580000000368e-01 -3.600675200000000298e-02 2.817673680000000180e-01 -4.435912899999999714e-02 9.577801820000000355e-01
1.702688230531054735e+09 -2.715867799999999860e-02 4.759209999999999829e-03 6.641654970000000491e-01 -3.687452499999999828e-02 2.885862590000000116e-01 -4.429575399999999968e-02 9.557176229999999606e-01
1.702688230906006813e+09 -2.682442999999999980e-02 4.805676000000000045e-03 6.647822860000000000e-01 -3.877094400000000163e-02 2.786579730000000032e-01 -4.453743999999999759e-02 9.585734609999999600e-01
1.702688231280465841e+09 -2.651445200000000085e-02 4.828551000000000371e-03 6.653812529999999503e-01 -3.950362699999999949e-02 2.591024339999999926e-01 -4.418702800000000319e-02 9.640294910000000161e-01
1.702688231660059929e+09 -2.621321399999999857e-02 4.875446000000000293e-03 6.660143139999999962e-01 -4.122758299999999820e-02 2.387014779999999947e-01 -4.372823599999999672e-02 9.692315460000000549e-01
1.702688231986952305e+09 -2.592176599999999886e-02 4.938246999999999776e-03 6.665769219999999606e-01 -4.239322200000000124e-02 2.209859939999999912e-01 -4.102287100000000242e-02 9.734911920000000052e-01
1.702688232327083588e+09 -2.571868299999999913e-02 4.968539999999999589e-03 6.671391129999999503e-01 -4.384687500000000043e-02 2.033421099999999926e-01 -4.100496299999999844e-02 9.772655959999999586e-01
1.702688232699694157e+09 -2.548576699999999945e-02 5.032397000000000085e-03 6.677976249999999503e-01 -4.393676700000000157e-02 1.835016160000000063e-01 -3.896315799999999774e-02 9.812638160000000109e-01
1.702688233118612528e+09 -2.528646999999999839e-02 5.083782999999999705e-03 6.685305830000000116e-01 -4.472120100000000209e-02 1.662803589999999887e-01 -3.861723499999999976e-02 9.843066329999999864e-01
1.702688233528228045e+09 -2.504726700000000153e-02 5.152073000000000069e-03 6.692605609999999761e-01 -4.482892499999999864e-02 1.472707540000000037e-01 -3.659456600000000198e-02 9.874019619999999664e-01
1.702688234073702097e+09 -2.485746100000000083e-02 5.225355000000000104e-03 6.702311640000000459e-01 -4.634231700000000093e-02 1.245032620000000034e-01 -3.619287499999999935e-02 9.904753570000000007e-01
1.702688234448661566e+09 -2.472614899999999935e-02 5.288142000000000016e-03 6.709238290000000271e-01 -4.802392099999999719e-02 1.156083569999999949e-01 -3.541525499999999965e-02 9.915009740000000349e-01
1.702688234859760523e+09 -2.455248900000000026e-02 5.340499000000000288e-03 6.716383099999999606e-01 -4.822379699999999880e-02 1.084193440000000008e-01 -3.514757000000000298e-02 9.923126700000000078e-01
1.702688235276866913e+09 -2.439014999999999933e-02 5.390322999999999816e-03 6.723580959999999607e-01 -4.933605700000000260e-02 1.044031380000000064e-01 -3.589987000000000039e-02 9.926616550000000316e-01
1.702688235734902382e+09 -2.424459699999999968e-02 5.476515000000000376e-03 6.731706859999999626e-01 -4.996339200000000230e-02 8.647467200000000243e-02 -3.478523299999999874e-02 9.943921570000000543e-01
1.702688236193366051e+09 -2.408949300000000002e-02 5.534909000000000183e-03 6.739814280000000490e-01 -4.881063499999999805e-02 8.112250299999999859e-02 -3.486389699999999786e-02 9.948975439999999670e-01
1.702688236652545214e+09 -2.397232900000000055e-02 5.597610999999999733e-03 6.747786399999999851e-01 -4.909862200000000149e-02 8.995022599999999424e-02 -3.527455399999999963e-02 9.941096900000000458e-01
1.702688237073870420e+09 -2.376310499999999964e-02 5.661142000000000084e-03 6.755067110000000374e-01 -4.960838000000000053e-02 9.903919699999999549e-02 -3.713189399999999862e-02 9.931522609999999807e-01
1.702688237607378244e+09 -2.351548499999999917e-02 5.767399000000000310e-03 6.764495369999999896e-01 -5.041314999999999685e-02 1.182588259999999974e-01 -3.807356199999999830e-02 9.909711479999999684e-01
1.702688238189066410e+09 -2.317803400000000014e-02 5.864012000000000044e-03 6.774520870000000361e-01 -4.893349899999999836e-02 1.430969239999999865e-01 -3.893175000000000108e-02 9.877312780000000458e-01
1.702688238651792049e+09 -2.305026199999999845e-02 5.902313999999999651e-03 6.782420279999999968e-01 -4.805262800000000001e-02 1.436515899999999957e-01 -3.911340199999999850e-02 9.876868720000000490e-01
1.702688239148632288e+09 -2.286638699999999844e-02 5.949600999999999675e-03 6.791285280000000091e-01 -5.014382299999999709e-02 1.476172209999999929e-01 -4.009165199999999846e-02 9.869586830000000033e-01
1.702688239688847542e+09 -2.250724700000000106e-02 6.061559999999999691e-03 6.800075770000000297e-01 -4.911618699999999865e-02 1.499470029999999954e-01 -3.963407499999999778e-02 9.866775869999999671e-01
1.702688240355690479e+09 -2.223268200000000014e-02 6.159910999999999685e-03 6.811515689999999568e-01 -4.946826800000000274e-02 1.492373349999999987e-01 -4.069373800000000013e-02 9.867244360000000380e-01
1.702688240812864542e+09 -2.200916799999999909e-02 6.184575000000000315e-03 6.818965670000000090e-01 -4.992814000000000280e-02 1.513705850000000019e-01 -3.964859200000000333e-02 9.864188430000000452e-01
1.702688241272750378e+09 -2.184279299999999924e-02 6.250750999999999703e-03 6.826350089999999593e-01 -4.949014999999999664e-02 1.499334420000000001e-01 -3.958491199999999988e-02 9.866629839999999652e-01
1.702688241737814426e+09 -2.170170999999999906e-02 6.337330999999999867e-03 6.833489539999999529e-01 -4.872739300000000079e-02 1.573260280000000066e-01 -3.970937399999999867e-02 9.855442049999999510e-01
1.702688242229049921e+09 -2.140225100000000061e-02 6.349442999999999754e-03 6.840224270000000439e-01 -4.879983499999999974e-02 1.558660859999999870e-01 -3.952433200000000230e-02 9.857800009999999613e-01
1.702688242896991491e+09 -2.118913600000000078e-02 6.462507000000000147e-03 6.850944159999999838e-01 -5.417428500000000258e-02 1.648302080000000058e-01 -4.087590099999999921e-02 9.839844110000000033e-01
1.702688243353327990e+09 -2.095931399999999972e-02 6.502538000000000415e-03 6.856836080000000555e-01 -5.394783599999999901e-02 1.656466279999999902e-01 -4.197457799999999850e-02 9.838134649999999981e-01
1.702688243812269926e+09 -2.086198100000000166e-02 6.577411000000000021e-03 6.862915160000000458e-01 -5.185530000000000000e-02 1.573704479999999961e-01 -4.081407900000000311e-02 9.853323699999999574e-01
1.702688244311707020e+09 -2.067483000000000168e-02 6.645650999999999815e-03 6.869719619999999916e-01 -5.330103600000000302e-02 1.449451150000000133e-01 -4.058021299999999693e-02 9.871692659999999897e-01
1.702688244726606369e+09 -2.057199200000000075e-02 6.698677000000000104e-03 6.875055429999999967e-01 -5.203061199999999692e-02 1.340973530000000025e-01 -3.904745400000000227e-02 9.888306860000000142e-01
1.702688245227238417e+09 -2.040954700000000011e-02 6.735927000000000060e-03 6.880953309999999767e-01 -4.979721100000000095e-02 1.354287560000000112e-01 -3.887331100000000067e-02 9.887710809999999961e-01
1.702688245651625156e+09 -2.033567799999999939e-02 6.796594000000000420e-03 6.885524389999999606e-01 -5.039158800000000105e-02 1.340182570000000017e-01 -3.817401799999999706e-02 9.889603259999999452e-01
