1702685614011238912.000000 0.000000000 0.000000000 0.000000000 -0.000000000 -0.000000000 -0.000000000 1.000000000
1702685614221848576.000000 0.000027023 0.000034825 0.002658284 -0.000032269 -0.000652517 -0.000148341 0.999999821
1702685614346469632.000000 0.000096343 0.000022931 0.004240084 0.000057281 -0.001158310 -0.000248688 0.999999285
1702685614386944512.000000 0.000026553 -0.000021113 0.004705999 -0.000007216 -0.001224183 -0.000322434 0.999999225
1702685614476201984.000000 0.000040477 0.000031657 0.005758447 0.000460071 -0.001589953 -0.000379928 0.999998569
1702685614681707776.000000 -0.000044413 -0.000064323 0.008349618 0.000590234 -0.003711549 0.000093200 0.999992967
1702685614802688000.000000 -0.000134320 -0.000159447 0.009865031 0.001622526 -0.004361814 0.000181048 0.999989152
1702685614884113920.000000 -0.000037240 -0.000110103 0.010875707 0.001675163 -0.004906087 0.000088100 0.999986589
1702685616217860352.000000 -0.000619317 -0.000312333 0.027510207 0.000620974 -0.008830437 0.000051732 0.999960840
1702685616342144768.000000 -0.000743882 -0.000359918 0.028966894 0.001266675 -0.009724418 -0.000200258 0.999951899
1702685616507176704.000000 -0.000927142 -0.000289274 0.031165581 0.000694333 -0.011814335 0.000308386 0.999929905
1702685617506893824.000000 -0.001125667 -0.000360426 0.043703701 -0.000430346 -0.014349999 0.000274769 0.999896944
1702685617674074880.000000 -0.001198757 -0.000308363 0.045699526 0.000164029 -0.015118820 0.000102736 0.999885678
1702685617844428544.000000 -0.001323800 -0.000317705 0.047713768 0.000841099 -0.015532911 -0.000097089 0.999879003
1702685618214602752.000000 -0.001040893 -0.000326377 0.052442264 0.000523280 -0.015112029 -0.000060011 0.999885678
1702685618882706944.000000 -0.002105531 -0.000269530 0.060687128 0.000442940 -0.020422045 0.000105071 0.999791384
1702685619090616064.000000 -0.002293896 -0.000249341 0.063222893 0.001158170 -0.022727141 0.000327755 0.999741018
1702685619255439360.000000 -0.002454475 -0.000360984 0.065436102 -0.000343683 -0.022750538 -0.000489961 0.999741018
1702685619757410304.000000 -0.002524197 -0.000255380 0.071751736 -0.001287662 -0.027561784 0.000597019 0.999619126
1702685620256780800.000000 -0.003329240 -0.000007344 0.077969000 -0.002040152 -0.035671070 -0.000545661 0.999361336
1702685620548339712.000000 -0.003399614 -0.000288979 0.081685126 -0.002629951 -0.039233975 -0.000721308 0.999226332
1702685620838311680.000000 -0.004096868 -0.000028537 0.085061096 0.000463228 -0.037151836 -0.000573367 0.999309361
1702685621135981568.000000 -0.004194625 -0.000216340 0.088767551 -0.000010481 -0.037106901 -0.001239677 0.999310553
1702685621378055168.000000 -0.004462213 -0.000138230 0.091957428 -0.000491343 -0.038058307 -0.001581760 0.999274135
1702685621672569088.000000 -0.004933613 -0.000129407 0.095522374 -0.000864200 -0.037751846 -0.001371078 0.999285817
1702685621960112896.000000 -0.005302295 -0.000103474 0.099170201 -0.001518146 -0.038333070 -0.002545119 0.999260664
1702685622257387520.000000 -0.005584170 -0.000144253 0.102713890 -0.001418065 -0.040189665 -0.001123594 0.999190450
1702685622546368000.000000 -0.005707472 -0.000097948 0.106346831 -0.001357717 -0.039904755 -0.000052839 0.999202549
1702685622879044352.000000 -0.006197819 -0.000078048 0.110464156 -0.002970308 -0.039854676 0.000428397 0.999201000
1702685623209758208.000000 -0.006455563 -0.000054400 0.114478506 -0.002140066 -0.044664051 0.000525423 0.998999655
1702685623545860608.000000 -0.006720795 -0.000042508 0.118504614 -0.000840035 -0.040558677 0.001348669 0.999175906
1702685623878337280.000000 -0.006587469 -0.000036515 0.122574419 0.000971917 -0.036087461 0.002824169 0.999344170
1702685624212275200.000000 -0.007228957 -0.000247497 0.126604944 0.001262428 -0.040436782 0.002341634 0.999178588
1702685624545207808.000000 -0.007662832 -0.000175273 0.130694389 0.002736812 -0.041725744 0.002061394 0.999123216
1702685624923693056.000000 -0.007677536 -0.000103473 0.135422230 0.001412002 -0.034004018 0.002218663 0.999418259
1702685625333802752.000000 -0.008067192 -0.000155576 0.140497968 0.001675365 -0.034079775 0.000243386 0.999417663
1702685625750826752.000000 -0.008509072 -0.000305987 0.145410821 0.002674695 -0.029699426 0.001353656 0.999554396
1702685626168906240.000000 -0.009212611 -0.000248817 0.150333032 0.003105276 -0.049854700 0.001106352 0.998751044
1702685626584348672.000000 -0.009958432 -0.000240313 0.155414999 0.004293873 -0.062219143 0.001752743 0.998051763
1702685627041964288.000000 -0.010429858 -0.000106678 0.161013901 0.003015356 -0.057151385 0.004504743 0.998350799
1702685627464459008.000000 -0.011040359 -0.000007446 0.166231021 -0.000040478 -0.052698892 0.003840343 0.998603106
1702685627913878272.000000 -0.011578982 0.000073969 0.171814576 -0.003046050 -0.049992383 0.004023753 0.998736858
1702685628372951552.000000 -0.011802872 0.000115169 0.177117378 -0.000857045 -0.030593196 0.003559429 0.999525189
1702685628832148736.000000 -0.011709436 0.000189302 0.182607934 -0.001024881 -0.023725709 0.003375534 0.999712288
1702685629287873536.000000 -0.012146835 0.000176612 0.187855929 -0.000486197 -0.029016424 0.003083039 0.999574065
1702685629831348224.000000 -0.012471885 0.000235024 0.194361940 0.000013014 -0.029915782 0.004254993 0.999543369
1702685630335709440.000000 -0.012940094 0.000219013 0.200260118 -0.000863023 -0.028373595 0.001939607 0.999595106
1702685630872129792.000000 -0.013344528 0.000235201 0.206536174 -0.003248422 -0.034003243 0.001983866 0.999414504
1702685631412649984.000000 -0.013799568 0.000226928 0.212833613 -0.002864448 -0.032583054 0.002308956 0.999462247
1702685631954399232.000000 -0.014129305 0.000341069 0.219217107 -0.002270301 -0.032137796 0.003243388 0.999475598
1702685632413130752.000000 -0.014650546 0.000355624 0.224516004 -0.001844762 -0.032909602 0.003203851 0.999451518
1702685632911080960.000000 -0.014741501 0.000444347 0.230338216 -0.001332433 -0.032913323 0.003358278 0.999451697
1702685633370542336.000000 -0.015160263 0.000365053 0.235601023 -0.002437622 -0.030053120 0.002324835 0.999542654
1702685633789405696.000000 -0.015523411 0.000450054 0.240464687 -0.001869863 -0.032067314 0.002719533 0.999480247
1702685634203496960.000000 -0.015718773 0.000368882 0.245111063 -0.001325081 -0.032697398 0.002568117 0.999461114
1702685634617218560.000000 -0.015909379 0.000431928 0.250055969 -0.001569276 -0.022621844 0.004343152 0.999733448
1702685635034154496.000000 -0.016271424 0.000458941 0.254971892 -0.001934896 -0.018340591 0.003633026 0.999823332
1702685635408852224.000000 -0.016552879 0.000545217 0.259220153 -0.001033963 -0.021280531 0.004411700 0.999763310
1702685635786915072.000000 -0.016552832 0.000410639 0.263610661 -0.001629947 -0.010611719 0.005016362 0.999929786
1702685636115899904.000000 -0.016316675 0.000435139 0.267387956 -0.000383673 0.004545304 0.004585306 0.999979079
1702685636450145280.000000 -0.016301844 0.000450301 0.271233797 0.001001194 0.020407302 0.003300686 0.999785781
1702685636783837696.000000 -0.015979284 0.000359611 0.275115430 0.001309342 0.034549583 0.003547643 0.999395847
1702685637073879552.000000 -0.015412033 0.000373502 0.278584242 0.000464122 0.047192227 0.002939173 0.998881400
1702685637739447296.000000 -0.014169923 0.000423976 0.286327511 0.001563721 0.066079281 0.003762368 0.997806072
1702685638030803712.000000 -0.013670946 0.000398754 0.289723366 -0.000627559 0.068695709 0.004051424 0.997629285
1702685638368567808.000000 -0.013074164 0.000453303 0.293504775 -0.000345604 0.069199532 0.003450442 0.997596800
1702685639367626496.000000 -0.011892215 0.000350848 0.304851860 0.002053477 0.058436587 0.003481030 0.998282969
1702685639740109312.000000 -0.011319818 0.000381481 0.309169710 0.002267655 0.057888351 0.003744965 0.998313487
1702685640071225088.000000 -0.011347977 0.000394661 0.313059360 0.001552030 0.053440310 0.003923754 0.998562157
1702685640365610240.000000 -0.010965209 0.000330058 0.316426575 0.001933029 0.050405692 0.003875525 0.998719454
1702685641157465344.000000 -0.009833321 0.000309197 0.325427741 0.001494203 0.045957249 0.002676128 0.998938680
1702685641531822592.000000 -0.009525166 0.000243073 0.329653859 0.003108645 0.046548672 0.003032588 0.998906612
1702685641986501120.000000 -0.008823453 0.000272638 0.334930807 0.001607156 0.048046861 0.003463394 0.998837769
1702685642360592640.000000 -0.008543259 0.000296261 0.339185894 0.001335595 0.053625923 0.002479308 0.998557150
1702685642818059264.000000 -0.007682770 0.000371456 0.344352245 0.001640050 0.055263370 0.002385203 0.998467624
1702685643235113984.000000 -0.007500868 0.000363348 0.349070519 0.003874335 0.033289280 0.002459684 0.999435246
1702685643697464832.000000 -0.007449807 0.000214865 0.354406208 0.001964250 0.020733278 0.003427061 0.999777257
1702685644108881408.000000 -0.007335021 0.000248348 0.359250665 0.000820595 0.028583242 0.002797395 0.999587178
1702685644651675904.000000 -0.006714170 0.000227397 0.365442216 0.001388688 0.028488422 0.002603368 0.999589801
1702685645153789696.000000 -0.006390012 0.000230963 0.371124357 0.001189196 0.029031832 0.002304553 0.999575138
1702685645691281664.000000 -0.005953679 0.000160231 0.377355367 0.000160102 0.025769783 0.001476009 0.999666810
1702685646233300480.000000 -0.005728491 0.000230275 0.383520991 0.002872833 0.033521239 0.000989717 0.999433398
1702685646777422336.000000 -0.005201130 0.000180377 0.389794439 0.002666617 0.032747682 0.001755325 0.999458551
1702685647397572608.000000 -0.004675726 -0.000001077 0.396813035 0.004322649 0.038810298 0.003113958 0.999232411
1702685647939113728.000000 -0.004147589 0.000066046 0.403053373 0.003495435 0.040532298 0.002747681 0.999168336
1702685648480168704.000000 -0.003711201 0.000168406 0.409381956 0.001817408 0.043140780 0.000201871 0.999067307
1702685648979628544.000000 -0.003081139 0.000115532 0.415234268 0.000678069 0.045506448 -0.000221546 0.998963773
1702685649565325056.000000 -0.002137808 0.000149440 0.422007471 0.001113887 0.048392031 -0.000661646 0.998827577
1702685650103837184.000000 -0.001512054 0.000306587 0.428034812 0.001582850 0.060471985 -0.001564780 0.998167455
1702685650648563200.000000 -0.000378976 0.000217956 0.434098482 0.002014846 0.071732983 -0.001834673 0.997420132
1702685651104764160.000000 0.000370867 0.000246359 0.439190060 0.004450326 0.074697256 -0.002820076 0.997192323
1702685651604613888.000000 0.000976896 0.000274711 0.444740534 0.004357441 0.068556599 -0.003794818 0.997630537
1702685652233661952.000000 0.001670375 0.000224935 0.451944053 0.004779504 0.050178297 -0.003899695 0.998721242
1702685652774558464.000000 0.001949914 0.000298884 0.457686543 0.001790955 0.029359775 -0.003796035 0.999560118
1702685653310448896.000000 0.001921929 0.000265235 0.463048995 0.000336545 0.009561809 -0.003940732 0.999946475
1702685653809449216.000000 0.001666875 0.000250003 0.468683481 0.002608565 -0.011191558 -0.003495815 0.999927878
1702685654353667072.000000 0.001345605 0.000277727 0.474725872 0.000958083 -0.027048279 -0.002598872 0.999630332
1702685654891563776.000000 0.000995961 0.000473467 0.481224954 0.000813508 -0.030761784 -0.004444988 0.999516547
1702685655394091520.000000 0.000896824 0.000490072 0.486942470 -0.000155461 -0.030094795 -0.005295345 0.999532998
1702685655735645952.000000 0.000638042 0.000409228 0.490591198 0.001796592 -0.031044390 -0.003846525 0.999509037
1702685656182603776.000000 0.000130761 0.000341771 0.495624959 0.000891673 -0.029631957 -0.003937552 0.999552786
1702685656764817920.000000 -0.000105229 0.000321642 0.502258837 0.000531744 -0.029438622 -0.004058400 0.999558210
1702685657348147712.000000 -0.000497368 0.000348797 0.508798838 0.000487226 -0.027708163 -0.003503951 0.999609768
1702685657930237184.000000 -0.000937799 0.000220455 0.515442252 -0.001085339 -0.032549404 -0.004003397 0.999461532
1702685658430245632.000000 -0.001060587 0.000272040 0.521005690 0.000506922 -0.032142308 -0.004198676 0.999474347
1702685658930407424.000000 -0.001785481 0.000296680 0.526427388 0.001360351 -0.039485291 -0.004039158 0.999211073
1702685659387165184.000000 -0.002155636 0.000185079 0.531453311 0.002695750 -0.041873511 -0.003961443 0.999111474
1702685659970591232.000000 -0.002634390 0.000181138 0.538069665 0.001025334 -0.041000690 -0.002821703 0.999154627
1702685660468537856.000000 -0.003009186 0.000199192 0.543514013 0.002771179 -0.042324644 -0.004120216 0.999091566
1702685661056445952.000000 -0.003325269 0.000202280 0.550061643 0.002010390 -0.028918063 -0.003907228 0.999572158
1702685661759333632.000000 -0.003228946 0.000208904 0.557866931 0.003572940 0.001942769 -0.004194539 0.999982953
1702685662260206336.000000 -0.003045646 0.000261562 0.563368022 0.002463029 0.009450172 -0.005438718 0.999937534
1702685662808195328.000000 -0.003197558 0.000255470 0.569293022 0.002508812 0.001281941 -0.004810586 0.999984443
1702685663384271872.000000 -0.003175541 0.000213815 0.575704217 0.002871598 0.000715423 -0.005425376 0.999980927
1702685664054702592.000000 -0.003465526 0.000225250 0.582714856 0.000659117 0.000868844 -0.006178289 0.999980330
1702685664675540480.000000 -0.003649668 0.000232212 0.588832676 0.003307082 0.001986674 -0.005753320 0.999976039
1702685665136919040.000000 -0.003517457 0.000449444 0.593917966 0.002014767 0.008314652 -0.005229616 0.999949753
1702685666258227712.000000 -0.002256658 0.000262480 0.605734944 0.003287310 0.054755975 -0.003711739 0.998487473
1702685666799828736.000000 -0.002293289 0.000381199 0.611677945 0.004499719 0.094039887 -0.003681059 0.995551467
1702685667257342976.000000 -0.000317259 -0.000016824 0.616345346 0.002478953 0.107826717 -0.002774981 0.994162738
1702685667882779904.000000 0.001561844 -0.000601752 0.622402251 0.004081567 0.132507369 -0.003111303 0.991168737
1702685668464427776.000000 0.003298050 -0.000722911 0.628370464 0.001372617 0.137476385 -0.000932119 0.990503669
1702685669004342272.000000 0.004558013 -0.001618339 0.633467913 -0.002350997 0.140874803 0.002482419 0.990021527
1702685669379034880.000000 0.005284480 -0.001490542 0.637469709 -0.002191474 0.141049832 0.001852851 0.989998341
1702685669755430912.000000 0.005174997 -0.001742036 0.640800297 -0.003950443 0.137266964 -0.000241145 0.990526199
1702685670134689024.000000 0.004805930 -0.001864704 0.644542098 -0.004391177 0.132071599 -0.002659865 0.991226912
1702685670502451200.000000 0.004655709 -0.001619861 0.646814287 -0.004811929 0.095145427 -0.002295347 0.995449126
1702685671210899712.000000 0.005020430 -0.002288361 0.652670324 -0.007336722 0.020837450 -0.000159543 0.999755919
1702685671668889856.000000 0.004004651 -0.002953560 0.655287147 -0.010349567 -0.019911425 -0.000574320 0.999747992
1702685672046810112.000000 0.004150503 -0.002811685 0.658663929 -0.009038572 -0.055574197 -0.001903943 0.998411894
1702685672462484224.000000 0.004189899 -0.002266724 0.662665308 -0.009368589 -0.094792061 -0.002118397 0.995450795
1702685672833376000.000000 0.004006196 -0.002042348 0.665123880 -0.011012071 -0.116934896 -0.002309081 0.993075848
1702685673212977920.000000 0.003946266 -0.001973261 0.667364359 -0.010319075 -0.136886090 -0.002760470 0.990529239
1702685673545357568.000000 0.003645246 -0.002151306 0.669202507 -0.015942080 -0.150780395 -0.003546001 0.988432407
1702685674624866304.000000 -0.000237562 -0.002139586 0.676565766 -0.015551989 -0.194600299 -0.003523746 0.980753005
1702685675126675712.000000 -0.002340794 -0.001673831 0.679768085 -0.015484701 -0.211211845 -0.004613370 0.977306783
1702685675335059968.000000 -0.002837326 -0.001826091 0.681186914 -0.016211122 -0.218004748 -0.004506523 0.975802660
1702685675747794944.000000 -0.004689477 -0.001597970 0.683647454 -0.015281469 -0.230953053 -0.005062798 0.972831726
1702685675998448128.000000 -0.005758429 -0.001880920 0.685170054 -0.017681543 -0.239868373 -0.004245784 0.970635116
1702685676414435840.000000 -0.007675175 -0.001797440 0.687593102 -0.018970825 -0.254914701 -0.003059171 0.966772616
1702685676671573248.000000 -0.008716967 -0.001677474 0.689090014 -0.018523304 -0.263553709 -0.003710233 0.964459777
1702685676916038912.000000 -0.010070831 -0.001332565 0.690708399 -0.016181545 -0.274727702 -0.003241230 0.961380482
1702685677166775552.000000 -0.011105150 -0.001389611 0.692034721 -0.017999979 -0.284639478 -0.003961612 0.958457470
1702685677374230016.000000 -0.012234915 -0.001232690 0.693349004 -0.017309416 -0.292125702 -0.003455966 0.956217051
1702685677832198912.000000 -0.014475174 -0.001309133 0.696067095 -0.016021566 -0.312389195 -0.003057410 0.949814200
1702685678081158912.000000 -0.015811339 -0.001138555 0.697590888 -0.014677465 -0.321550667 -0.002538709 0.946775258
1702685678620971776.000000 -0.018629417 -0.001279021 0.700631142 -0.016531756 -0.344939828 -0.002505993 0.938475907
1702685678872011008.000000 -0.019986272 -0.001189786 0.701960444 -0.016489668 -0.357530951 -0.002053528 0.933753431
1702685679121166336.000000 -0.021507211 -0.000877757 0.703724623 -0.016101312 -0.371293485 -0.000871258 0.928375602
1702685679412127232.000000 -0.023212917 -0.000970272 0.705116093 -0.015741492 -0.384833843 -0.001499291 0.922850430
1702685679999727360.000000 -0.026799709 -0.000783434 0.708155036 -0.019349495 -0.415110439 -0.001747153 0.909563541
1702685680286627584.000000 -0.028705329 -0.000692890 0.709514141 -0.018884514 -0.429441959 -0.002511070 0.902893484
1702685680575697664.000000 -0.030592799 -0.000614448 0.710652173 -0.018116225 -0.448527068 -0.001626024 0.893584132
1702685680912047872.000000 -0.032883242 -0.000592190 0.712052703 -0.019955074 -0.470648199 -0.002303342 0.882092237
1702685681203169536.000000 -0.034708560 -0.000627763 0.713108480 -0.020105055 -0.489316344 -0.001060285 0.871873975
1702685681457685760.000000 -0.036448807 -0.000430879 0.714043915 -0.018881081 -0.505698025 -0.000266430 0.862503946
1702685681750439936.000000 -0.038309276 -0.000550993 0.714633942 -0.019004516 -0.529032290 0.000486256 0.848388791
1702685682034251520.000000 -0.040490746 -0.000338181 0.715485811 -0.019155109 -0.550269902 0.002046988 0.834764600
1702685682367732480.000000 -0.042809516 -0.000279917 0.716209054 -0.019529536 -0.577274024 0.001918552 0.816314697
1702685682659747328.000000 -0.044685036 -0.000351858 0.716540098 -0.019619213 -0.594096661 0.003210365 0.804147959
1702685683034962688.000000 -0.047538340 -0.000208968 0.717084289 -0.018772066 -0.623963237 0.003900276 0.781218410
1702685683366613760.000000 -0.050043523 -0.000087006 0.717138886 -0.018829245 -0.646551371 0.004892985 0.762622356
1702685683659472640.000000 -0.051858366 -0.000033977 0.717239738 -0.018865079 -0.662760556 0.004801517 0.748578310
1702685683950877184.000000 -0.053155005 0.000001002 0.717193127 -0.018948138 -0.677054107 0.005216179 0.735670805
1702685684241957888.000000 -0.054857552 0.000035282 0.717435539 -0.019730633 -0.681641221 0.004722610 0.731405258
1702685684531561216.000000 -0.056891918 0.000139685 0.717680752 -0.019061364 -0.670184851 0.004219627 0.741937399
1702685684868794880.000000 -0.059177279 0.000207312 0.718047619 -0.018884977 -0.658995569 0.003307481 0.751902461
1702685685284729600.000000 -0.062519789 0.000288440 0.718313158 -0.020232875 -0.673212945 0.004159888 0.739160180
1702685685698472192.000000 -0.065753520 0.000288721 0.718304574 -0.019225547 -0.686710954 0.003985598 0.726665378
1702685686118095872.000000 -0.069151759 0.000485031 0.718335569 -0.018128030 -0.700054765 0.005420037 0.713838458
1702685686574356992.000000 -0.072705269 0.000468593 0.718606830 -0.018733744 -0.686020255 0.003912190 0.727330744
1702685686946999296.000000 -0.075728893 0.000588972 0.718698144 -0.017244492 -0.692333281 0.004304775 0.721358895
1702685687321664256.000000 -0.078659177 0.000582740 0.718753338 -0.018572668 -0.688543558 0.002222667 0.724953711
1702685687738965504.000000 -0.082050145 0.000799160 0.718918502 -0.017028097 -0.692304730 0.003364342 0.721396446
1702685688114614528.000000 -0.084908068 0.000849617 0.718912363 -0.016496800 -0.702209592 0.003805777 0.711768985
1702685688445048576.000000 -0.087542236 0.000863573 0.719231904 -0.016450603 -0.690394998 0.004572588 0.723231077
1702685688864605184.000000 -0.090801179 0.000861199 0.719375789 -0.017367568 -0.682569981 0.003398175 0.730605960
1702685689236540160.000000 -0.093640566 0.000901747 0.719771683 -0.016394731 -0.672596872 0.006208328 0.739801466
1702685689570267904.000000 -0.096313119 0.001008674 0.720036626 -0.015623760 -0.667006016 0.005241923 0.744870126
1702685689948168448.000000 -0.099351823 0.001069817 0.720441341 -0.017648831 -0.665632725 0.004190954 0.746059000
1702685690401658880.000000 -0.103106141 0.001146453 0.720838130 -0.018374972 -0.666142285 0.002673831 0.745593548
1702685690775869440.000000 -0.105930865 0.001241326 0.721023738 -0.017836062 -0.671550274 0.003233173 0.740737259
1702685691192471552.000000 -0.109192669 0.001342781 0.721440315 -0.017713174 -0.670388222 0.003298215 0.741791785
1702685691651116800.000000 -0.112788618 0.001401402 0.721770287 -0.016930295 -0.672730267 0.002910559 0.739688396
1702685692110558208.000000 -0.116350651 0.001452915 0.722077429 -0.017671227 -0.666401088 0.003199574 0.745377183
1702685692484360192.000000 -0.119251698 0.001508118 0.722416580 -0.016783072 -0.662779748 0.004424538 0.748613238
1702685692942384384.000000 -0.122664273 0.001577990 0.722950041 -0.015773268 -0.653228462 0.004735482 0.756981730
1702685693358151168.000000 -0.125902504 0.001719395 0.723434806 -0.016482498 -0.642534435 0.003765435 0.766070306
1702685693899013632.000000 -0.130111992 0.001814418 0.724340916 -0.016382856 -0.634899080 0.003390010 0.772413909
1702685694398394624.000000 -0.133991838 0.001879935 0.725154400 -0.017643172 -0.625067294 0.002528304 0.780367315
1702685694817025536.000000 -0.136991709 0.002043555 0.726180613 -0.018445631 -0.609894276 0.001184710 0.792267203
1702685695315122432.000000 -0.140673608 0.002057518 0.727322340 -0.018284006 -0.590444684 0.002014163 0.806868494
1702685695815508736.000000 -0.144207597 0.002026229 0.728833556 -0.018350065 -0.564140439 0.000543172 0.825474739
1702685696272142336.000000 -0.147374690 0.002235323 0.730531216 -0.017553622 -0.546489477 0.001423500 0.837280810
1702685696771226880.000000 -0.150895417 0.002393268 0.732118487 -0.016110150 -0.526479125 0.003084556 0.850029826
1702685697106839552.000000 -0.152990624 0.002422589 0.733213842 -0.016214700 -0.521345973 0.002191306 0.853188515
1702685697396963328.000000 -0.154961213 0.002541477 0.734355807 -0.017465238 -0.522516668 0.001671576 0.852448523
1702685697688657152.000000 -0.156880111 0.002377567 0.735202372 -0.017090082 -0.524427056 0.001821863 0.851281881
1702685698022939904.000000 -0.159121931 0.002518394 0.736304045 -0.017692633 -0.530783653 0.002127842 0.847320020
1702685698311226112.000000 -0.161077529 0.002283275 0.737320185 -0.020300282 -0.539957345 0.000651227 0.841447294
1702685698647144960.000000 -0.163295358 0.002103508 0.738285899 -0.020535652 -0.543231368 -0.001584002 0.839330375
1702685698982068736.000000 -0.165648833 0.002129017 0.739241004 -0.020155229 -0.541339099 -0.002753441 0.840558290
1702685699271326464.000000 -0.167243436 0.002270514 0.740509510 -0.020590128 -0.539649725 -0.003365648 0.841631174
1702685699687051776.000000 -0.170392275 0.002357559 0.741742015 -0.021614963 -0.535798848 -0.004014947 0.844059408
1702685700060967936.000000 -0.172886774 0.002378018 0.742849410 -0.020621112 -0.520662010 -0.003965973 0.853504598
1702685700354837248.000000 -0.174764723 0.002469287 0.743901491 -0.020533362 -0.510208488 -0.005314183 0.859789133
1702685700645299456.000000 -0.176551163 0.002538047 0.744943500 -0.019991592 -0.497967035 -0.004604679 0.866953313
1702685700979442944.000000 -0.178544432 0.002601533 0.746377945 -0.019194257 -0.482826442 -0.004152658 0.875495911
1702685701309784576.000000 -0.180433899 0.001968946 0.747309446 -0.021192444 -0.465675920 -0.007513003 0.884669662
1702685701602350080.000000 -0.182325423 0.001392128 0.747641683 -0.024965337 -0.443906367 -0.014278940 0.895611525
1702685701895407104.000000 -0.184195444 0.001161296 0.748618245 -0.026230225 -0.426404685 -0.017782535 0.903977215
1702685702183416320.000000 -0.185426354 0.001094813 0.749701738 -0.026381969 -0.410789579 -0.019912608 0.911130905
1702685702392269568.000000 -0.186261028 0.000952912 0.750673652 -0.027088113 -0.398708403 -0.020046592 0.916458368
1702685702641271040.000000 -0.187298894 0.000744959 0.750900507 -0.027499476 -0.380192369 -0.022178801 0.924232483
1702685702898686464.000000 -0.187871784 0.000631236 0.751306057 -0.030642295 -0.366036713 -0.023158362 0.929807425
1702685703183955712.000000 -0.188916504 0.000645312 0.752345860 -0.029661072 -0.348005772 -0.024822380 0.936694205
1702685703433811200.000000 -0.189576462 0.000479693 0.753391623 -0.030601105 -0.333505899 -0.025079563 0.941917419
1702685703682629120.000000 -0.190348327 0.000734512 0.754618943 -0.028444348 -0.310136914 -0.024758358 0.949943721
1702685703974949888.000000 -0.191173553 0.000847626 0.756060839 -0.028093968 -0.282965094 -0.025921209 0.958368182
1702685704264459776.000000 -0.191872820 0.000956796 0.757601082 -0.027572624 -0.257910639 -0.027757032 0.965376318
1702685704521129728.000000 -0.192518353 0.001053206 0.758808196 -0.027199794 -0.241159603 -0.028586684 0.969682992
1702685704813094912.000000 -0.193205208 0.001129533 0.760257125 -0.027421799 -0.231335595 -0.028851733 0.972059429
1702685705098992896.000000 -0.193867728 0.001259034 0.761585593 -0.026507497 -0.224354073 -0.029339952 0.973705173
1702685705388467200.000000 -0.194431335 0.001355002 0.762967527 -0.024826260 -0.216139674 -0.027750224 0.975652218
1702685705681631744.000000 -0.195137873 0.001462716 0.764454305 -0.026950499 -0.209378302 -0.028225549 0.977055669
1702685705971583744.000000 -0.195671454 0.001616371 0.765939832 -0.028993430 -0.208437234 -0.026386874 0.977249742
1702685706222536704.000000 -0.196121484 0.001661135 0.767246485 -0.030854115 -0.209889263 -0.024140766 0.976939976
1702685706514899456.000000 -0.196799591 0.001821218 0.768767476 -0.032896798 -0.201168433 -0.022416973 0.978747427
1702685706848159744.000000 -0.197545379 0.001951279 0.770318568 -0.031743433 -0.200870574 -0.029085428 0.978671253
1702685707180840192.000000 -0.198511407 0.002046104 0.771813869 -0.026703058 -0.204557195 -0.039561689 0.977690220
1702685707471376128.000000 -0.199187696 0.002121987 0.773134470 -0.024501111 -0.220846191 -0.036916517 0.974301696
1702685707803913728.000000 -0.199856475 0.002146905 0.774401367 -0.016309964 -0.236089960 -0.031915270 0.971069992
1702685708170961152.000000 -0.200314701 0.002192022 0.775568485 -0.011222820 -0.227109045 -0.027742364 0.973409414
1702685708554940160.000000 -0.201234087 0.002243099 0.777623177 -0.015657365 -0.201044068 -0.032242823 0.978926241
1702685708927585024.000000 -0.201904908 0.002276453 0.779457390 -0.017610218 -0.179551393 -0.035042018 0.982966542
1702685709760934400.000000 -0.202809215 0.002549719 0.783855975 -0.017713860 -0.134118840 -0.033001475 0.990257204
1702685710093581568.000000 -0.203227729 0.002631012 0.785651207 -0.020701809 -0.114627875 -0.034434795 0.992595673
1702685710510644736.000000 -0.203626230 0.002813295 0.787912071 -0.022330713 -0.093663186 -0.035932902 0.994704723
1702685710883870464.000000 -0.204026848 0.002884830 0.789837241 -0.021762241 -0.072919756 -0.036325883 0.996438444
1702685711301374720.000000 -0.204025954 0.003026200 0.791988313 -0.020630909 -0.056485176 -0.036458708 0.997524202
1702685711716917760.000000 -0.204282880 0.003162746 0.794167221 -0.020931225 -0.034329951 -0.037804011 0.998475969
1702685712091021824.000000 -0.204334751 0.003180435 0.796088934 -0.017474603 -0.015197292 -0.037339147 0.999034286
1702685712466180864.000000 -0.204338059 0.003205711 0.797954559 -0.017570235 0.002017868 -0.038613331 0.999097705
1702685712927231232.000000 -0.204423189 0.003242650 0.800292730 -0.017489584 -0.010387323 -0.038835634 0.999038577
1702685713472929280.000000 -0.204689577 0.003403469 0.803049684 -0.017498786 -0.035717104 -0.038015582 0.998485327
1702685713841549056.000000 -0.204915181 0.003495048 0.804980278 -0.018051416 -0.049938459 -0.037691820 0.997877538
1702685714300767232.000000 -0.205210522 0.003529321 0.807268620 -0.018781444 -0.050432980 -0.037184186 0.997858286
1702685714757366016.000000 -0.205420852 0.003668049 0.809574127 -0.019717570 -0.046119645 -0.037983730 0.998018801
1702685715213998592.000000 -0.205684692 0.003784433 0.811895013 -0.019069960 -0.044665113 -0.037765950 0.998105764
1702685715755959296.000000 -0.205897316 0.003896951 0.814654052 -0.018720245 -0.039494205 -0.037620731 0.998335838
1702685716256398336.000000 -0.206050932 0.004028339 0.817160189 -0.019201530 -0.030839987 -0.038431793 0.998600602
1702685716712780800.000000 -0.206187710 0.004126826 0.819464207 -0.018042153 -0.020337563 -0.037979908 0.998908639
1702685717171774976.000000 -0.206262574 0.004210716 0.821802199 -0.017394897 -0.013407337 -0.037679777 0.999048531
1702685717629299200.000000 -0.206269890 0.004289379 0.824126899 -0.018662887 -0.000572974 -0.038651779 0.999078274
1702685718129030912.000000 -0.206180200 0.004361924 0.826596975 -0.016744940 0.008085047 -0.038182724 0.999097764
1702685718628133888.000000 -0.206006020 0.004465549 0.829139829 -0.015593661 0.024911642 -0.038550142 0.998824418
1702685719129088768.000000 -0.205800757 0.004526234 0.831586480 -0.015190907 0.032346264 -0.039281186 0.998588979
1702685719672761600.000000 -0.205599487 0.004616059 0.834232450 -0.013828211 0.038823895 -0.039392892 0.998373568
1702685720178742016.000000 -0.205400094 0.004656278 0.836688876 -0.014168823 0.039214760 -0.038910285 0.998372436
1702685720710802688.000000 -0.205310270 0.004744693 0.839386225 -0.014265713 0.031208737 -0.039093114 0.998646200
1702685721166574336.000000 -0.205184698 0.004830039 0.841693819 -0.015286012 0.016026573 -0.038287561 0.999021292
1702685721754050048.000000 -0.205113217 0.004877719 0.844359815 -0.014636568 0.020342907 -0.037574541 0.998979568
1702685722334813952.000000 -0.204806954 0.004966589 0.847265124 -0.016119573 0.045930132 -0.039453410 0.998035073
1702685722792581120.000000 -0.204406738 0.005047807 0.849536419 -0.014632131 0.065566868 -0.039883234 0.996943474
1702685723289391360.000000 -0.203989580 0.005121118 0.851964712 -0.013973095 0.079192959 -0.040388387 0.995942771
1702685723748610816.000000 -0.203600317 0.005174661 0.854171693 -0.014835400 0.086394042 -0.040079750 0.995343983
1702685724206688256.000000 -0.203156933 0.005194945 0.856388032 -0.013188067 0.088372171 -0.039889064 0.995201170
1702685724664090368.000000 -0.202795610 0.005274548 0.858618975 -0.012914689 0.086339645 -0.039237648 0.995409012
1702685725207296768.000000 -0.202228829 0.005311636 0.861270785 -0.012480141 0.106648043 -0.040405788 0.993397117
1702685725662608384.000000 -0.201589465 0.005301229 0.863346934 -0.011260738 0.125572234 -0.040393468 0.991197824
1702685726210716928.000000 -0.200796738 0.005286393 0.865882993 -0.009527101 0.146257192 -0.041021481 0.988349795
1702685726744612096.000000 -0.200055659 0.005322115 0.868362367 -0.008344085 0.150569171 -0.040141415 0.987748921
1702685727203282688.000000 -0.199443579 0.005316742 0.870582163 -0.009367440 0.135559946 -0.039657548 0.989930868
1702685727703210496.000000 -0.198852316 0.005314486 0.872998357 -0.010720437 0.133793876 -0.040130492 0.990138292
1702685728162076672.000000 -0.198419631 0.005371235 0.875226736 -0.012096058 0.111036792 -0.040171556 0.992930412
1702685728660964608.000000 -0.198075041 0.005421741 0.877708852 -0.014263812 0.087961666 -0.039402921 0.995242059
1702685729201064960.000000 -0.197814867 0.005498093 0.880376101 -0.014380587 0.064265519 -0.038245834 0.997096002
1702685729867430144.000000 -0.197544605 0.005605213 0.883607090 -0.017116420 0.033946868 -0.038204148 0.998546481
1702685730579492864.000000 -0.197493494 0.005759797 0.887120724 -0.016054934 0.018076925 -0.036731601 0.999032676
1702685731117396480.000000 -0.197345242 0.005805468 0.889802039 -0.016757526 0.023038823 -0.037695091 0.998883128
1702685731740817920.000000 -0.197272152 0.005880438 0.892934442 -0.018112972 0.009861631 -0.037779454 0.999073267
1702685732411178496.000000 -0.197267219 0.006069132 0.896166861 -0.016946759 0.009512523 -0.037389807 0.999111772
1702685732990283776.000000 -0.197407454 0.006082235 0.898963630 -0.017970376 0.008423817 -0.038131185 0.999075651
1702685733489068544.000000 -0.197375387 0.006190281 0.901354432 -0.017619869 -0.000610822 -0.037689902 0.999133945
1702685734032124160.000000 -0.197302938 0.006230576 0.904025912 -0.019637305 -0.011979157 -0.038177356 0.999006212
1702685734538899200.000000 -0.197277442 0.006451170 0.906469703 -0.020188350 0.003861787 -0.038186599 0.999059200
1702685735113827072.000000 -0.196484745 0.006510959 0.909374297 -0.017668605 0.016615344 -0.037526947 0.999001265
1702685735782712320.000000 -0.196393058 0.006624530 0.912600338 -0.018138235 0.016504321 -0.038168378 0.998970389
1702685736448421376.000000 -0.196499825 0.006757081 0.915795207 -0.017545192 0.016387925 -0.037655365 0.999002337
1702685736945061888.000000 -0.196435243 0.006789613 0.918220282 -0.018410822 0.016799072 -0.038159065 0.998960853
1702685737444805632.000000 -0.196796253 0.006838343 0.920736074 -0.018617325 0.016485557 -0.038479205 0.998949945
1702685738068844288.000000 -0.196878374 0.006968097 0.923756361 -0.018179027 0.017168790 -0.038151860 0.998959064
1702685738653095936.000000 -0.196859822 0.007015058 0.926528275 -0.017910054 0.018362397 -0.038008165 0.998948157
1702685739193693184.000000 -0.196838945 0.007088487 0.929158151 -0.018981032 0.018723322 -0.038491271 0.998903215
1702685739692096512.000000 -0.196627170 0.007240981 0.931562066 -0.019755099 0.019023897 -0.038185034 0.998894274
1702685740361387776.000000 -0.196832389 0.007389674 0.934783041 -0.021410767 0.018775335 -0.038685396 0.998845637
1702685740858896128.000000 -0.196784511 0.007423698 0.937158942 -0.020791534 0.018202463 -0.038913302 0.998860419
1702685741274576128.000000 -0.196670979 0.007526176 0.939199924 -0.020687988 0.010419003 -0.037428971 0.999030828
1702685741733357568.000000 -0.196529642 0.007561659 0.941391587 -0.020896079 0.003706592 -0.037259649 0.999080300
1702685742190774016.000000 -0.196306467 0.007612998 0.943552017 -0.017411901 -0.001105509 -0.036025826 0.999198556
1702685742649723904.000000 -0.196465567 0.007750317 0.945418835 -0.017483113 0.001109762 -0.035652332 0.999210715
1702685743566624000.000000 -0.196485206 0.007774120 0.945772648 -0.018312503 0.001515368 -0.035754468 0.999191642
