1702688123750164736.000000 0.000000000 0.000000000 0.000000000 -0.000000000 -0.000000000 -0.000000000 1.000000000
1702688124373106176.000000 -0.000001606 0.000025160 0.001243735 -0.000185737 0.000034748 -0.000165773 1.000000000
1702688124542413824.000000 -0.000010565 0.000021153 0.001581100 -0.000386511 -0.001416552 -0.000048030 0.999998927
1702688124666572544.000000 -0.000069060 0.000018570 0.001823575 -0.000605936 -0.002699096 -0.000238631 0.999996185
1702688124833318912.000000 -0.000075652 0.000028857 0.002150255 -0.001545861 -0.003531122 -0.000293155 0.999992549
1702688125288025856.000000 -0.000118860 0.000004741 0.003056744 -0.001604759 -0.004668833 0.000725563 0.999987543
1702688125457316096.000000 -0.000091998 0.000013166 0.003388424 -0.001427928 -0.003226929 0.000722225 0.999993503
1702688125710803200.000000 -0.000077422 0.000014545 0.003888536 -0.001568493 -0.002347903 0.000772488 0.999995768
1702688125956700160.000000 -0.000076692 0.000012335 0.004383244 -0.001622260 -0.002835063 0.001317526 0.999993801
1702688126080536576.000000 -0.000098570 0.000022415 0.004629099 -0.001467722 -0.003776610 0.001571707 0.999990582
1702688126249330688.000000 -0.000118037 0.000023976 0.004951130 -0.001501747 -0.004581145 0.001785678 0.999986827
1702688126411633664.000000 -0.000101199 0.000010120 0.005279523 -0.002493681 -0.004508856 0.002031457 0.999984682
1702688126581273856.000000 -0.000091721 0.000012162 0.005595533 -0.001790477 -0.003267551 0.001994496 0.999991059
1702688126913067264.000000 -0.000067661 -0.000015464 0.006236736 0.000378337 -0.004013289 0.003491299 0.999985814
1702688127120587520.000000 -0.000078904 -0.000020725 0.006643641 0.000979438 -0.003478143 0.002585445 0.999990165
1702688127289536512.000000 -0.000108218 -0.000019276 0.006956380 0.000901191 -0.004130864 0.002440796 0.999988079
1702688127496727808.000000 -0.000141036 -0.000031482 0.007368749 0.001041588 -0.008858983 0.001876598 0.999958456
1702688127748889600.000000 -0.000235613 -0.000035058 0.007844698 0.000290442 -0.015149558 0.002570632 0.999881923
1702688127995930624.000000 -0.000273744 -0.000025439 0.008322557 0.000662722 -0.018121824 0.002165144 0.999833226
1702688128244825856.000000 -0.000213740 -0.000022834 0.008812182 0.002702121 -0.019188426 0.000698030 0.999812007
1702688128496362752.000000 -0.000203910 -0.000012438 0.009254976 0.003464814 -0.020985417 0.001150004 0.999773145
1702688128784196352.000000 -0.000341667 -0.000007965 0.009856835 0.002086519 -0.028702382 0.001390704 0.999584854
1702688129123187200.000000 -0.000385888 -0.000031901 0.010503911 0.002944048 -0.032128353 0.000679905 0.999479175
1702688129411471104.000000 -0.000337218 -0.000021506 0.011050815 0.003594663 -0.025435787 0.001727225 0.999668479
1702688129744809728.000000 -0.000384016 -0.000018144 0.011700992 0.002984313 -0.028696578 0.003707436 0.999576867
1702688130076455168.000000 -0.000469056 -0.000027212 0.012344020 0.001162661 -0.032179784 0.004034590 0.999473274
1702688130412891648.000000 -0.000452249 0.000003004 0.012994175 -0.000379169 -0.029395320 0.004009750 0.999559760
1702688130748235264.000000 -0.000480103 0.000005251 0.013620179 -0.002011991 -0.025653001 0.003137256 0.999663949
1702688131159907072.000000 -0.000451664 0.000025043 0.014403233 -0.001469599 -0.018989947 0.003246811 0.999813318
1702688131533563648.000000 -0.000451776 0.000026447 0.015130294 -0.000199795 -0.012759076 0.003381547 0.999912858
1702688132034559488.000000 -0.000389408 0.000031664 0.016076326 -0.000210364 -0.002950983 0.002853873 0.999991596
1702688132573621248.000000 -0.000384399 0.000032165 0.017096104 -0.000009920 -0.002480561 0.003246571 0.999991655
1702688133033561088.000000 -0.000410088 0.000030645 0.017983675 -0.000512896 -0.000623909 0.003519934 0.999993503
1702688133447598336.000000 -0.000449232 0.000046845 0.018779840 -0.001404660 -0.002385212 0.002054248 0.999994099
1702688133906847488.000000 -0.000434294 0.000057427 0.019650964 -0.002729558 -0.002495834 0.001367028 0.999992251
1702688134327866880.000000 -0.000415981 0.000036838 0.020421498 -0.000894662 -0.001725868 0.002284957 0.999995530
1702688134780389120.000000 -0.000453161 0.000055595 0.021307232 -0.002790741 -0.001777469 0.001801521 0.999992907
1702688135332264448.000000 -0.000464468 0.000055407 0.022335231 -0.001508786 0.001209808 0.002248307 0.999995589
1702688135822632448.000000 -0.000480027 0.000052081 0.023297746 -0.001663718 -0.000742660 0.002055417 0.999996245
1702688136321501184.000000 -0.000448640 0.000056951 0.024252165 -0.002198779 0.003714521 0.001715644 0.999989271
1702688136737051136.000000 -0.000476077 0.000048327 0.025011549 -0.000802937 0.000195269 0.002152711 0.999997318
1702688137240353536.000000 -0.000489160 0.000065476 0.025982387 -0.001392411 -0.001964865 0.002467715 0.999994040
1702688137740003072.000000 -0.000510391 0.000064105 0.026958272 -0.001814349 -0.003938338 0.002885064 0.999986470
1702688138237446912.000000 -0.000540242 0.000047299 0.027935114 -0.001851732 -0.003236699 0.003353590 0.999987423
1702688138611531264.000000 -0.000570808 0.000048308 0.028620007 -0.002447735 -0.008540665 0.003965488 0.999952674
1702688139113262592.000000 -0.000499319 0.000062109 0.029562969 0.000613412 0.013286747 0.002765027 0.999907732
1702688139484064000.000000 -0.000418976 0.000074321 0.030271681 0.001181311 0.031335689 0.002974266 0.999503791
1702688139737054976.000000 -0.000368677 0.000052493 0.030750871 0.001726817 0.041631982 0.002106567 0.999129295
1702688139946239744.000000 -0.000340982 0.000046264 0.031145867 0.000832417 0.051724765 0.002402502 0.998658180
1702688140192284672.000000 -0.000298695 0.000051432 0.031597845 0.002471572 0.062990360 0.002511301 0.998007953
1702688140444591360.000000 -0.000236365 0.000056305 0.032077778 0.002083456 0.075145513 0.001807291 0.997168779
1702688140691154688.000000 -0.000144422 0.000072673 0.032549281 0.001185318 0.085755989 0.002176383 0.996313095
1702688141486972672.000000 0.000223960 0.000048857 0.033984017 0.000494440 0.100620553 0.004275027 0.994915545
1702688141732711936.000000 0.000287884 0.000062266 0.034431830 0.000929770 0.098669216 0.004171108 0.995111108
1702688141983098624.000000 0.000368077 0.000091765 0.034907836 0.001160382 0.095019244 0.003916990 0.995467067
1702688142731491840.000000 0.000604190 0.000056738 0.036263429 0.003021144 0.090073511 0.002768373 0.995926678
1702688143233215744.000000 0.000755406 0.000091383 0.037217680 0.001449344 0.087515950 0.003114055 0.996157229
1702688143730020352.000000 0.000817573 0.000091627 0.038118962 0.001993989 0.083858907 0.002412918 0.996472716
1702688143984321792.000000 0.000960147 0.000071891 0.038572043 0.001155800 0.084132500 0.002617436 0.996450484
1702688144314835200.000000 0.001071500 0.000060573 0.039165396 0.003684333 0.083476253 0.002817936 0.996499002
1702688144856612096.000000 0.001283808 0.000077752 0.040163461 0.003188970 0.087882474 0.002159753 0.996123433
1702688145104768768.000000 0.001374577 0.000068004 0.040631857 0.002614117 0.092565924 0.002114925 0.995700896
1702688145396626944.000000 0.001442978 0.000050918 0.041145120 0.001471531 0.094170734 0.002163978 0.995552659
1702688145770009856.000000 0.001582107 0.000048050 0.041821077 0.000401585 0.090619564 0.001654460 0.995884120
1702688146146174464.000000 0.001741197 0.000076609 0.042543333 0.003203207 0.070644043 0.001475406 0.997495353
1702688146479545344.000000 0.001763586 0.000054677 0.043197934 0.002074531 0.059563503 0.001313132 0.998221517
1702688146810797568.000000 0.001779620 0.000057708 0.043794792 -0.000018524 0.043795098 0.001569779 0.999039352
1702688147102916096.000000 0.001874084 0.000065977 0.044365995 0.000807935 0.043598406 0.001170790 0.999048173
1702688147395023872.000000 0.001925648 0.000070925 0.044894349 0.002061667 0.056711078 0.001704699 0.998387039
1702688147727670784.000000 0.002010559 0.000071096 0.045517571 0.001913860 0.064195603 0.000219128 0.997935474
1702688148356601344.000000 0.002188713 0.000086497 0.046669196 0.001418216 0.062072363 -0.000514562 0.998070538
1702688148684074752.000000 0.002246890 0.000087506 0.047285337 0.001702496 0.061273918 -0.000600553 0.998119354
1702688149025489920.000000 0.002382041 0.000056802 0.047904067 0.001928363 0.061306503 -0.000556451 0.998116970
1702688149392708864.000000 0.002483624 0.000071125 0.048627373 0.001968017 0.061861366 -0.000560225 0.998082638
1702688149851557888.000000 0.002480556 0.000070943 0.049419373 0.003794271 0.063653223 0.000455179 0.997964799
1702688150226515200.000000 0.002649816 0.000061107 0.050138924 0.004331664 0.065861553 0.000669276 0.997819185
1702688150644988160.000000 0.002755241 0.000084797 0.050901636 0.004770573 0.071749121 -0.000252583 0.997411311
1702688151021274880.000000 0.002827502 0.000065507 0.051569778 0.003856070 0.073791288 -0.000557560 0.997266114
1702688151432885248.000000 0.002948604 0.000070149 0.052384101 0.002148852 0.077004887 -0.001635474 0.997027099
1702688151893029632.000000 0.003086645 0.000093715 0.053239197 0.001194314 0.079003669 -0.002549168 0.996870399
1702688152306290176.000000 0.003211195 0.000081279 0.053999752 0.003597371 0.079795681 -0.003449287 0.996798813
1702688152724060672.000000 0.003393642 0.000113817 0.054807689 0.002252647 0.089493997 -0.004860888 0.995972931
1702688153099293696.000000 0.003559925 0.000112618 0.055505104 0.002644805 0.100574352 -0.004199984 0.994917214
1702688153597759744.000000 0.003794787 0.000104929 0.056423955 0.003671147 0.111397833 -0.005209942 0.993755460
1702688154137552384.000000 0.004009055 0.000083776 0.057422489 0.003632894 0.109843336 -0.005647622 0.993926227
1702688154598923520.000000 0.004161492 0.000069113 0.058244102 0.004999496 0.101943642 -0.005737976 0.994761109
1702688155097371392.000000 0.004329957 0.000083583 0.059175663 0.005099545 0.084671572 -0.005010053 0.996383309
1702688155554292480.000000 0.004423378 0.000081612 0.060003925 0.002028637 0.073188283 -0.006550041 0.997294545
1702688156054668032.000000 0.004516844 0.000089289 0.060913436 0.000610653 0.052423522 -0.005127363 0.998611629
1702688156598491392.000000 0.004546863 0.000079316 0.061857410 0.002489962 0.026548078 -0.005918757 0.999626935
1702688157137738240.000000 0.004499374 0.000096316 0.062882267 0.002376732 0.002532552 -0.006386853 0.999973595
1702688157636494336.000000 0.004442177 0.000077181 0.063839592 -0.001294038 -0.022686414 -0.006943482 0.999717712
1702688158011218176.000000 0.004376988 0.000092189 0.064531110 -0.002041801 -0.028388446 -0.007800170 0.999564469
1702688158384329728.000000 0.004376892 0.000092171 0.065261684 -0.000265598 -0.028575033 -0.008146103 0.999558449
1702688158759053568.000000 0.004359459 0.000096365 0.065963112 0.000040311 -0.016536642 -0.008358336 0.999828339
1702688159176200960.000000 0.004313463 0.000104527 0.066724047 0.001257100 -0.023134410 -0.008052923 0.999699116
1702688159799795968.000000 0.004229154 0.000097516 0.067906499 -0.000522902 -0.037949000 -0.006886107 0.999255836
1702688160301063936.000000 0.004188488 0.000104005 0.068848744 -0.000639703 -0.031419691 -0.008443750 0.999470413
1702688161217192192.000000 0.004159989 0.000079739 0.070538603 -0.000074748 -0.003401540 -0.007761223 0.999964118
1702688161637373696.000000 0.004109863 0.000057209 0.071279302 0.001773304 -0.005031880 -0.007566880 0.999957144
1702688162092471040.000000 0.004148487 0.000072325 0.072142027 0.001571633 0.000439159 -0.007890881 0.999967575
1702688162547846656.000000 0.004143473 0.000081068 0.073002398 0.001337508 0.002977798 -0.007523699 0.999966383
1702688162964783616.000000 0.004158986 0.000080626 0.073789939 0.001793306 0.010036170 -0.007350397 0.999921024
1702688163547879680.000000 0.004219999 0.000072647 0.074884698 0.001704641 0.019651663 -0.007603777 0.999776542
1702688164091319808.000000 0.004219517 0.000082791 0.075866789 0.002430893 0.029562157 -0.007277486 0.999533474
1702688164671104000.000000 0.004263187 0.000090024 0.076951511 0.002792962 0.031500645 -0.008547856 0.999463260
1702688165257032448.000000 0.004422010 0.000080156 0.078063548 0.002280107 0.030366961 -0.008640487 0.999498904
1702688165711337728.000000 0.004410438 0.000060243 0.078910336 0.001644218 0.028628869 -0.008514485 0.999552488
1702688166171005696.000000 0.004497493 0.000074132 0.079780668 0.001826659 0.037438367 -0.009719202 0.999250054
1702688166628041472.000000 0.004440797 0.000069044 0.080616958 0.002325211 0.033705827 -0.010895637 0.999369740
1702688168667982848.000000 0.004899656 0.000056702 0.084308967 0.002572952 0.075256713 -0.006639367 0.997138798
1702688169083957248.000000 0.004930880 0.000067623 0.085067652 0.003644321 0.088416696 -0.007303291 0.996050119
1702688169459998720.000000 0.005052648 0.000050310 0.085769847 0.002720074 0.101555042 -0.008595891 0.994789064
1702688170629227520.000000 0.005142139 0.000085169 0.088010348 0.006840817 0.154304847 -0.009085123 0.987957835
1702688171043517952.000000 0.005064657 0.000066229 0.088752508 0.006386276 0.172033295 -0.007808923 0.985039532
1702688171455841536.000000 0.004924661 -0.000050067 0.089397430 0.004372349 0.185989678 -0.005058926 0.982528985
1702688171832444928.000000 0.004717665 -0.000102937 0.089950114 0.000542094 0.196737379 -0.005828964 0.980438769
1702688172207362816.000000 0.004129664 -0.000346242 0.090247892 -0.005707872 0.201892406 -0.007373224 0.979363322
1702688172621777664.000000 0.003716107 -0.000535749 0.090739056 -0.010212250 0.208067611 -0.008868740 0.978020966
1702688173331745024.000000 0.003736832 -0.000645227 0.091553606 -0.014315667 0.152210325 -0.003563523 0.988238037
1702688173705231360.000000 0.003750933 -0.000611963 0.092074595 -0.015139134 0.119974799 -0.003812983 0.992654204
1702688174871984128.000000 0.004373054 -0.000410167 0.093882032 -0.009319874 -0.001642083 -0.001031156 0.999954700
1702688175331788032.000000 0.004435399 -0.000301158 0.094772056 -0.007283106 -0.044018209 -0.001423815 0.999003172
1702688175746827264.000000 0.004552411 -0.000213413 0.095538095 -0.006435093 -0.067710176 0.000106486 0.997684300
1702688176413117952.000000 0.004735287 -0.000332037 0.096770607 -0.013287093 -0.106399141 -0.003176807 0.994229674
1702688177162247168.000000 0.005077377 -0.000525700 0.098032884 -0.018297149 -0.149849683 -0.007582129 0.988510430
1702688177455182592.000000 0.005039874 -0.000691661 0.097998761 -0.025630895 -0.145157278 -0.010850499 0.989017010
1702688177783465472.000000 0.004961313 -0.000731192 0.098227240 -0.027390225 -0.150322527 -0.011904216 0.988185823
1702688178329544448.000000 0.004749406 -0.000679112 0.098654069 -0.027202977 -0.163705736 -0.013097946 0.986047149
1702688178576162048.000000 0.004654505 -0.000675628 0.098855302 -0.027583249 -0.170531958 -0.014776641 0.984855175
1702688179032839680.000000 0.004464613 -0.000694870 0.099179886 -0.030086549 -0.190221548 -0.012431713 0.981201291
1702688179331828736.000000 0.004354296 -0.000669731 0.099409759 -0.030762486 -0.201301038 -0.013666825 0.978950918
1702688179536723968.000000 0.004256906 -0.000646507 0.099567473 -0.028655348 -0.210766524 -0.013682784 0.977020562
1702688179954319104.000000 0.004056615 -0.000649140 0.099889427 -0.030769302 -0.228432849 -0.013721105 0.972976625
1702688180659303168.000000 0.003665207 -0.000628833 0.100323983 -0.031927243 -0.254577607 -0.012020625 0.966450453
1702688180905798656.000000 0.003535341 -0.000603932 0.100529961 -0.031827036 -0.267716855 -0.012836987 0.962886274
1702688181075598592.000000 0.003437405 -0.000586538 0.100651950 -0.031503882 -0.276283532 -0.012328722 0.960480630
1702688181241097472.000000 0.003344228 -0.000595245 0.100833535 -0.031815980 -0.287383974 -0.011031280 0.957223356
1702688181407512064.000000 0.003271478 -0.000559469 0.100891143 -0.029929146 -0.293452710 -0.009461003 0.955458105
1702688181620156416.000000 0.003138985 -0.000588842 0.101023391 -0.032925237 -0.303000867 -0.008869899 0.952380061
1702688181824705280.000000 0.003008664 -0.000563807 0.101191096 -0.033375356 -0.313901454 -0.008518909 0.948830545
1702688182041749760.000000 0.002897593 -0.000541333 0.101358056 -0.031334277 -0.326143354 -0.008661916 0.944761157
1702688182239269632.000000 0.002769539 -0.000565761 0.101498693 -0.035682939 -0.335744470 -0.009711915 0.941226900
1702688183279956224.000000 0.002054065 -0.000489128 0.102133945 -0.037537824 -0.392518967 -0.008171739 0.918941259
1702688183452444672.000000 0.001935212 -0.000482762 0.102251820 -0.037986953 -0.407683194 -0.007390334 0.912303030
1702688183656378368.000000 0.001784861 -0.000467071 0.102350384 -0.037360553 -0.421800435 -0.006993377 0.905891657
1702688183905099264.000000 0.001588583 -0.000461277 0.102467597 -0.038535889 -0.439039558 -0.005074383 0.897626579
1702688184156305664.000000 0.001426674 -0.000467243 0.102607124 -0.039065316 -0.457562089 -0.005174588 0.888304055
1702688184403981568.000000 0.001196321 -0.000398892 0.102701798 -0.035979372 -0.475684941 -0.005224086 0.878864110
1702688184653297152.000000 0.001026656 -0.000418454 0.102787904 -0.038149420 -0.496275485 -0.002384369 0.867323279
1702688184948587008.000000 0.000821404 -0.000393432 0.102914155 -0.037285365 -0.520682633 -0.001022530 0.852935135
1702688185239456768.000000 0.000605579 -0.000401099 0.102959737 -0.037900262 -0.540609419 0.001501065 0.840418160
1702688185487078144.000000 0.000382483 -0.000381966 0.103081979 -0.039858967 -0.562615752 0.000990485 0.825756490
1702688185745023488.000000 0.000175767 -0.000348653 0.103110544 -0.038361162 -0.581543565 0.001971689 0.812607944
1702688185985535488.000000 -0.000006579 -0.000343537 0.103166521 -0.039130598 -0.599337578 0.002439380 0.799535692
1702688186195514112.000000 -0.000127800 -0.000336429 0.103160977 -0.038478274 -0.609901726 0.003278287 0.791535616
1702688186692717056.000000 -0.000365973 -0.000310354 0.103214160 -0.037693892 -0.635949314 0.004709110 0.770795345
1702688186902578944.000000 -0.000482820 -0.000316787 0.103128873 -0.037187260 -0.637759984 0.004847783 0.769321740
1702688187110407168.000000 -0.000622563 -0.000300097 0.103255473 -0.037912186 -0.636985958 0.004763606 0.769927859
1702688187323382016.000000 -0.000790745 -0.000281501 0.103337273 -0.038651362 -0.636249781 0.004298188 0.770502329
1702688188066941696.000000 -0.001520425 -0.000257378 0.103402495 -0.038917027 -0.640258312 0.003861130 0.767163515
1702688188322317824.000000 -0.001746729 -0.000233957 0.103449859 -0.038153227 -0.639000416 0.004029238 0.768249035
1702688188863511552.000000 -0.002259187 -0.000204335 0.103541955 -0.037603039 -0.629107893 0.002705695 0.776403248
1702688189151738368.000000 -0.002526507 -0.000193266 0.103569336 -0.037939858 -0.643144071 0.004512731 0.764791429
1702688189441761536.000000 -0.002797358 -0.000173413 0.103610262 -0.037507471 -0.654656529 0.005445718 0.754975736
1702688189734070784.000000 -0.003083616 -0.000151331 0.103635617 -0.036813457 -0.652104735 0.003698081 0.757225633
1702688189983146752.000000 -0.003325209 -0.000152838 0.103666864 -0.038502324 -0.656745672 0.003149542 0.753122032
1702688190236847360.000000 -0.003563806 -0.000129282 0.103686519 -0.037331816 -0.669151545 0.003976509 0.742177010
1702688190484710144.000000 -0.003797725 -0.000117643 0.103722215 -0.036348831 -0.675059319 0.004759068 0.736852109
1702688190731891456.000000 -0.004027426 -0.000119993 0.103740290 -0.036999620 -0.665341496 0.003903545 0.745611489
1702688191025105152.000000 -0.004311129 -0.000105199 0.103785217 -0.037969675 -0.663229227 0.004574568 0.747438550
1702688191358403328.000000 -0.004620105 -0.000099564 0.103808798 -0.037835762 -0.675103366 0.005129849 0.736734450
1702688191605288960.000000 -0.004860200 -0.000085604 0.103825316 -0.036319088 -0.663774252 0.005163202 0.747032821
1702688191856834560.000000 -0.005092502 -0.000072023 0.103879496 -0.036469188 -0.655051529 0.005642751 0.754682481
1702688192151530752.000000 -0.005368173 -0.000057162 0.103950731 -0.036806017 -0.648175597 0.006984921 0.760568798
1702688192480369664.000000 -0.005679496 -0.000035591 0.103997298 -0.037467740 -0.638787031 0.005232621 0.768452942
1702688192770280960.000000 -0.005955890 -0.000028722 0.104075715 -0.038991798 -0.625663519 0.004188863 0.779106677
1702688193069578752.000000 -0.006239340 -0.000009967 0.104116611 -0.038865563 -0.633029461 0.004242821 0.773139894
1702688193398554880.000000 -0.006550491 0.000013195 0.104163788 -0.038073644 -0.641218543 0.003903284 0.766403258
1702688193728716032.000000 -0.006848000 0.000017384 0.104245275 -0.038552053 -0.625854969 0.003510457 0.778978169
1702688194063790592.000000 -0.007165112 0.000047544 0.104340486 -0.036888909 -0.615046620 0.002729419 0.787622571
1702688194355691008.000000 -0.007437818 0.000067508 0.104399249 -0.036808498 -0.614769638 0.002233429 0.787844181
1702688194690617856.000000 -0.007741071 0.000087734 0.104489893 -0.036662608 -0.609952688 0.002182910 0.791586339
1702688194982391552.000000 -0.008009516 0.000096163 0.104541391 -0.037559472 -0.612434328 0.003924694 0.789618969
1702688195310521856.000000 -0.008313164 0.000112686 0.104626685 -0.036282163 -0.607273817 0.003263701 0.793657005
1702688195606745344.000000 -0.008584220 0.000124235 0.104699530 -0.035902355 -0.597444952 0.002317079 0.801102459
1702688195982508032.000000 -0.008948777 0.000144597 0.104795672 -0.035788402 -0.595328808 0.001243030 0.802683830
1702688196436167680.000000 -0.009317726 0.000158586 0.104991242 -0.036477163 -0.584534407 0.000820886 0.810548127
1702688196811123456.000000 -0.009686012 0.000174949 0.105076551 -0.035882130 -0.569558740 0.000710714 0.821166754
1702688197185342208.000000 -0.010041043 0.000204697 0.105223417 -0.037847083 -0.556840122 -0.001779395 0.829755187
1702688197475346688.000000 -0.010281857 0.000233231 0.105345860 -0.036732152 -0.545977294 -0.001120686 0.836993575
1702688197808630528.000000 -0.010579012 0.000260792 0.105504587 -0.037162423 -0.532330155 -0.001025463 0.845720112
1702688198140645632.000000 -0.010844208 0.000276322 0.105680235 -0.038175605 -0.518020570 -0.000267588 0.854515791
1702688198432888064.000000 -0.011085812 0.000296276 0.105815031 -0.039092645 -0.506058156 -0.001621989 0.861611426
1702688198682045440.000000 -0.011266576 0.000300193 0.105932012 -0.037926074 -0.493855178 -0.003112642 0.868711114
1702688198975623680.000000 -0.011506146 0.000320503 0.106031820 -0.036843970 -0.485771984 -0.001649209 0.873307228
1702688199229028352.000000 -0.011672264 0.000284903 0.106104329 -0.038590487 -0.479909122 -0.001786183 0.876467288
1702688199435713792.000000 -0.011871902 0.000281676 0.106187932 -0.039834492 -0.474197149 -0.001937450 0.879514933
1702688199683215872.000000 -0.012036191 0.000277525 0.106260441 -0.040184826 -0.469278604 -0.002300187 0.882132411
1702688199933295872.000000 -0.012125228 0.000253707 0.106318541 -0.040768873 -0.467307568 -0.003674171 0.883146644
1702688200183932416.000000 -0.012242150 0.000244036 0.106330030 -0.041915286 -0.464350015 -0.005227548 0.884643912
1702688200390556672.000000 -0.012327759 0.000230561 0.106340505 -0.042632449 -0.462523460 -0.006044716 0.885560811
1702688200598961920.000000 -0.012435086 0.000248586 0.106381685 -0.042191651 -0.461694002 -0.006278618 0.886013031
1702688200848833792.000000 -0.012559928 0.000258270 0.106399328 -0.041903507 -0.460073262 -0.006081766 0.886870742
1702688201097799936.000000 -0.012702513 0.000238319 0.106367171 -0.043844867 -0.461423784 -0.009487195 0.886044979
1702688201263351040.000000 -0.012802079 0.000249318 0.106323555 -0.043037899 -0.463408530 -0.009404979 0.885049105
1702688201471807488.000000 -0.012907490 0.000243120 0.106352516 -0.044388909 -0.463419169 -0.011263887 0.884955049
1702688201679911424.000000 -0.012998046 0.000278199 0.106438920 -0.042642407 -0.463661879 -0.010787482 0.884919703
1702688201849465088.000000 -0.013083272 0.000268156 0.106484316 -0.044368826 -0.461735606 -0.012495432 0.885819137
1702688202013572352.000000 -0.013169786 0.000284732 0.106511526 -0.043748714 -0.463003069 -0.012652948 0.885185897
1702688202227379200.000000 -0.013279980 0.000309651 0.106539369 -0.042195458 -0.463470966 -0.012414136 0.885019839
1702688202639366912.000000 -0.013483969 0.000318185 0.106614776 -0.041856654 -0.461262733 -0.012260547 0.886191010
1702688202850309888.000000 -0.013546268 0.000303547 0.106688865 -0.043901559 -0.459983230 -0.014119426 0.886729240
1702688203097716736.000000 -0.013653906 0.000324385 0.106748134 -0.042719986 -0.452190936 -0.015572292 0.890761375
1702688203307215872.000000 -0.013743341 0.000323853 0.106784746 -0.043154515 -0.446600527 -0.015886759 0.893550932
1702688203554644736.000000 -0.013834127 0.000304851 0.106845140 -0.045334119 -0.430802166 -0.017139636 0.901144028
1702688203765538048.000000 -0.013901264 0.000315482 0.106901996 -0.042350076 -0.413161218 -0.018657140 0.909481347
1702688203974164224.000000 -0.013935311 0.000310065 0.106924601 -0.044019543 -0.404909730 -0.020076448 0.913075745
1702688204221483008.000000 -0.014000686 0.000311030 0.106971771 -0.043827593 -0.389775097 -0.022069093 0.919601798
1702688204430001408.000000 -0.014042974 0.000308732 0.107016385 -0.045921624 -0.379474640 -0.023832908 0.923754394
1702688204677348352.000000 -0.014088381 0.000311358 0.107061543 -0.045999065 -0.366865814 -0.025031066 0.928798735
1702688204928294912.000000 -0.014133278 0.000312151 0.107120506 -0.045681816 -0.353235215 -0.026481947 0.934043229
1702688205098563072.000000 -0.014160366 0.000330088 0.107162908 -0.044476215 -0.341838181 -0.025716873 0.938353479
1702688205303340288.000000 -0.014196459 0.000304540 0.107185386 -0.047304522 -0.329220355 -0.029406082 0.942608893
1702688205512762880.000000 -0.014198374 0.000302184 0.107177891 -0.047535688 -0.317639470 -0.029829817 0.946549416
1702688205760909312.000000 -0.014241718 0.000296814 0.107240438 -0.049481787 -0.298288196 -0.032912396 0.952624023
1702688205967622400.000000 -0.014270920 0.000308714 0.107299052 -0.048043765 -0.277726263 -0.033795491 0.958862782
1702688206222782720.000000 -0.014295310 0.000315182 0.107359312 -0.044891022 -0.256240129 -0.032661363 0.965017676
1702688206469336576.000000 -0.014323488 0.000320907 0.107425630 -0.045413993 -0.232792899 -0.034089360 0.970867157
1702688206685341184.000000 -0.014347188 0.000325141 0.107477546 -0.045450561 -0.211801887 -0.035923496 0.975594044
1702688206883792384.000000 -0.014366907 0.000333737 0.107541241 -0.045125943 -0.191691846 -0.036050323 0.979754210
1702688207091658752.000000 -0.014378867 0.000332941 0.107591473 -0.044633113 -0.171351075 -0.038737789 0.983435869
1702688207306366464.000000 -0.014394067 0.000336496 0.107647046 -0.043102235 -0.151771694 -0.040545996 0.986642599
1702688207524470528.000000 -0.014406796 0.000342759 0.107705817 -0.043118678 -0.135631695 -0.041765768 0.988939047
1702688207760922880.000000 -0.014414742 0.000349416 0.107773691 -0.042461112 -0.113439269 -0.042064209 0.991745532
1702688208009277952.000000 -0.014426131 0.000352784 0.107841291 -0.042433061 -0.096402280 -0.042264476 0.993539035
1702688208177550848.000000 -0.014432859 0.000360024 0.107887208 -0.039552707 -0.085985847 -0.042271703 0.994613051
1702688208634181376.000000 -0.014449128 0.000371557 0.108019419 -0.039919205 -0.071600780 -0.042976420 0.995707214
1702688209008103680.000000 -0.014452125 0.000382716 0.108127065 -0.041912746 -0.071158469 -0.039730832 0.995791793
1702688209216115200.000000 -0.014459023 0.000387441 0.108186610 -0.044129960 -0.077185653 -0.037335817 0.995339632
1702688210135180800.000000 -0.014520697 0.000412594 0.108436957 -0.045026843 -0.100480020 -0.051777717 0.992570102
1702688210380928256.000000 -0.014543585 0.000423309 0.108509466 -0.042427279 -0.123000644 -0.048791833 0.990298033
1702688210672807424.000000 -0.014569320 0.000428880 0.108581014 -0.032996751 -0.141033739 -0.044076029 0.988472581
1702688210965821440.000000 -0.014580274 0.000424376 0.108631156 -0.027552621 -0.134106189 -0.041258950 0.989724278
1702688211256303104.000000 -0.014593317 0.000424485 0.108714044 -0.033488549 -0.112339936 -0.046378862 0.992021799
1702688212175014656.000000 -0.014618930 0.000440207 0.108957469 -0.032044433 -0.064135708 -0.048832376 0.996230483
1702688212470498560.000000 -0.014620852 0.000449051 0.109042563 -0.033112507 -0.048819501 -0.047506187 0.997127593
1702688212795154944.000000 -0.014623616 0.000456998 0.109139070 -0.035595186 -0.029702174 -0.048296515 0.997756600
1702688213050624256.000000 -0.014624644 0.000464366 0.109211512 -0.036817078 -0.017353712 -0.048175342 0.998009324
1702688213340885248.000000 -0.014622144 0.000476495 0.109294228 -0.038036566 -0.001440991 -0.048861682 0.998080015
1702688213628349696.000000 -0.014618463 0.000479345 0.109376326 -0.037912700 0.014256828 -0.050184872 0.997918248
1702688213920266496.000000 -0.014608857 0.000485495 0.109455854 -0.035940561 0.028659204 -0.050481305 0.997666597
1702688214211087104.000000 -0.014607284 0.000488004 0.109543808 -0.035743602 0.047547586 -0.052396897 0.996853173
1702688214508597760.000000 -0.014593697 0.000490881 0.109618112 -0.035737772 0.060094375 -0.053272098 0.996129334
1702688214756098048.000000 -0.014582060 0.000494486 0.109684259 -0.034775075 0.073303513 -0.053537961 0.995264292
1702688215296774912.000000 -0.014551827 0.000504596 0.109824330 -0.031939629 0.094342791 -0.053357158 0.993595660
1702688215549104128.000000 -0.014536751 0.000504805 0.109890230 -0.032018293 0.090127856 -0.053133976 0.993996263
1702688216378652928.000000 -0.014513703 0.000520837 0.110117920 -0.033391885 0.054373715 -0.052127939 0.996599793
1702688216627161344.000000 -0.014512558 0.000526090 0.110191174 -0.033163894 0.044155065 -0.051908493 0.997123897
1702688216959021056.000000 -0.014507801 0.000528634 0.110277154 -0.033013623 0.036083888 -0.051225513 0.997488856
1702688217290939904.000000 -0.014498516 0.000537213 0.110368967 -0.035043221 0.034544434 -0.051095828 0.997480750
1702688217627594752.000000 -0.014489057 0.000544866 0.110462680 -0.035009909 0.042146813 -0.051824082 0.997152090
1702688217959952128.000000 -0.014476394 0.000548470 0.110549234 -0.033643011 0.049588159 -0.051807269 0.996857643
1702688218291604480.000000 -0.014470085 0.000553792 0.110644177 -0.034039550 0.050023325 -0.051712956 0.996827364
1702688219040821504.000000 -0.014446449 0.000574002 0.110848144 -0.033803903 0.056054987 -0.052770168 0.996458948
1702688219332490240.000000 -0.014440753 0.000578361 0.110926129 -0.033808459 0.057664216 -0.052931394 0.996358454
1702688219709184512.000000 -0.014420949 0.000582361 0.111026615 -0.032308713 0.064117201 -0.052959476 0.996012270
1702688220126550016.000000 -0.014406645 0.000588394 0.111144319 -0.033222262 0.074547350 -0.052929580 0.995257497
1702688220502336768.000000 -0.014387897 0.000596495 0.111243747 -0.032320615 0.080063865 -0.052168932 0.994898796
1702688220955413248.000000 -0.014363127 0.000601528 0.111366950 -0.030647965 0.094538487 -0.053103603 0.993631363
1702688221335029248.000000 -0.014335330 0.000608545 0.111467771 -0.029415676 0.110390231 -0.053211611 0.992026865
1702688221747570176.000000 -0.014308343 0.000611693 0.111578099 -0.028947949 0.122383237 -0.053665560 0.990608096
1702688222040700672.000000 -0.014285925 0.000616055 0.111656457 -0.028363900 0.135386735 -0.055139013 0.988850653
1702688222373850368.000000 -0.014256096 0.000619457 0.111742869 -0.027815092 0.142020136 -0.054844551 0.987951756
1702688222749086464.000000 -0.014225340 0.000622125 0.111838959 -0.026417235 0.142812431 -0.054647967 0.987886786
1702688223202704640.000000 -0.014189621 0.000627536 0.111961678 -0.027769631 0.136666536 -0.054943081 0.988702416
1702688223579206912.000000 -0.014166297 0.000631695 0.112061828 -0.028958585 0.126515001 -0.053616557 0.990091264
1702688224037439744.000000 -0.014143256 0.000637515 0.112176791 -0.027963048 0.114263147 -0.053243950 0.991628528
1702688224457344768.000000 -0.014126845 0.000642958 0.112265982 -0.029308261 0.101059809 -0.052454036 0.993064225
1702688225000415232.000000 -0.014094649 0.000645043 0.112390377 -0.030931532 0.113746293 -0.052755084 0.991625905
1702688225451898624.000000 -0.014062740 0.000652426 0.112509787 -0.029756995 0.126759529 -0.054114979 0.990009129
1702688225868437248.000000 -0.014024332 0.000657170 0.112616651 -0.028868213 0.143384516 -0.053992897 0.987771392
1702688226284204544.000000 -0.013989501 0.000664840 0.112721682 -0.029235091 0.146271899 -0.055834882 0.987234712
1702688226783055616.000000 -0.013941512 0.000668093 0.112844802 -0.027334109 0.171133801 -0.055218235 0.983319402
1702688227241759744.000000 -0.013895159 0.000668747 0.112957060 -0.027493482 0.173525080 -0.054739553 0.982922554
1702688227740939264.000000 -0.013841231 0.000673773 0.113087662 -0.026855392 0.184659585 -0.054656222 0.980913997
1702688228200744960.000000 -0.013797948 0.000678360 0.113202021 -0.026092142 0.184315383 -0.056231972 0.980910301
1702688228657423616.000000 -0.013750819 0.000680093 0.113313034 -0.024721529 0.202348933 -0.056958552 0.977343142
1702688229074207488.000000 -0.013701500 0.000679864 0.113411054 -0.022816453 0.222224116 -0.057791702 0.973013878
1702688229493652224.000000 -0.013647944 0.000679950 0.113507748 -0.021456523 0.233981550 -0.058029469 0.970270514
1702688229906644224.000000 -0.013588960 0.000681807 0.113603868 -0.020258574 0.248343706 -0.056936495 0.966785014
1702688230281499392.000000 -0.013538674 0.000680554 0.113690183 -0.019225175 0.254431158 -0.057480041 0.965189755
1702688230613232128.000000 -0.013493751 0.000681523 0.113769017 -0.020880094 0.257367522 -0.057496183 0.964375556
1702688230992670464.000000 -0.013448993 0.000682479 0.113861121 -0.023723749 0.244122505 -0.057747353 0.967732787
1702688231363632128.000000 -0.013410555 0.000683400 0.113953590 -0.023827985 0.224586830 -0.057427518 0.972468555
1702688231780295936.000000 -0.013364841 0.000689573 0.114060700 -0.026259493 0.201703310 -0.055318143 0.977530658
1702688232158797824.000000 -0.013329804 0.000689787 0.114157878 -0.028845355 0.182028264 -0.055947404 0.981276512
1702688232574000128.000000 -0.013301560 0.000698667 0.114268839 -0.028631467 0.160538048 -0.054645013 0.985099852
1702688232985693696.000000 -0.013272076 0.000703754 0.114379719 -0.029968807 0.141205683 -0.052969567 0.988107800
1702688233487832320.000000 -0.013240277 0.000709382 0.114511773 -0.030609937 0.118711315 -0.052352380 0.991075158
1702688233945336576.000000 -0.013220800 0.000716958 0.114632472 -0.031714208 0.098492295 -0.051073551 0.993320167
1702688234448661504.000000 -0.013202671 0.000722247 0.114768721 -0.034190886 0.084507048 -0.051626768 0.994497001
1702688234859760640.000000 -0.013187752 0.000725363 0.114876211 -0.034662232 0.077908434 -0.051925689 0.995003819
1702688235323031296.000000 -0.013171919 0.000729760 0.114997759 -0.035889529 0.073458076 -0.052500222 0.995268583
1702688235776144128.000000 -0.013158591 0.000737278 0.115120001 -0.036969956 0.054028165 -0.052089524 0.996494293
1702688236193366016.000000 -0.013143967 0.000744941 0.115228117 -0.035384312 0.050835375 -0.052045178 0.996722162
1702688236652545280.000000 -0.013126335 0.000749134 0.115344696 -0.036213342 0.058445297 -0.051941682 0.996280491
1702688237149650688.000000 -0.013097745 0.000754025 0.115474962 -0.037159279 0.070729934 -0.053842764 0.995347917
1702688237783702272.000000 -0.013074389 0.000769685 0.115644284 -0.035760991 0.095839724 -0.054265749 0.993272960
1702688238233749504.000000 -0.013035795 0.000776303 0.115766793 -0.035179246 0.114363715 -0.055049356 0.991288543
1702688238694409728.000000 -0.013003938 0.000784555 0.115885705 -0.033371739 0.109772608 -0.054987006 0.991873384
1702688239148632320.000000 -0.012982137 0.000792440 0.116007589 -0.033047032 0.112608291 -0.055093769 0.991560340
1702688239605092096.000000 -0.012942148 0.000797407 0.116122991 -0.032582242 0.115766898 -0.054780222 0.991229296
1702688240064297216.000000 -0.012920250 0.000799852 0.116245508 -0.034238618 0.111282788 -0.054771453 0.991687417
1702688240523447552.000000 -0.012880255 0.000808452 0.116360769 -0.033306029 0.114377260 -0.054825336 0.991364121
1702688241022365696.000000 -0.012857802 0.000813832 0.116492473 -0.032212514 0.115977965 -0.054276429 0.991244495
1702688241522672640.000000 -0.012854009 0.000821930 0.116631016 -0.032484353 0.117980033 -0.054894250 0.990965247
1702688241978849792.000000 -0.012811700 0.000825034 0.116740651 -0.031512912 0.120839447 -0.054360803 0.990681410
1702688242478490368.000000 -0.012793949 0.000827317 0.116876073 -0.035027411 0.126185060 -0.055496223 0.989833653
1702688243021227008.000000 -0.012740915 0.000837060 0.117011778 -0.036178011 0.126250282 -0.055305984 0.989794612
1702688243645176576.000000 -0.012702267 0.000845270 0.117173538 -0.038348515 0.120419718 -0.056149025 0.990391731
1702688244228804096.000000 -0.012663586 0.000854331 0.117324866 -0.038363319 0.104872122 -0.054280881 0.992261887
1702688244726606336.000000 -0.012664908 0.000868824 0.117459871 -0.035439823 0.094918013 -0.052617565 0.993461668
1702688245272855296.000000 -0.012647287 0.000872873 0.117594719 -0.032963358 0.098365732 -0.052460052 0.993219793
1702688245809057280.000000 -0.012630413 0.000884571 0.117711321 -0.033635363 0.098464236 -0.051640734 0.993230402
1702688246517553664.000000 -0.012627385 0.000884272 0.117722712 -0.034157068 0.101361096 -0.052384291 0.992882252
