1703784360022506240.000000 0.000000000 0.000000000 0.000000000 -0.000000000 -0.000000000 -0.000000000 1.000000000
1703784360186384896.000000 -0.000502160 0.000512951 0.018350322 0.000159391 0.000028449 -0.000170004 1.000000000
1703784360351946240.000000 -0.001445823 -0.000216563 0.034810096 0.000818416 -0.000932825 -0.000754336 0.999998927
1703784360520680448.000000 -0.001579798 -0.000103570 0.051211715 0.000852980 -0.001407758 -0.001327114 0.999997795
1703784360768077568.000000 -0.001792442 0.000206682 0.076091982 0.001289721 -0.001878620 -0.001714121 0.999995947
1703784361145807616.000000 -0.002033361 0.000834810 0.113251932 0.001674483 -0.001665580 -0.001316012 0.999996364
1703784361602182912.000000 -0.001662408 -0.000489104 0.157857493 0.002534322 -0.004855098 -0.000616393 0.999984860
1703784361852280064.000000 -0.003240254 0.000022604 0.182057723 0.003951408 -0.007871498 -0.000030006 0.999961197
1703784362061129728.000000 -0.001667924 -0.000273054 0.203010410 0.002704347 -0.007624867 0.000394843 0.999967217
1703784362309724928.000000 -0.002702077 -0.000511515 0.228638873 0.001429012 -0.007943043 -0.000647237 0.999967217
1703784362558959360.000000 -0.003552718 -0.000152829 0.253022313 0.002667774 -0.008763219 -0.001184648 0.999957383
1703784362850620416.000000 -0.004331834 -0.000338349 0.282276630 0.002862917 -0.008898781 -0.000194306 0.999956310
1703784363061388032.000000 -0.003984858 -0.000508599 0.303153694 0.001778099 -0.009058925 0.000236392 0.999957383
1703784363565286400.000000 -0.005722604 -0.000787041 0.352921605 0.000829989 -0.008544828 -0.000461384 0.999963045
1703784363848690176.000000 -0.005885347 -0.001078919 0.381899327 0.000929789 -0.009136354 -0.000305538 0.999957800
1703784364100067840.000000 -0.007330887 -0.001218188 0.405937612 0.002224479 -0.008772771 -0.000582769 0.999958873
1703784364639459072.000000 -0.007894712 -0.001369311 0.457963258 0.002364882 -0.010161088 -0.000049603 0.999945581
1703784364974314496.000000 -0.010180953 -0.001144523 0.491220266 0.002606394 -0.013469265 0.000053974 0.999905884
1703784365309163776.000000 -0.010382983 -0.001281533 0.525056243 0.002517472 -0.015971150 0.000156433 0.999869287
1703784365638894336.000000 -0.010206902 -0.000939403 0.558054447 0.002066714 -0.016119400 0.000393703 0.999867916
1703784365933474048.000000 -0.013287834 -0.000981943 0.585667133 0.001504895 -0.017765617 -0.000011839 0.999841094
1703784366266849280.000000 -0.014612569 -0.000696414 0.619394243 0.000457212 -0.018708261 -0.000208283 0.999824882
1703784366556204800.000000 -0.015932092 -0.000983523 0.648709774 0.000586782 -0.019781362 -0.000667441 0.999803960
1703784367221304832.000000 -0.019350909 -0.001247416 0.713598251 -0.000539626 -0.020704219 -0.001238375 0.999784708
1703784367637887744.000000 -0.021068994 -0.001310436 0.754314244 0.000662839 -0.023753518 -0.001536734 0.999716461
1703784367970803712.000000 -0.021985553 -0.001522696 0.787231147 -0.000624829 -0.022007175 -0.001025832 0.999757111
1703784368346679296.000000 -0.024462350 -0.001361709 0.823651254 -0.001576141 -0.023024967 -0.001586252 0.999732435
1703784368719784448.000000 -0.026215678 -0.002025056 0.860432386 -0.000859097 -0.026324455 -0.000055317 0.999653101
1703784369095667200.000000 -0.028149765 -0.002013593 0.896696985 -0.000477504 -0.021184800 0.000832454 0.999775112
1703784369513425920.000000 -0.028340796 -0.001667998 0.938089371 -0.001206105 -0.017332768 0.001557563 0.999847889
1703784369926893312.000000 -0.029989406 -0.002000580 0.977699995 0.000845782 -0.018589938 0.002322909 0.999824107
1703784370344884224.000000 -0.032838080 -0.002615531 1.017588139 0.002539646 -0.027585894 0.001759747 0.999614716
1703784370762403072.000000 -0.034385521 -0.003095970 1.058365226 0.003489109 -0.026792582 0.001661923 0.999633551
1703784371219134464.000000 -0.036015108 -0.002676408 1.103238344 0.002999336 -0.016177187 0.001129077 0.999864042
1703784371592410880.000000 -0.036768056 -0.003387874 1.136825204 0.004023470 -0.012956031 -0.000208347 0.999907970
1703784372009742848.000000 -0.041081741 -0.003496316 1.174476862 0.003263210 -0.033575393 0.000502256 0.999430776
1703784372467851520.000000 -0.046698075 -0.003809042 1.218178511 0.004563717 -0.053363319 0.000116335 0.998564720
1703784372923496192.000000 -0.051919453 -0.002561441 1.262075901 0.004437052 -0.058437694 0.001326412 0.998280287
1703784373385427200.000000 -0.057601858 -0.003425064 1.306958318 0.002242213 -0.061741788 0.001517483 0.998088479
1703784373841645312.000000 -0.062913179 -0.002844362 1.352030873 0.001424658 -0.061325721 0.002122795 0.998114526
1703784374340732672.000000 -0.067163110 -0.002635172 1.402069926 -0.000949628 -0.045992658 0.000752593 0.998941064
1703784374924986112.000000 -0.071338169 -0.003407773 1.457657218 0.000822976 -0.032779720 0.001099330 0.999461651
1703784375547644672.000000 -0.073192365 -0.003197808 1.518186927 0.001638223 -0.021389322 0.000406825 0.999769807
1703784376214995712.000000 -0.076603740 -0.002969934 1.581976652 0.000444090 -0.022537660 -0.000595145 0.999745727
1703784376880298240.000000 -0.080041632 -0.002348754 1.646009445 -0.000582245 -0.014469718 -0.001071405 0.999894559
1703784377546495488.000000 -0.081002004 -0.002152062 1.709998727 -0.000221034 -0.014093614 -0.001828042 0.999899030
1703784378214006784.000000 -0.083217859 -0.002085302 1.775158167 -0.001632190 -0.018517308 -0.001162435 0.999826550
1703784378879905024.000000 -0.086105913 -0.002073842 1.838664532 -0.000589466 -0.020153318 -0.000377331 0.999796689
1703784379544730368.000000 -0.088370875 -0.001398819 1.903710723 -0.001586748 -0.015723817 -0.001615237 0.999873817
1703784380088070144.000000 -0.089481086 -0.001662167 1.955424070 -0.000546056 -0.015947819 -0.001129795 0.999872088
1703784380717088256.000000 -0.092652485 -0.001846756 2.015049696 -0.000940144 -0.025016252 0.000073054 0.999686599
1703784381375265792.000000 -0.095552102 -0.001922871 2.077399492 0.000145649 -0.025633190 0.001096040 0.999670804
1703784381916450816.000000 -0.095556520 -0.001572031 2.131099939 -0.000340634 -0.002113729 0.001155086 0.999997079
1703784382586634496.000000 -0.090823092 -0.001802281 2.194873571 0.001370492 0.031427708 0.000540870 0.999504983
1703784383166155776.000000 -0.083537355 -0.002727167 2.249964237 0.001821090 0.055272032 0.000067325 0.998469710
1703784383792030976.000000 -0.073841549 -0.003040216 2.309514999 0.002587477 0.076708697 -0.000312304 0.997050166
1703784384413910528.000000 -0.064426266 -0.002928574 2.370734930 0.000730344 0.074076124 0.000914746 0.997251928
1703784385040447744.000000 -0.055508833 -0.003213750 2.430784702 -0.000293388 0.069203846 0.000128724 0.997602522
1703784385710191616.000000 -0.047496486 -0.004095169 2.493224144 0.002719580 0.064051330 0.000395224 0.997942805
1703784386458183936.000000 -0.038212173 -0.003180742 2.566380739 -0.000072944 0.062955521 -0.000237774 0.998016298
1703784387208407040.000000 -0.029652376 -0.003763232 2.637005329 0.001167639 0.059233662 0.000263147 0.998243451
1703784387787056640.000000 -0.024346923 -0.003815411 2.693149090 0.001468838 0.059584945 -0.000808973 0.998221874
1703784388495809280.000000 -0.013685267 -0.004261591 2.760680914 0.000985631 0.066704482 0.000328947 0.997772276
1703784389206003200.000000 -0.007667606 -0.004114495 2.826780081 0.001107525 0.054227140 0.000339541 0.998527944
1703784389952585728.000000 -0.005009367 -0.004485131 2.898255587 0.001824269 0.025172219 0.001638194 0.999680102
1703784390536484864.000000 0.000181858 -0.004716188 2.954041719 0.001756453 0.044364903 0.000564605 0.999013722
1703784391209605632.000000 0.005695079 -0.004342431 3.018451214 -0.000728752 0.046203509 0.000298340 0.998931766
1703784391866294272.000000 0.012199098 -0.004772747 3.080548763 0.000884476 0.047016494 0.000836172 0.998893380
1703784392540158464.000000 0.018641559 -0.004903051 3.144432545 0.001839979 0.050773524 0.000551114 0.998708367
1703784392952522240.000000 0.022096340 -0.005351826 3.182666779 0.003590466 0.048100553 0.001277898 0.998835206
1703784393408438272.000000 0.027145624 -0.005486056 3.226761580 0.003432189 0.051328417 0.002084921 0.998673737
1703784393823555072.000000 0.030564535 -0.005594290 3.267060995 0.003580533 0.049370471 0.001200504 0.998773396
1703784394448632064.000000 0.037548561 -0.005111137 3.327574253 0.002289764 0.058541201 0.000554675 0.998282194
1703784394823397888.000000 0.040860280 -0.005470473 3.363556147 0.000329942 0.058863223 0.000709430 0.998265803
1703784395406479872.000000 0.049618412 -0.005080169 3.419380188 0.001042382 0.070298545 -0.000397073 0.997525394
1703784395862843136.000000 0.057702310 -0.005958073 3.462919950 0.001040555 0.083020046 0.000469851 0.996547222
1703784396280067328.000000 0.064934701 -0.005551518 3.502482176 0.001246444 0.091866009 0.000003896 0.995770633
1703784396696077568.000000 0.073434547 -0.005881084 3.542263269 0.001237029 0.096637189 -0.001042946 0.995318353
1703784397074020096.000000 0.079720192 -0.006118038 3.577616692 0.000738603 0.096266150 -0.001061172 0.995354831
1703784397487721984.000000 0.086279362 -0.006332270 3.616775513 0.002595592 0.088359140 -0.001163984 0.996084630
1703784397906198272.000000 0.091747016 -0.006639908 3.656539440 0.003006098 0.073748738 -0.000542671 0.997272193
1703784398361955584.000000 0.095222458 -0.005967197 3.700436592 0.002984462 0.054846961 -0.001246127 0.998489559
1703784398740839168.000000 0.097297065 -0.006313209 3.737688780 0.001158530 0.036329098 -0.001260661 0.999338448
1703784399153213440.000000 0.097649328 -0.006323554 3.777879000 0.000458047 0.018073864 -0.000250062 0.999836504
1703784399567852032.000000 0.096473962 -0.006944807 3.817866087 -0.000460593 -0.000703680 -0.000786900 0.999999344
1703784400028630528.000000 0.092940055 -0.006457418 3.861656427 0.000445649 -0.020792687 -0.000624342 0.999783516
1703784400568147200.000000 0.089175262 -0.005965913 3.913822412 -0.000900379 -0.027767159 -0.000737735 0.999613762
1703784401025223424.000000 0.086413361 -0.006241384 3.958543301 -0.001775184 -0.028706988 -0.000884127 0.999585927
1703784401401805056.000000 0.083470978 -0.005974670 3.994574308 -0.002153861 -0.028038636 -0.002076327 0.999602377
1703784401863027456.000000 0.082648717 -0.006199491 4.038150311 -0.001006984 -0.021882089 -0.001625011 0.999758780
1703784402275723008.000000 0.079385422 -0.006658524 4.077521801 -0.000119339 -0.035145860 -0.000846015 0.999381840
1703784402774344960.000000 0.074379623 -0.005181211 4.126080513 -0.001264558 -0.032331455 -0.001751031 0.999474883
1703784403274768128.000000 0.072576754 -0.005589568 4.173546314 -0.001498099 -0.023218907 -0.001095831 0.999728680
1703784403733187584.000000 0.070687711 -0.005689387 4.216860771 -0.001176347 -0.027401308 -0.001057891 0.999623299
1703784404231219712.000000 0.069375835 -0.005678380 4.264644623 -0.002571817 -0.024946760 -0.001277900 0.999684691
1703784404732118016.000000 0.066503361 -0.005591487 4.311774731 0.001999530 -0.027930072 -0.000924304 0.999607444
1703784405233093376.000000 0.064639822 -0.005848017 4.359414101 0.000724677 -0.018753901 -0.000030660 0.999823868
1703784405735160576.000000 0.064547196 -0.005452163 4.406488419 -0.001681054 -0.006239723 -0.000671424 0.999978900
1703784406312803328.000000 0.065408565 -0.005652015 4.461542130 0.000527646 -0.002067089 -0.000812134 0.999997377
1703784406815135232.000000 0.065427959 -0.006104301 4.509676933 -0.000381464 0.003270669 0.000165058 0.999994576
1703784407353454592.000000 0.067507014 -0.005675715 4.560335159 0.000271010 0.012311404 -0.000883786 0.999923825
1703784407852996096.000000 0.069577910 -0.005669958 4.607594967 0.000718175 0.018137101 -0.001473734 0.999834180
1703784408353765120.000000 0.071570575 -0.006046382 4.654929638 0.000682323 0.023071222 -0.001362439 0.999732673
1703784408811273728.000000 0.072740071 -0.005258809 4.700120926 -0.000626272 0.018059947 -0.002064157 0.999834597
1703784409310340608.000000 0.071746267 -0.005634491 4.746800900 -0.000640529 0.004614200 -0.002074982 0.999987006
1703784409810660096.000000 0.072578840 -0.006251572 4.794010639 -0.000329501 0.008904186 -0.001917481 0.999958456
1703784410516478464.000000 0.071380727 -0.004366993 4.847222328 -0.002321525 -0.010653982 -0.002002060 0.999938548
1703784411062462208.000000 0.073155388 -0.004751257 4.878493786 0.001017859 0.004842021 -0.001637656 0.999986470
1703784411559430912.000000 0.077792376 -0.005201899 4.926502705 -0.000538886 0.029635856 -0.000934458 0.999560177
1703784412099361024.000000 0.081864521 -0.004924059 4.977204800 -0.001092295 0.035577845 -0.001144736 0.999365687
1703784412640306688.000000 0.088513546 -0.004941411 5.027898312 0.000306493 0.060199004 -0.000428063 0.998186290
1703784413266340864.000000 0.098942816 -0.005189682 5.086404324 -0.001491393 0.092255019 -0.000158488 0.995734274
1703784413930820352.000000 0.115557455 -0.005549022 5.146614552 0.000336153 0.117187254 0.000659643 0.993109584
1703784414513478400.000000 0.131236777 -0.006611070 5.198766232 0.001282269 0.143326223 -0.001785491 0.989673078
1703784415055097344.000000 0.147525877 -0.005766440 5.248079777 -0.000855325 0.154790521 -0.001611654 0.987945616
1703784415638027520.000000 0.166134238 -0.007320814 5.299736023 -0.002173078 0.161377892 -0.000540154 0.986890197
1703784416179543040.000000 0.180227667 -0.006885862 5.348670959 -0.000358130 0.153243601 -0.002271539 0.988185763
1703784416720911872.000000 0.192997277 -0.006473818 5.397419930 -0.002534008 0.133526772 -0.001936719 0.991040051
1703784417263200256.000000 0.194263846 -0.006337299 5.433238983 -0.000897617 0.080516338 -0.000982764 0.996752381
1703784418342986496.000000 0.188506112 -0.005061463 5.514262199 -0.000938334 -0.023616353 -0.000310257 0.999720633
1703784419550582784.000000 0.163637191 -0.003546748 5.617342949 -0.003134742 -0.109975673 0.000020194 0.993929386
1703784420050364160.000000 0.150034189 -0.003597268 5.662775993 -0.003925906 -0.131623283 0.001134479 0.991291404
1703784420634862848.000000 0.130363554 -0.002341185 5.715610504 -0.005323285 -0.157953978 0.000229657 0.987432122
1703784421136337920.000000 0.112478405 -0.001459370 5.758084297 -0.002652172 -0.180552602 -0.000046287 0.983561754
1703784421715471616.000000 0.089730307 -0.001371664 5.808534145 -0.003453393 -0.206331715 0.000622101 0.978475809
1703784422258692864.000000 0.064298600 -0.001939074 5.853352547 -0.005098523 -0.231273681 -0.000839945 0.972874999
1703784422717180416.000000 0.043362290 -0.001826286 5.890765667 -0.006034456 -0.251927078 0.000408311 0.967727304
1703784423215050496.000000 0.017575860 -0.001328445 5.931918621 -0.005396641 -0.274487615 0.000055598 0.961575508
1703784424131547392.000000 -0.035352349 -0.000738276 6.000229836 -0.004475159 -0.317514241 0.000419760 0.948242843
1703784424589291776.000000 -0.063281715 -0.002088975 6.033404350 -0.005292025 -0.336786300 0.001358866 0.941565275
1703784425046931968.000000 -0.092346370 -0.002656261 6.064393997 -0.003278263 -0.360418826 0.002440012 0.932781637
1703784425547460096.000000 -0.128511786 -0.001123322 6.096508026 -0.004273185 -0.384638876 0.001679717 0.923055708
1703784425964196608.000000 -0.158111930 -0.001403000 6.122567177 -0.004248911 -0.406941682 0.000864426 0.913443923
1703784426378826496.000000 -0.189846873 -0.000521878 6.145520687 -0.006540453 -0.428513110 0.001672403 0.903510392
1703784426851080960.000000 -0.225567818 0.000811579 6.168534756 -0.006265624 -0.452403545 0.000870631 0.891790926
1703784427212206848.000000 -0.256035328 0.001032593 6.186268806 -0.006697514 -0.478464723 0.000415506 0.878081143
1703784427586579968.000000 -0.284094572 0.000450699 6.199913979 -0.005540098 -0.504790485 0.001587786 0.863222659
1703784428006715392.000000 -0.320184469 0.001157790 6.214262962 -0.006628057 -0.534119248 0.001914256 0.845381081
1703784428376793344.000000 -0.349264383 0.000596417 6.225301743 -0.005772570 -0.560059369 0.003207263 0.828426182
1703784428754289664.000000 -0.378066540 0.001166513 6.232045174 -0.004804366 -0.585746884 0.002486011 0.810476005
1703784429126624512.000000 -0.412613392 0.001302656 6.237978458 -0.006336299 -0.615566254 0.001896000 0.788057387
1703784429542188800.000000 -0.440072536 0.001313791 6.239205837 -0.006052615 -0.646896183 0.002070277 0.762551248
1703784429963727616.000000 -0.464110374 0.001188628 6.239299774 -0.006230778 -0.670181930 0.002694370 0.742165804
1703784430344179200.000000 -0.480951309 0.001014289 6.239671230 -0.004674805 -0.680802405 0.004448058 0.732438743
1703784430750503424.000000 -0.518607140 0.001790967 6.240330696 -0.007425925 -0.690744042 0.002852770 0.723055601
1703784431124406528.000000 -0.554465294 0.002418190 6.241756916 -0.006646905 -0.688109696 0.002541160 0.725571811
1703784431542207744.000000 -0.592725277 0.002336949 6.245818138 -0.006743527 -0.676369488 0.002786978 0.736526370
1703784432002441216.000000 -0.635958672 0.002871938 6.247006416 -0.006293773 -0.693474829 0.002395314 0.720449388
1703784432374034432.000000 -0.671074867 0.002723012 6.245866776 -0.006205977 -0.706807613 0.002445820 0.707374394
1703784432874265600.000000 -0.716931343 0.002953548 6.242945671 -0.006093377 -0.712805092 0.002555833 0.701331079
1703784433288340736.000000 -0.756892204 0.004311781 6.244046688 -0.006743172 -0.707606971 0.002184600 0.706570685
1703784433789597952.000000 -0.803097725 0.004259311 6.240233421 -0.006721663 -0.721401632 0.002770984 0.692478776
1703784434204754944.000000 -0.841838837 0.004338633 6.239393234 -0.006140455 -0.715923131 0.001188534 0.698151112
1703784434705048064.000000 -0.887407303 0.004360884 6.241692543 -0.006290731 -0.700619936 0.002479247 0.713502645
1703784435205577728.000000 -0.933223248 0.004032698 6.243994713 -0.005113557 -0.682266712 0.003210064 0.731078446
1703784435711984384.000000 -0.979641914 0.003799245 6.250963688 -0.004895956 -0.661421716 0.003735597 0.749988914
1703784436162327040.000000 -1.021937370 0.004476635 6.257651806 -0.005043054 -0.657318830 0.003129117 0.753589213
1703784436577383936.000000 -1.060962200 0.005273730 6.261866093 -0.007133434 -0.664405882 0.002783032 0.747332692
1703784436994940416.000000 -1.099395275 0.005766142 6.262946129 -0.005611115 -0.682327926 0.002562295 0.731020212
1703784437494896128.000000 -1.145413399 0.005609645 6.266692638 -0.005326408 -0.675948799 0.004111225 0.736917853
1703784437952537344.000000 -1.188008785 0.006178821 6.273170948 -0.005166832 -0.660877526 0.003537333 0.750467658
1703784438368616704.000000 -1.226470947 0.006954109 6.275967598 -0.005423863 -0.672210157 0.003148248 0.740333796
1703784438869476096.000000 -1.272267342 0.007001592 6.279048920 -0.004011062 -0.669785500 0.003589456 0.742535114
1703784439367735552.000000 -1.317700148 0.006146215 6.286024570 -0.004052287 -0.653643131 0.004282882 0.756779969
1703784439824687360.000000 -1.358953714 0.006068796 6.295614719 -0.005290392 -0.637471914 0.003427032 0.770447850
1703784440367158784.000000 -1.406726837 0.006699054 6.307306290 -0.004284598 -0.621834815 0.003835170 0.783127308
1703784440871211776.000000 -1.452173710 0.006903589 6.319967747 -0.005171438 -0.604847372 0.003912909 0.796315014
1703784441411372288.000000 -1.499777555 0.007926513 6.335613251 -0.005639249 -0.587364614 0.002289048 0.809299588
1703784441918869760.000000 -1.540963411 0.008087949 6.353231430 -0.005425814 -0.569249630 0.002427740 0.822143316
1703784442448030720.000000 -1.585392952 0.008368322 6.373951435 -0.005073200 -0.553294539 0.003703121 0.832961977
1703784442990433536.000000 -1.631259561 0.008726716 6.393617630 -0.004876517 -0.541082561 0.004102719 0.840945363
1703784443617330944.000000 -1.682859540 0.008721136 6.417782784 -0.003029458 -0.533170760 0.005202651 0.845986247
1703784444198184960.000000 -1.731862187 0.009385018 6.440376282 -0.004068924 -0.538841546 0.004114151 0.842387259
1703784444778610432.000000 -1.778934360 0.009507759 6.462425232 -0.004592877 -0.540797532 0.004634056 0.841127515
1703784445280934912.000000 -1.819834590 0.010845236 6.484736919 -0.004954319 -0.519974411 0.004948333 0.854153216
1703784445694954752.000000 -1.853056192 0.011239026 6.504373550 -0.005014785 -0.502250016 0.002929922 0.864702940
1703784446072621056.000000 -1.883442521 0.010969508 6.518870354 -0.005519310 -0.515623689 0.003363118 0.856790781
1703784446536723200.000000 -1.921380758 0.011292978 6.538439751 -0.006623549 -0.520481646 0.003867666 0.853838444
1703784446903414784.000000 -1.951388359 0.011823198 6.554690361 -0.005031228 -0.511447847 0.004005794 0.859290242
1703784447281284608.000000 -1.980416894 0.011883572 6.571169853 -0.003992998 -0.499964416 0.004206872 0.866026580
1703784447691877376.000000 -2.011451721 0.012778699 6.592306614 -0.004038262 -0.485951036 0.004732165 0.873963952
1703784448067498752.000000 -2.037743807 0.012686698 6.614477158 -0.003485395 -0.466041237 0.006655199 0.884731114
1703784448484217600.000000 -2.068418503 0.013189368 6.637048721 -0.003534171 -0.452152759 0.006846890 0.891907275
1703784448904161280.000000 -2.097262859 0.014281575 6.662188530 -0.003448636 -0.431285799 0.006931388 0.902182162
1703784449363819264.000000 -2.126007318 0.012982555 6.691524029 -0.004149128 -0.406057417 0.007459584 0.913807750
1703784449774978816.000000 -2.151945114 0.013623197 6.719591618 -0.003968715 -0.373358846 0.006507115 0.927655697
1703784450191892736.000000 -2.174507618 0.013900353 6.750616550 -0.004626347 -0.336176932 0.006576173 0.941764534
1703784450525881600.000000 -2.190239668 0.014229730 6.775762558 -0.003976862 -0.305528969 0.006290128 0.952153683
1703784450857978624.000000 -2.205629349 0.014541360 6.802034378 -0.003779080 -0.276982158 0.006205666 0.960847616
1703784451249475840.000000 -2.222267151 0.014822925 6.833235741 -0.005286625 -0.254014730 0.004405412 0.967175901
1703784451565189632.000000 -2.235439301 0.014631031 6.859242916 -0.002688324 -0.245515078 0.005271212 0.969374776
1703784451898451712.000000 -2.247966528 0.014908114 6.885619164 -0.002280261 -0.239233553 0.006037609 0.970940590
1703784452232605440.000000 -2.262285709 0.015789255 6.913182735 -0.005924002 -0.228758425 0.007271556 0.973438025
1703784452563009024.000000 -2.275178194 0.016172253 6.942708969 -0.010317175 -0.227323517 0.009069732 0.973722398
1703784453189680640.000000 -2.299664259 0.017956305 6.993854046 -0.012638654 -0.224074215 0.006023034 0.974471509
1703784453523366656.000000 -2.315716028 0.018020503 7.018570900 -0.007247268 -0.222428441 -0.004433666 0.974911988
1703784453857730560.000000 -2.330041409 0.017689046 7.042623043 -0.002253444 -0.239221454 -0.002450969 0.970959365
1703784454187937280.000000 -2.340945244 0.015468894 7.064785480 0.007480474 -0.247253612 0.001972893 0.968919933
1703784454482977536.000000 -2.349118233 0.016101472 7.082555294 0.010214566 -0.250869185 0.006341556 0.967946351
1703784454813486336.000000 -2.362445593 0.016348548 7.110722065 0.004839868 -0.229593411 0.001926416 0.973272681
1703784455519612672.000000 -2.385078669 0.015753888 7.170982361 0.003482096 -0.190062433 0.001841501 0.981764138
1703784455894773248.000000 -2.393112183 0.016343735 7.203531265 0.001371307 -0.172164887 0.002552615 0.985063910
1703784456269688832.000000 -2.403964043 0.016632844 7.236402512 -0.000932071 -0.151005208 0.002013377 0.988530457
1703784456644861696.000000 -2.411922693 0.016639488 7.269790173 -0.003754376 -0.132052377 0.001624159 0.991234303
1703784457022609920.000000 -2.418258190 0.017555138 7.303470135 -0.005165684 -0.109406307 0.000753987 0.993983448
1703784457354820864.000000 -2.423815250 0.017785504 7.332364559 -0.005042757 -0.097172990 0.001033469 0.995254219
1703784457729942528.000000 -2.430090666 0.018264119 7.364393234 -0.004652868 -0.077415809 0.000580007 0.996987879
1703784458059218688.000000 -2.432899237 0.017598037 7.392720222 -0.005155902 -0.059095569 0.000139209 0.998239040
1703784458434899456.000000 -2.433645487 0.017917275 7.426954269 -0.004344004 -0.040707439 -0.000255111 0.999161661
1703784458810730752.000000 -2.435035467 0.018841308 7.460091591 -0.004918176 -0.034277223 0.000127526 0.999400258
1703784459188069120.000000 -2.438775063 0.019290129 7.493161678 -0.003325283 -0.045327410 0.000153606 0.998966634
1703784459603581696.000000 -2.443847179 0.019238736 7.528881550 -0.002599293 -0.056920405 0.001316196 0.998374522
1703784460015856384.000000 -2.450226307 0.020232055 7.565266132 -0.002682226 -0.068673931 0.001117407 0.997634947
1703784460436073216.000000 -2.456604719 0.019888632 7.601086140 -0.001887286 -0.078917481 0.001677283 0.996877968
1703784460890478592.000000 -2.462407827 0.021270134 7.641356468 -0.003313666 -0.073788352 0.001684595 0.997267008
1703784461309704960.000000 -2.467191458 0.021372633 7.677788258 -0.003263570 -0.072099037 0.001107841 0.997391522
1703784461809442048.000000 -2.474153280 0.021861611 7.721344948 -0.004364593 -0.070496783 0.001448436 0.997501433
1703784462308709376.000000 -2.479823112 0.022351319 7.765085220 -0.004588485 -0.059024878 0.000672464 0.998245716
1703784462766255616.000000 -2.482648611 0.022378204 7.805432320 -0.004308822 -0.049787991 0.001386617 0.998749554
1703784463265740032.000000 -2.485928059 0.022664249 7.849166870 -0.002484164 -0.037561107 0.001398209 0.999290287
1703784463721227520.000000 -2.487714767 0.023534007 7.888543129 -0.002038238 -0.028395066 0.002380052 0.999591887
1703784464224749056.000000 -2.489588022 0.023936177 7.932974815 -0.003128455 -0.018643407 0.001716908 0.999819815
1703784464719865600.000000 -2.488970518 0.023980919 7.977042198 -0.003912463 -0.002656969 0.001982033 0.999986887
1703784465179252736.000000 -2.487488747 0.024619561 8.016874313 -0.002728722 0.011415119 0.001339218 0.999930263
1703784465637840640.000000 -2.484792233 0.024447264 8.056355476 -0.003185675 0.023917209 0.001541118 0.999707699
1703784466180708096.000000 -2.481527090 0.024627954 8.103926659 -0.001605387 0.027034812 0.001866439 0.999631464
1703784466716826880.000000 -2.480851412 0.025169596 8.151861191 -0.002000590 0.020849926 0.001755106 0.999779105
1703784467219866368.000000 -2.481161594 0.025482882 8.195592880 -0.001457336 0.007575566 0.001072663 0.999969661
1703784467680591104.000000 -2.481847763 0.025697697 8.236215591 -0.002463177 -0.000902569 0.000661858 0.999996364
1703784468219374336.000000 -2.484899998 0.026167130 8.278968811 -0.003513793 -0.024300253 0.000503133 0.999698400
1703784468757772800.000000 -2.484082699 0.026194079 8.321543694 -0.003496073 -0.002897724 0.000866140 0.999989331
1703784469299648256.000000 -2.481573582 0.026633916 8.369188309 -0.003653677 0.020415220 0.000332415 0.999784887
1703784469842635776.000000 -2.477082968 0.027122973 8.416325569 -0.002609063 0.044531912 0.000378862 0.999004483
1703784470301055232.000000 -2.470241547 0.027603885 8.456543922 -0.002738729 0.064751282 0.000120977 0.997897685
1703784470715982336.000000 -2.464463472 0.028024681 8.492808342 -0.003546174 0.071255602 -0.000403706 0.997451723
1703784471217145088.000000 -2.459690332 0.027935058 8.535967827 -0.002791405 0.060302101 0.001195938 0.998175561
1703784471671898368.000000 -2.453012228 0.027758513 8.575777054 -0.002959445 0.071356863 0.000648432 0.997446299
1703784472133710080.000000 -2.445054531 0.027563654 8.613656044 -0.001691687 0.091445275 0.000835852 0.995808303
1703784472589518080.000000 -2.437273502 0.027822651 8.652009964 0.000039061 0.089981399 0.000343790 0.995943427
1703784473134749696.000000 -2.432332277 0.028108744 8.700421333 -0.000423993 0.066230997 0.000796817 0.997803926
1703784473671675136.000000 -2.421431065 0.027830264 8.746231079 -0.001283818 0.089406535 0.000442076 0.995994329
1703784474215916032.000000 -2.413169861 0.027639188 8.792810440 -0.002962933 0.107738107 0.000606803 0.994174719
1703784474720718080.000000 -2.404719830 0.027661409 8.835698128 -0.002812535 0.087351583 0.000812437 0.996173263
1703784475171024384.000000 -2.401171684 0.028258560 8.875720024 -0.003969064 0.067224920 0.000882261 0.997729599
1703784475636333056.000000 -2.398191214 0.027884787 8.914060593 -0.003235427 0.045799464 0.001459306 0.998944342
1703784476250406912.000000 -2.396995068 0.027230756 8.968881607 -0.004110005 0.018627102 0.001183709 0.999817371
1703784476757904640.000000 -2.396045923 0.027162924 9.012209892 -0.005820410 0.002667633 0.001869122 0.999977767
1703784477211759360.000000 -2.396436691 0.027208626 9.052446365 -0.005219865 -0.007921379 0.002585509 0.999951661
1703784477667499776.000000 -2.396306515 0.027621638 9.092779160 -0.005409441 -0.004997402 0.002161063 0.999970555
1703784478171816960.000000 -2.397283316 0.028565370 9.136415482 -0.005582581 -0.005662367 0.001833167 0.999966741
1703784478623809280.000000 -2.398722172 0.027502209 9.175016403 -0.005280032 -0.008424171 0.001773473 0.999949038
1703784479167057664.000000 -2.399155855 0.027660210 9.221071243 -0.004391528 -0.007685251 0.001459813 0.999959767
1703784479664964352.000000 -2.399957180 0.028087860 9.262706757 -0.004565645 -0.011757188 0.001218828 0.999919713
1703784480165881856.000000 -2.403471231 0.029806171 9.306595802 -0.005454012 -0.029502021 0.001425281 0.999548852
1703784480664410880.000000 -2.406517267 0.028703768 9.348506927 -0.006382315 -0.026745060 0.001606804 0.999620616
1703784481330193408.000000 -2.403828859 0.029109577 9.406630516 -0.007030750 -0.004076710 0.000293207 0.999966919
1703784481914654720.000000 -2.406604052 0.029570740 9.456316948 -0.005368868 -0.012675916 0.000855914 0.999904871
1703784482497716224.000000 -2.406200171 0.032035287 9.508067131 -0.005461689 -0.013018359 -0.000049195 0.999900341
1703784482995504384.000000 -2.406114578 0.031440392 9.550413132 -0.006055529 -0.008522431 0.000791166 0.999945045
1703784483537740032.000000 -2.406858921 0.031183179 9.597277641 -0.005495081 -0.013448072 0.000987318 0.999894023
1703784484165051392.000000 -2.408028126 0.031546544 9.650202751 -0.005429614 -0.010890267 0.000728703 0.999925673
1703784484704848896.000000 -2.408981323 0.031408779 9.695516586 -0.003783860 -0.011575694 0.001467227 0.999924779
1703784485204776960.000000 -2.408226490 0.033142209 9.737843513 -0.003029052 -0.013957812 0.001857135 0.999896288
1703784485745387776.000000 -2.409030676 0.033105191 9.784331322 -0.006516186 -0.010689501 0.000880177 0.999921262
1703784486201499904.000000 -2.409561872 0.033672202 9.823715210 -0.008654565 -0.006574579 0.000743596 0.999940693
1703784486659743488.000000 -2.411620617 0.033678461 9.862473488 -0.007895323 -0.005982872 0.000368455 0.999950886
1703784487243299840.000000 -2.411797523 0.034216698 9.912239075 -0.008335602 -0.007656332 0.000877710 0.999935567
1703784487743228928.000000 -2.412343740 0.034448750 9.954341888 -0.006126024 -0.008638361 0.001809636 0.999942303
1703784488200548096.000000 -2.413681269 0.035507306 9.993700027 -0.006031910 -0.010063310 0.001524922 0.999930024
1703784488578035712.000000 -2.416435003 0.033805955 10.024776459 -0.005484310 -0.016095491 0.001413710 0.999854445
1703784489120184064.000000 -2.416321516 0.035324562 10.059751511 -0.006772029 -0.019601103 0.001819778 0.999783278
1703784489909689088.000000 -2.417035818 0.036375310 10.063052177 -0.005946847 -0.018585306 0.001963589 0.999807656
