1702688129744809728.000000 0.000000000 0.000000000 0.000000000 -0.000000000 -0.000000000 -0.000000000 1.000000000
1702688130076455168.000000 -0.000973904 0.000436371 0.011625869 -0.000744951 -0.003913737 0.001560206 0.999990880
1702688130243418880.000000 -0.000468947 0.000757775 0.016264895 -0.001109839 -0.003779039 0.000745257 0.999991953
1702688130329644544.000000 -0.000542777 0.001032007 0.018678581 -0.001274844 -0.002112088 0.001528790 0.999995828
1702688130412891648.000000 -0.000399475 0.001109020 0.021523150 -0.001684208 -0.000956492 0.001745693 0.999996603
1702688130494930944.000000 -0.000201410 0.001098253 0.023845498 -0.001625443 0.000147696 0.001486268 0.999997616
1702688130576407552.000000 0.000130866 0.001149515 0.026188930 -0.002032163 0.001021223 0.001214466 0.999996722
1702688130748235264.000000 -0.000050141 0.001306851 0.030901261 -0.002495049 0.002388119 0.001112706 0.999993443
1702688130824449536.000000 0.000127985 0.001558874 0.033655286 -0.002656536 0.003068311 0.001099842 0.999991179
1702688130912532736.000000 0.000275693 0.001562425 0.035839882 -0.002706665 0.003564510 0.001278485 0.999989212
1702688131159907072.000000 0.001136343 0.001463919 0.042844802 -0.002193296 0.006461723 0.001036993 0.999976158
1702688131282977024.000000 0.002229591 0.001612837 0.045854632 -0.001578007 0.007588562 0.000490011 0.999969840
1702688131407266560.000000 0.002227099 0.001288052 0.049316749 -0.001575037 0.009323480 0.000288716 0.999955297
1702688131576884992.000000 0.002866199 0.001263909 0.053799208 -0.001789019 0.010403864 0.000247104 0.999944270
1702688131703373312.000000 0.003261545 0.001382118 0.057362292 -0.001827619 0.012117411 0.000347702 0.999924898
1702688131866684416.000000 0.005060694 0.001563819 0.061528537 -0.001638054 0.013404027 0.000316197 0.999908805
1702688132034559488.000000 0.006346154 0.001675508 0.065999299 -0.000673364 0.014052920 -0.000035430 0.999901056
1702688132497689344.000000 0.005439526 0.001334776 0.078597598 -0.001497633 0.017255422 -0.000836037 0.999849677
1702688132615769600.000000 0.005269304 0.001275048 0.081144750 -0.001996311 0.018816618 -0.001159976 0.999820292
1702688132742498304.000000 0.005270864 0.001274435 0.081314526 -0.002340890 0.019207923 -0.001539188 0.999811590
1702688132907933952.000000 0.005185565 0.001258065 0.081385002 -0.002436535 0.019699838 -0.001205016 0.999802232
1702688133074693632.000000 0.005235343 0.001216202 0.081787668 -0.002526221 0.019663835 -0.001756254 0.999801934
1702688133244497664.000000 0.005229336 0.001256283 0.082110070 -0.002982390 0.019620961 -0.001922331 0.999801219
1702688133406391552.000000 0.005277557 0.001312152 0.082234755 -0.002844926 0.019378183 -0.001962062 0.999806285
1702688133782410752.000000 0.005256148 0.001288138 0.083183803 -0.003793664 0.019244321 -0.002152387 0.999805331
1702688133988567808.000000 0.005322881 0.001298676 0.083561823 -0.004142409 0.020079877 -0.002566823 0.999786496
1702688134196194560.000000 0.005339906 0.001297249 0.083901770 -0.003732948 0.019791029 -0.002492063 0.999794066
1702688134406528256.000000 0.005401311 0.001276777 0.084274471 -0.003691308 0.020073373 -0.002148286 0.999789417
1702688134615530496.000000 0.005386933 0.001305030 0.084639668 -0.003907070 0.019704306 -0.002211635 0.999795794
1702688134822543104.000000 0.005381212 0.001347799 0.085037537 -0.004090743 0.019354874 -0.002082960 0.999802113
1702688135035673088.000000 0.005440185 0.001331154 0.085388795 -0.004092292 0.019636331 -0.001762086 0.999797285
1702688135282037504.000000 0.005449723 0.001296387 0.085789815 -0.003948265 0.021005480 -0.002457858 0.999768555
1702688135529059328.000000 0.005452513 0.001293096 0.086131766 -0.003381698 0.019613886 -0.001621706 0.999800622
1702688135740039936.000000 0.005446871 0.001308271 0.086463138 -0.003794483 0.019085191 -0.001852730 0.999808967
1702688135989392640.000000 0.005468386 0.001306036 0.086876519 -0.004040698 0.018806944 -0.001370765 0.999814034
1702688136239547392.000000 0.005585122 0.001321900 0.087291330 -0.004279759 0.020963782 -0.002405123 0.999768198
1702688136489440768.000000 0.005571246 0.001316546 0.087686621 -0.003782949 0.019715235 -0.002300270 0.999795854
1702688136779149312.000000 0.005559762 0.001324530 0.088143066 -0.003696606 0.019687999 -0.002442786 0.999796391
1702688137030811136.000000 0.005631427 0.001302128 0.088518940 -0.003151599 0.020021452 -0.002274152 0.999792039
1702688137278528256.000000 0.005502791 0.001309539 0.088951364 -0.003006729 0.018374508 -0.002014049 0.999824643
1702688137693889024.000000 0.005508476 0.001334877 0.089624614 -0.003309487 0.018120572 -0.001863134 0.999828637
1702688138115034624.000000 0.005555817 0.001326076 0.090304956 -0.003628652 0.018007200 -0.001675315 0.999829888
1702688138527625216.000000 0.005517054 0.001329467 0.090987101 -0.003950803 0.015303238 -0.001263700 0.999874294
1702688138984697088.000000 0.005690668 0.001306617 0.091701701 -0.003084359 0.021665106 -0.001506623 0.999759376
1702688139400694784.000000 0.005729460 0.001354100 0.092403866 -0.000478224 0.046472386 -0.001669697 0.998918056
1702688139775768576.000000 0.005832738 0.001303696 0.092991605 -0.001733881 0.063016832 -0.003446485 0.998005033
1702688140192284672.000000 0.005955151 0.001320243 0.093665332 0.000199084 0.081037194 -0.003039001 0.996706426
1702688140525100544.000000 0.005988392 0.001348450 0.094238274 0.000613231 0.098499715 -0.003526716 0.995130658
1702688140820414720.000000 0.006155563 0.001366756 0.094686694 -0.000238959 0.109074101 -0.002805531 0.994029641
1702688141233257984.000000 0.006340390 0.001341132 0.095339991 -0.000708348 0.119273163 -0.000792515 0.992860913
1702688141523368960.000000 0.006459023 0.001342097 0.095773220 -0.000728213 0.119580783 -0.001373418 0.992823243
1702688141899740416.000000 0.006620199 0.001342522 0.096361309 -0.000711503 0.114399046 -0.001223484 0.993433893
1702688142233132800.000000 0.006617922 0.001339267 0.096907467 -0.000449244 0.109619133 -0.001575842 0.993972301
1702688142649562112.000000 0.006852198 0.001303830 0.097519077 0.000134224 0.108522929 -0.001921495 0.994092107
1702688143106856960.000000 0.006986620 0.001335833 0.098273337 -0.000395750 0.106949456 -0.001687527 0.994262993
1702688143480470272.000000 0.007064566 0.001338189 0.098882169 -0.000752323 0.104151212 -0.002290711 0.994558573
1702688143984321792.000000 0.007219547 0.001343235 0.099647917 -0.000447889 0.103502862 -0.002262837 0.994626522
1702688144479971328.000000 0.007376578 0.001313746 0.100417241 0.000639483 0.103830069 -0.002224291 0.994592369
1702688144938062592.000000 0.007620009 0.001343954 0.101155728 0.000462323 0.107940473 -0.002187643 0.994154871
1702688145482297600.000000 0.007738902 0.001347898 0.101988181 0.000183209 0.111959860 -0.004094692 0.993704259
1702688145980144640.000000 0.007892155 0.001324933 0.102744326 -0.000394532 0.099441253 -0.002713028 0.995039642
1702688146437228800.000000 0.008001061 0.001351845 0.103485957 0.001370057 0.081506044 -0.003025864 0.996667325
1702688146978892800.000000 0.008091565 0.001335615 0.104358129 -0.002512514 0.056916788 -0.002512092 0.998372614
1702688147518578176.000000 0.008187400 0.001339454 0.105196476 0.000173077 0.082484432 -0.003552316 0.996586025
1702688148023318272.000000 0.008358498 0.001361053 0.105987869 -0.001681024 0.082216345 -0.004608930 0.996602416
1702688148476681728.000000 0.008545054 0.001330007 0.106714845 -0.000845705 0.081048757 -0.005576329 0.996694207
1702688148893343232.000000 0.008663425 0.001323871 0.107355274 -0.000628970 0.080334872 -0.004859489 0.996755898
1702688149434083584.000000 0.008761181 0.001340623 0.108228952 -0.000224798 0.083078645 -0.004571419 0.996532500
1702688149933374208.000000 0.008930585 0.001340571 0.109015025 0.000868722 0.083158791 -0.005023107 0.996523261
1702688150475321088.000000 0.009083796 0.001337901 0.109838463 0.002282717 0.088294506 -0.004368199 0.996082246
1702688150893731840.000000 0.009190987 0.001346196 0.110521078 0.002923528 0.092189550 -0.004560890 0.995726764
1702688151350380544.000000 0.009334349 0.001370870 0.111243762 0.001023083 0.096026488 -0.006489078 0.995357096
1702688151848629248.000000 0.009475876 0.001346678 0.112019613 -0.001364830 0.099658720 -0.007613633 0.994991601
1702688152265152768.000000 0.009611253 0.001343490 0.112635516 0.001235850 0.099604964 -0.007830765 0.994995534
1702688152640086528.000000 0.009702182 0.001309857 0.113203287 -0.002202101 0.106784008 -0.004987969 0.994267285
1702688153099293696.000000 0.009894044 0.001350487 0.113895528 0.000308528 0.121954195 -0.005915894 0.992518067
1702688153649232640.000000 0.010132098 0.001326403 0.114724748 0.000796609 0.133483052 -0.006552541 0.991029143
1702688154225344512.000000 0.010359864 0.001343132 0.115617312 0.001378605 0.130237877 -0.007926565 0.991450191
1702688154768258048.000000 0.010544196 0.001330530 0.116438940 0.002323488 0.117327012 -0.007184001 0.993064642
1702688155386900480.000000 0.010738391 0.001311858 0.117398657 -0.000519754 0.099429302 -0.006378889 0.995024085
1702688155804564224.000000 0.010827184 0.001317449 0.118025169 -0.001728536 0.083344102 -0.006180755 0.996500134
1702688156522657536.000000 0.010929145 0.001343757 0.119091809 -0.001718970 0.052908964 -0.006239654 0.998578370
1702688157095677696.000000 0.010849841 0.001350070 0.119959027 -0.001224994 0.025641514 -0.004358647 0.999660969
1702688157926846208.000000 0.010900299 0.001369486 0.121373884 -0.003836137 -0.007504047 -0.005248281 0.999950707
1702688158552083200.000000 0.010905898 0.001379149 0.122326910 -0.002892644 -0.003047819 -0.006440359 0.999970436
1702688159220160768.000000 0.010879066 0.001382455 0.123398110 -0.002044771 -0.002110184 -0.005707532 0.999979377
1702688159927341312.000000 0.010859618 0.001399649 0.124550000 -0.003189244 -0.016300747 -0.005638071 0.999846160
1702688160301063936.000000 0.010808810 0.001384298 0.125147015 -0.003818208 -0.009928943 -0.005809843 0.999926567
1702688160717616896.000000 0.010865397 0.001387231 0.125828221 -0.004096529 0.002757334 -0.006040304 0.999969542
1702688161300039168.000000 0.010925950 0.001370506 0.126730487 -0.003982713 0.016547980 -0.005005267 0.999842644
1702688161759966976.000000 0.010893728 0.001381812 0.127451569 -0.001451949 0.016366037 -0.005085562 0.999852121
1702688162173366272.000000 0.010902180 0.001401729 0.128095120 -0.001482771 0.021523554 -0.004032623 0.999759138
1702688162921742336.000000 0.010940276 0.001395715 0.129243121 -0.001371062 0.030081740 -0.003918750 0.999538839
1702688163797789952.000000 0.011130136 0.001395797 0.130654424 -0.002139143 0.042113844 -0.004025495 0.999102414
1702688164338948608.000000 0.011167629 0.001399638 0.131488934 0.000037609 0.055896331 -0.004999937 0.998424053
1702688164839099648.000000 0.011235317 0.001425893 0.132289559 -0.001378868 0.051759601 -0.006374780 0.998638272
1702688165257032448.000000 0.011277035 0.001436979 0.132927656 -0.000640795 0.052542068 -0.006361719 0.998598278
1702688165840541696.000000 0.011380101 0.001418094 0.133856818 -0.001726943 0.048787944 -0.006345070 0.998787522
1702688166338781952.000000 0.011427790 0.001406529 0.134630620 -0.001247597 0.063913815 -0.007925908 0.997923195
1702688166753664768.000000 0.011559340 0.001432127 0.135312125 -0.000970928 0.052903492 -0.007420074 0.998571575
1702688167210869504.000000 0.011663495 0.001427101 0.136034027 -0.001303116 0.068736158 -0.007645359 0.997604728
1702688167674500864.000000 0.011831593 0.001464128 0.136738539 -0.000336579 0.073920742 -0.007656608 0.997234702
1702688168172766720.000000 0.011863810 0.001442762 0.137535810 -0.000978039 0.087902784 -0.005613943 0.996112764
1702688168626540288.000000 0.011860069 0.001479698 0.138120666 -0.000841055 0.096037790 -0.005181861 0.995363832
1702688168962480896.000000 0.011899606 0.001467781 0.138570532 -0.000395998 0.104546569 -0.003645722 0.994513214
1702688169335681536.000000 0.011944300 0.001484058 0.139119506 -0.000809914 0.118156120 -0.004763060 0.992983282
1702688169667461632.000000 0.012012200 0.001482424 0.139650524 -0.002059006 0.130897045 -0.004913125 0.991381705
1702688169999019264.000000 0.012056648 0.001372174 0.140065283 -0.003449330 0.141423568 -0.000269928 0.989943147
1702688170339922432.000000 0.012086434 0.001313088 0.140629694 -0.001843688 0.157700375 0.001674670 0.987483919
1702688170669401600.000000 0.012132489 0.001322524 0.141187400 -0.002142358 0.175569296 -0.001620539 0.984463394
1702688171002532864.000000 0.012178582 0.001335101 0.141641825 -0.002691318 0.187634498 -0.002515608 0.982232034
1702688171292136192.000000 0.012269199 0.001287064 0.142064616 -0.003386973 0.197507873 -0.002173413 0.980293036
1702688171625847808.000000 0.012364619 0.001284238 0.142353177 -0.005733462 0.202393681 -0.001983958 0.979285419
1702688171956597760.000000 0.012164453 0.001186634 0.142656818 -0.009316544 0.206429288 -0.001009608 0.978416681
1702688172372301824.000000 0.012071026 0.001105951 0.142832607 -0.011185556 0.209576890 -0.000616911 0.977728009
1702688172707171328.000000 0.011876314 0.000914201 0.143122852 -0.019548906 0.209132269 -0.001544877 0.977690756
1702688173080498432.000000 0.012015650 0.000879904 0.143384665 -0.021539660 0.172390893 0.002842380 0.984789014
1702688173373571328.000000 0.011982043 0.000854407 0.143636242 -0.024011301 0.147165000 0.003612197 0.988813877
1702688173671686912.000000 0.012064178 0.000873828 0.143910468 -0.025248570 0.120950058 0.001395173 0.992336512
1702688173999684096.000000 0.012095042 0.000944742 0.144309461 -0.021171194 0.085110337 0.002790801 0.996142685
1702688174294407680.000000 0.012143687 0.000946891 0.144549027 -0.021354623 0.057230026 0.005070294 0.998119771
1702688174871984128.000000 0.012237617 0.000798252 0.145023152 -0.027487149 0.002644951 0.005670460 0.999602616
1702688175161272320.000000 0.012190182 0.000861238 0.145432979 -0.025851488 -0.019668799 0.005615945 0.999456525
1702688175411400192.000000 0.012379202 0.000935631 0.145873308 -0.025280733 -0.048909999 0.009465318 0.998438358
1702688175705793792.000000 0.012367981 0.000924302 0.146071956 -0.026831375 -0.058470249 0.008603749 0.997891426
1702688175994744064.000000 0.012457429 0.000900425 0.146354213 -0.029248569 -0.075993411 0.008431531 0.996643603
1702688176244094464.000000 0.012569522 0.000868848 0.146631882 -0.032666050 -0.093446806 0.006592799 0.995066404
1702688176534467584.000000 0.012629242 0.000874522 0.146910176 -0.033964973 -0.110533893 0.005965553 0.993273914
1702688176872291840.000000 0.012643093 0.000893325 0.147229359 -0.035712942 -0.128608957 0.006727521 0.991029322
1702688177203683840.000000 0.012643671 0.000893715 0.147236094 -0.035873637 -0.129605621 0.006801517 0.990893185
1702688177494449920.000000 0.012643201 0.000893565 0.147234052 -0.036380138 -0.129130557 0.006623074 0.990937889
1702688179656943872.000000 0.012642209 0.000893732 0.147234589 -0.036060195 -0.128966883 0.006620273 0.990970969
1702688179867735040.000000 0.012641977 0.000893753 0.147234768 -0.035687264 -0.129104108 0.006568416 0.990966916
1702688182156037888.000000 0.012642160 0.000893679 0.147234708 -0.036194306 -0.128990576 0.006662388 0.990962684
1702688182329205504.000000 0.012642068 0.000893698 0.147234723 -0.036193117 -0.128933519 0.006724304 0.990969718
1702688182572235264.000000 0.012641876 0.000893716 0.147234738 -0.035961114 -0.129062682 0.006959584 0.990959764
1702688183404708608.000000 0.012641206 0.000893732 0.147234857 -0.036073431 -0.129035726 0.006593449 0.990961671
1702688183656378368.000000 0.012640947 0.000893745 0.147234917 -0.035794303 -0.129076123 0.006514158 0.990967095
1702688183947933696.000000 0.012640667 0.000893739 0.147235021 -0.035898723 -0.129169032 0.006671238 0.990950108
1702688184247132160.000000 0.012640361 0.000893729 0.147235185 -0.035907581 -0.129040390 0.006775746 0.990965903
1702688184576878336.000000 0.012640033 0.000893721 0.147235289 -0.035978854 -0.129039347 0.006398897 0.990965903
1702688184860982784.000000 0.012639764 0.000893721 0.147235289 -0.036122959 -0.128891990 0.006666208 0.990978062
1702688185159322368.000000 0.012639511 0.000893722 0.147235304 -0.036097940 -0.129441321 0.006646102 0.990907550
1702688185402609664.000000 0.012639266 0.000893741 0.147235334 -0.035563316 -0.129284263 0.006647167 0.990947366
1702688185695312384.000000 0.012639000 0.000893737 0.147235334 -0.036320172 -0.128953651 0.006717142 0.990962505
1702688188191397632.000000 0.012638078 0.000893851 0.147236168 -0.029487597 -0.129061937 0.007940161 0.991166234
1702688188527059200.000000 0.012638083 0.000893876 0.147236302 -0.025477557 -0.129075527 0.009044246 0.991266191
1702688189108078848.000000 0.012637989 0.000893923 0.147236392 -0.018950732 -0.129028201 0.010799099 0.991401017
1702688189316132864.000000 0.012637884 0.000893923 0.147236362 -0.016732104 -0.128960505 0.011332355 0.991443813
