1.702688123750164747e+09 0.000000000000000000e+00 0.000000000000000000e+00 0.000000000000000000e+00 -0.000000000000000000e+00 -0.000000000000000000e+00 -0.000000000000000000e+00 1.000000000000000000e+00
1.702688124081733227e+09 2.445399999999999999e-05 5.444000000000000054e-05 1.709145999999999929e-03 -4.582310000000000246e-04 5.166240000000000328e-04 3.008710000000000269e-04 9.999997619999999587e-01
1.702688124373106241e+09 2.202999999999999914e-06 9.314000000000000610e-05 3.136888999999999910e-03 1.196749999999999951e-04 -9.363300000000000290e-05 -2.554149999999999932e-04 1.000000000000000000e+00
1.702688124788979530e+09 -2.142099999999999972e-04 9.405200000000000008e-05 5.149054999999999604e-03 -5.995510000000000336e-04 -2.999728000000000117e-03 -6.529290000000000094e-04 9.999951120000000193e-01
1.702688124833318949e+09 -2.210659999999999871e-04 7.485000000000000334e-05 5.375228000000000124e-03 -8.598629999999999902e-04 -2.796357000000000183e-03 -8.049599999999999637e-04 9.999954100000000290e-01
1.702688125081451178e+09 -2.990269999999999951e-04 9.821499999999999393e-05 6.564025000000000241e-03 -1.849359999999999925e-04 -4.069632999999999584e-03 -1.262284999999999926e-03 9.999909399999999948e-01
1.702688125254037619e+09 -3.236089999999999843e-04 5.685199999999999710e-05 7.354577000000000163e-03 -4.820320000000000225e-04 -4.479951000000000245e-03 1.466550000000000113e-04 9.999898670000000322e-01
1.702688125832619429e+09 -1.527950000000000033e-04 8.189500000000000111e-05 1.027257500000000080e-02 -1.492264000000000090e-03 -2.559680999999999849e-03 7.670010000000000109e-04 9.999953510000000323e-01
1.702688125956700087e+09 -1.343869999999999993e-04 8.784800000000000323e-05 1.088957100000000067e-02 -1.044519000000000046e-03 -2.852349000000000117e-03 7.964180000000000174e-04 9.999951120000000193e-01
1.702688126080536604e+09 -2.329689999999999984e-04 7.443199999999999480e-05 1.149983000000000082e-02 -1.128752000000000011e-03 -3.299240000000000159e-03 8.388239999999999499e-04 9.999935629999999742e-01
1.702688126204810381e+09 -2.795100000000000123e-04 4.358799999999999670e-05 1.211956500000000055e-02 -1.150954000000000040e-03 -4.507220000000000150e-03 7.051310000000000086e-04 9.999889140000000065e-01
1.702688126330384970e+09 -2.474830000000000020e-04 4.268399999999999994e-05 1.269115500000000084e-02 -1.239950999999999987e-03 -4.380035000000000005e-03 7.013460000000000440e-04 9.999893899999999780e-01
1.702688126496179104e+09 -2.973000000000000165e-04 4.697100000000000141e-05 1.354491399999999991e-02 -1.436739000000000028e-03 -3.720977999999999786e-03 1.060746999999999905e-03 9.999914770000000175e-01
1.702688126703040838e+09 -1.311759999999999923e-04 4.483000000000000107e-06 1.448754300000000030e-02 5.574659999999999511e-04 -2.048456000000000148e-03 1.390367999999999899e-03 9.999967810000000012e-01
1.702688126871085882e+09 -1.660920000000000083e-04 -5.578200000000000226e-05 1.530995199999999994e-02 6.191740000000000048e-04 -3.347034999999999941e-03 1.728907000000000013e-03 9.999927280000000529e-01
1.702688127120587587e+09 -1.938900000000000020e-04 -5.059699999999999685e-05 1.651212000000000166e-02 1.595585999999999966e-03 -3.374924999999999974e-03 9.415660000000000175e-04 9.999926089999999768e-01
1.702688127330770731e+09 -2.497460000000000175e-04 -5.040400000000000056e-05 1.748624299999999854e-02 1.708929000000000090e-03 -4.942240999999999995e-03 5.410210000000000366e-04 9.999861719999999510e-01
1.702688127541034222e+09 -5.367819999999999710e-04 -8.201900000000000195e-05 1.847805500000000017e-02 1.422978999999999997e-03 -8.087699000000000277e-03 7.644420000000000512e-04 9.999660249999999806e-01
1.702688127786697626e+09 -5.273329999999999467e-04 -3.234400000000000068e-05 1.972576599999999875e-02 1.443344999999999958e-03 -1.661455599999999908e-02 9.272580000000000319e-04 9.998605250000000000e-01
1.702688128041109324e+09 -6.186409999999999609e-04 -1.242399999999999997e-05 2.090466200000000094e-02 2.428266000000000105e-03 -1.877371200000000143e-02 9.331639999999999987e-04 9.998203519999999678e-01
1.702688128287231445e+09 -6.308180000000000037e-04 -6.628699999999999740e-05 2.208881299999999881e-02 2.961179999999999889e-03 -1.732426100000000052e-02 -8.470660000000000515e-04 9.998452070000000136e-01
1.702688128496362686e+09 -6.875120000000000406e-04 -2.646099999999999958e-05 2.300997999999999932e-02 3.817997999999999965e-03 -1.861150599999999988e-02 4.025640000000000034e-04 9.998194580000000498e-01
1.702688128746195316e+09 -7.973960000000000206e-04 -3.039599999999999832e-05 2.428817399999999918e-02 2.077725999999999792e-03 -2.800169599999999953e-02 -3.773040000000000183e-04 9.996056559999999536e-01
1.702688129040646076e+09 -9.905999999999999008e-04 -4.970199999999999949e-05 2.567318299999999873e-02 3.010478000000000025e-03 -3.065836799999999834e-02 -7.436200000000000394e-05 9.995254279999999936e-01
1.702688129331941605e+09 -9.387659999999999495e-04 -6.352600000000000130e-05 2.702719500000000039e-02 4.189347000000000383e-03 -2.618581400000000170e-02 1.918549999999999986e-04 9.996483330000000000e-01
1.702688129575747728e+09 -9.775020000000001017e-04 -8.213200000000000578e-05 2.822652499999999884e-02 4.973547000000000037e-03 -2.537205099999999963e-02 6.506370000000000252e-04 9.996654990000000129e-01
1.702688129868022680e+09 -9.807489999999999437e-04 -1.018739999999999940e-04 2.965928099999999915e-02 3.030759999999999964e-03 -3.069504400000000119e-02 2.081383000000000018e-03 9.995220299999999503e-01
1.702688130158436775e+09 -1.151303999999999913e-03 -3.063099999999999861e-05 3.112734500000000071e-02 1.351191000000000067e-03 -3.236171999999999660e-02 2.387991999999999806e-03 9.994724990000000142e-01
1.702688130450954437e+09 -1.177253000000000067e-03 4.248799999999999707e-05 3.251875600000000283e-02 3.857730000000000078e-04 -2.789754800000000118e-02 3.435871999999999971e-03 9.996048210000000322e-01
1.702688130783398628e+09 -1.244316000000000085e-03 8.823700000000000239e-05 3.413250999999999785e-02 -1.274413000000000065e-03 -2.464671599999999907e-02 3.918974999999999889e-03 9.996877309999999683e-01
1.702688131074332476e+09 -1.184705999999999997e-03 6.758599999999999970e-05 3.553323099999999846e-02 -1.636733000000000025e-03 -2.137385099999999927e-02 3.352248999999999854e-03 9.997646209999999645e-01
1.702688131407266617e+09 -1.276114999999999975e-03 3.282300000000000067e-05 3.709558799999999879e-02 -2.919379999999999957e-04 -1.219597600000000073e-02 2.856337999999999933e-03 9.999215599999999871e-01
1.702688131703373194e+09 -1.218476000000000021e-03 5.900099999999999973e-05 3.849370800000000148e-02 -4.996720000000000501e-04 -8.718688000000000479e-03 2.450783000000000215e-03 9.999588729999999703e-01
1.702688132034559488e+09 -9.666870000000000367e-04 9.602899999999999826e-05 4.003638000000000335e-02 2.377029999999999974e-04 -2.915526999999999789e-03 2.305036999999999798e-03 9.999930860000000310e-01
1.702688132376459122e+09 -9.743900000000000000e-04 5.613299999999999941e-05 4.162317900000000320e-02 8.695900000000000548e-05 -2.125412000000000134e-03 2.050515000000000150e-03 9.999956490000000420e-01
1.702688132698576212e+09 -1.053960999999999960e-03 8.398400000000000093e-05 4.322087000000000151e-02 -1.360160000000000069e-04 -1.034614000000000106e-03 1.715881000000000047e-03 9.999979730000000400e-01
1.702688133074693680e+09 -1.066611999999999985e-03 6.527999999999999840e-05 4.492041799999999668e-02 2.240799999999999959e-05 1.685299999999999941e-05 1.500578999999999932e-03 9.999988680000000407e-01
1.702688133491797447e+09 -1.159665000000000045e-03 1.147330000000000008e-04 4.689598799999999956e-02 -1.507784000000000077e-03 -2.394477999999999798e-03 8.040340000000000204e-04 9.999957080000000387e-01
1.702688133868902445e+09 -1.214657999999999970e-03 1.387820000000000004e-04 4.866184999999999955e-02 -2.458908000000000101e-03 -1.512097000000000007e-03 6.839160000000000161e-04 9.999956490000000420e-01
1.702688134242820978e+09 -1.212848000000000094e-03 8.705399999999999694e-05 5.036015099999999883e-02 -8.716000000000000440e-04 -1.092440000000000078e-03 9.932509999999998996e-04 9.999985689999999483e-01
1.702688134662463188e+09 -1.159284999999999916e-03 1.015830000000000064e-04 5.231405399999999872e-02 -2.386926000000000152e-03 -4.490049999999999879e-04 1.004450999999999955e-03 9.999965429999999600e-01
1.702688135074150324e+09 -1.188465000000000094e-03 1.225920000000000080e-04 5.422978500000000257e-02 -2.631510000000000099e-03 1.255723999999999946e-03 1.242456000000000073e-03 9.999949930000000542e-01
1.702688135446045160e+09 -1.165690999999999949e-03 1.102079999999999992e-04 5.589186000000000154e-02 -6.334990000000000412e-04 9.508389999999999811e-04 1.674382000000000084e-03 9.999979730000000400e-01
1.702688135822632551e+09 -1.248945999999999910e-03 9.733799999999999538e-05 5.768923499999999843e-02 -2.201682999999999852e-03 4.724120000000000164e-04 1.212881000000000072e-03 9.999967220000000045e-01
1.702688136196136475e+09 -1.256327999999999915e-03 9.617500000000000669e-05 5.949887300000000073e-02 -2.964174999999999883e-03 4.425522000000000310e-03 -1.920229999999999875e-04 9.999858139999999729e-01
1.702688136615336180e+09 -1.207411000000000031e-03 1.090939999999999960e-04 6.135269599999999823e-02 -1.520127999999999931e-03 1.565961000000000046e-03 9.418299999999999459e-04 9.999971989999999478e-01
1.702688136987335205e+09 -1.176673999999999949e-03 1.340620000000000049e-04 6.309042900000000342e-02 -1.087852000000000046e-03 2.813430999999999918e-03 1.068326000000000085e-03 9.999948739999999781e-01
1.702688137365318060e+09 -1.281968999999999990e-03 8.520400000000000619e-05 6.481468699999999583e-02 -1.082999000000000071e-03 -2.675739999999999803e-03 2.212595999999999834e-03 9.999933840000000407e-01
1.702688137776322603e+09 -1.272998999999999919e-03 1.413370000000000056e-04 6.676050299999999882e-02 -1.690464000000000029e-03 -3.240625999999999923e-03 2.031693000000000214e-03 9.999912979999999729e-01
1.702688138151272774e+09 -1.312145999999999929e-03 8.199600000000000573e-05 6.850497399999999626e-02 -1.634236000000000065e-03 -3.012967999999999983e-03 2.445692000000000178e-03 9.999911790000000078e-01
1.702688138527625322e+09 -1.365399999999999904e-03 1.050889999999999962e-04 7.019296999999999342e-02 -2.226993999999999935e-03 -6.790919000000000295e-03 3.259994999999999907e-03 9.999691250000000142e-01
1.702688139069547892e+09 -1.292416999999999915e-03 1.314230000000000053e-04 7.264716899999999755e-02 7.637469999999999502e-04 1.088544399999999933e-02 2.447500000000000023e-03 9.999374749999999645e-01
1.702688139443001509e+09 -1.173666999999999983e-03 1.292870000000000109e-04 7.435239100000000378e-02 1.678919000000000071e-03 2.996506700000000148e-02 1.999055999999999923e-03 9.995476009999999523e-01
1.702688139693775654e+09 -1.101793000000000000e-03 9.907200000000000284e-05 7.550291000000000641e-02 2.029358000000000203e-03 4.168529099999999932e-02 7.290830000000000531e-04 9.991284609999999677e-01
1.702688139946239710e+09 -9.928980000000000878e-04 5.558499999999999720e-05 7.663754400000000189e-02 1.248608999999999917e-03 5.259435300000000341e-02 2.460372000000000167e-03 9.986121650000000516e-01
1.702688140108269453e+09 -8.698109999999999566e-04 9.115299999999999954e-05 7.739273500000000416e-02 2.179920000000000121e-03 6.021287300000000009e-02 1.441419999999999898e-03 9.981821779999999755e-01
1.702688140650528193e+09 -3.910559999999999774e-04 1.086989999999999972e-04 7.980221499999999579e-02 1.797418999999999970e-03 8.362930999999999837e-02 1.991592999999999836e-03 9.964933400000000052e-01
1.702688141026492596e+09 -1.932000000000000137e-05 1.175450000000000003e-04 8.143332600000000032e-02 4.682059999999999824e-04 9.687618200000000512e-02 4.071293000000000134e-03 9.952880139999999987e-01
1.702688141192160606e+09 7.674600000000000009e-05 1.858779999999999981e-04 8.211171600000000126e-02 1.428618999999999896e-03 1.014962870000000045e-01 3.493977000000000107e-03 9.948287609999999503e-01
1.702688141401331425e+09 2.971200000000000013e-04 1.715169999999999911e-04 8.298358299999999965e-02 2.288348999999999852e-03 1.009958160000000021e-01 3.663240999999999806e-03 9.948775170000000445e-01
1.702688141569413900e+09 4.718960000000000233e-04 2.063859999999999989e-04 8.364356300000000410e-02 2.018830000000000104e-03 1.013376559999999982e-01 3.049132999999999878e-03 9.948453900000000516e-01
1.702688141773550987e+09 6.485780000000000234e-04 1.612809999999999895e-04 8.439888800000000524e-02 1.717056000000000008e-03 9.748048300000000665e-02 3.524930999999999811e-03 9.952297209999999561e-01
1.702688142194231987e+09 7.037109999999999850e-04 1.208540000000000054e-04 8.627872200000000213e-02 1.632292999999999938e-03 9.165090300000000578e-02 3.034058999999999975e-03 9.957852360000000180e-01
1.702688142523002625e+09 8.908800000000000356e-04 1.169319999999999979e-04 8.725129099999999471e-02 2.395812000000000202e-03 9.051173899999999384e-02 2.456227000000000063e-03 9.958894849999999632e-01
1.702688143066117048e+09 1.313790999999999917e-03 8.953500000000000250e-05 8.902784399999999487e-02 1.179149999999999903e-03 8.889424099999999884e-02 2.838923000000000141e-03 9.960363509999999865e-01
1.702688143274113178e+09 1.393034000000000026e-03 1.327889999999999919e-04 8.966070399999999385e-02 1.119792000000000096e-03 8.777904499999999999e-02 2.600153999999999920e-03 9.961360099999999607e-01
1.702688143445621490e+09 1.421354000000000107e-03 1.244729999999999990e-04 9.021858100000000602e-02 1.191984000000000099e-03 8.654224900000000165e-02 2.158156000000000050e-03 9.962451460000000258e-01
1.702688143650027752e+09 1.450258000000000059e-03 1.213340000000000008e-04 9.088136300000000667e-02 1.201255000000000031e-03 8.453042800000000467e-02 1.367469000000000063e-03 9.964192509999999503e-01
1.702688144230925322e+09 1.866391999999999921e-03 5.905400000000000075e-05 9.271459999999999424e-02 9.139940000000000044e-04 8.500336099999999950e-02 2.316931999999999846e-03 9.963775870000000090e-01
1.702688144564672470e+09 2.112168000000000205e-03 2.674199999999999909e-05 9.376121299999999603e-02 1.336956999999999946e-03 8.443462799999999768e-02 1.674834999999999952e-03 9.964267610000000497e-01
1.702688144898040533e+09 2.321468000000000143e-03 3.647099999999999691e-05 9.483947600000000588e-02 1.924301000000000006e-03 8.987220399999999720e-02 2.456513000000000013e-03 9.959484339999999936e-01
1.702688145104768753e+09 2.512329000000000211e-03 6.455300000000000350e-05 9.551683800000000668e-02 2.215097999999999980e-03 9.278403200000000239e-02 1.951541999999999904e-03 9.956818819999999626e-01
1.702688145313872576e+09 2.651301000000000005e-03 9.180900000000000139e-05 9.623235500000000553e-02 1.510779000000000072e-03 9.417271600000000353e-02 1.950714000000000094e-03 9.955528380000000510e-01
1.702688145522630453e+09 2.706790000000000151e-03 8.352200000000000433e-05 9.687980999999999676e-02 1.550114999999999913e-03 9.314222599999999463e-02 1.801304000000000100e-03 9.956499930000000109e-01
1.702688145729303598e+09 2.876996000000000154e-03 8.136500000000000449e-05 9.750232100000000290e-02 6.294960000000000052e-04 9.087360699999999514e-02 2.082276999999999999e-03 9.958601000000000258e-01
1.702688146146174431e+09 3.061499999999999985e-03 9.732400000000000534e-05 9.886272299999999957e-02 2.923619000000000131e-03 7.192753300000000183e-02 1.405896000000000012e-03 9.974045750000000155e-01
1.702688146354391813e+09 3.311524000000000151e-03 8.384200000000000127e-05 9.948204500000000505e-02 3.419627000000000170e-03 6.330539300000000147e-02 7.989030000000000046e-04 9.979880450000000458e-01
1.702688146525763988e+09 3.389692000000000139e-03 8.127499999999999688e-05 9.999566499999999747e-02 2.465896999999999881e-03 5.700453700000000096e-02 1.008603000000000060e-03 9.983703489999999903e-01
1.702688146728772402e+09 3.377933000000000064e-03 8.534500000000000365e-05 1.007175220000000038e-01 1.455048999999999926e-03 4.690463799999999850e-02 -6.576629999999999542e-04 9.988980889999999890e-01
1.702688146978892803e+09 3.491730000000000181e-03 1.237640000000000029e-04 1.015329809999999944e-01 -6.337390000000000254e-04 3.628946499999999992e-02 -8.266490000000000470e-04 9.993408320000000122e-01
1.702688147147459984e+09 3.491807999999999891e-03 1.372040000000000098e-04 1.020891290000000007e-01 9.694709999999999613e-04 4.817793499999999812e-02 -7.115220000000000225e-04 9.988380669999999961e-01
1.702688147395023823e+09 3.527773000000000107e-03 1.221170000000000100e-04 1.027983130000000023e-01 2.445329999999999900e-03 5.674797300000000017e-02 2.623050000000000034e-04 9.983855489999999833e-01
1.702688147655577183e+09 3.666485000000000143e-03 1.234929999999999915e-04 1.033510640000000064e-01 1.623630999999999946e-03 6.051201700000000128e-02 -9.411799999999999572e-05 9.981662030000000296e-01
1.702688147938467026e+09 3.760185000000000090e-03 1.388989999999999995e-04 1.041967270000000029e-01 4.361850000000000124e-04 6.010747300000000154e-02 -9.215360000000000348e-04 9.981914160000000535e-01
1.702688148186747313e+09 3.786326999999999922e-03 1.381610000000000075e-04 1.049072219999999944e-01 9.201900000000000108e-05 6.070416399999999796e-02 -6.840519999999999890e-04 9.981555939999999794e-01
1.702688148476681709e+09 3.833970999999999820e-03 1.184409999999999998e-04 1.056754659999999957e-01 1.200394999999999934e-03 6.223581400000000041e-02 -7.455899999999999681e-04 9.980604650000000078e-01
1.702688148768627644e+09 3.889347000000000030e-03 1.370730000000000071e-04 1.064568310000000018e-01 1.654885000000000037e-03 6.210525000000000073e-02 -6.471190000000000362e-04 9.980680349999999645e-01
1.702688149025489807e+09 4.023515000000000078e-03 1.045660000000000014e-04 1.071593690000000043e-01 2.037363999999999842e-03 6.258239599999999847e-02 -2.838830000000000194e-04 9.980376960000000297e-01
1.702688149310498476e+09 4.147630000000000240e-03 1.422349999999999960e-04 1.079727189999999948e-01 2.229989999999999837e-03 6.392452899999999383e-02 -3.801780000000000046e-04 9.979521630000000032e-01
1.702688149558710337e+09 4.085369000000000153e-03 1.223999999999999936e-04 1.086151380000000000e-01 3.076231000000000017e-03 6.356877099999999614e-02 8.141500000000000570e-05 9.979727269999999484e-01
1.702688149974812746e+09 4.315531000000000054e-03 1.337959999999999909e-04 1.098136599999999935e-01 2.819288999999999996e-03 6.478079400000000265e-02 3.690160000000000055e-04 9.978954789999999742e-01
1.702688150433784485e+09 4.511392000000000353e-03 1.055459999999999954e-04 1.111061869999999951e-01 3.665489000000000074e-03 6.894613800000000403e-02 3.474179999999999998e-04 9.976136089999999568e-01
1.702688150975797653e+09 4.773394999999999722e-03 5.929300000000000304e-05 1.126929670000000050e-01 3.234669999999999820e-03 7.302437700000000143e-02 1.100655999999999987e-03 9.973242879999999477e-01
1.702688151350380659e+09 4.968204999999999844e-03 8.699899999999999832e-05 1.137973290000000026e-01 1.726515000000000081e-03 7.590121800000000640e-02 -8.254490000000000178e-04 9.971135260000000278e-01
1.702688151723624706e+09 5.105306000000000427e-03 8.484799999999999807e-05 1.148843840000000061e-01 1.474450000000000088e-04 7.729045299999999508e-02 -8.146269999999999510e-04 9.970083239999999458e-01
1.702688152227737665e+09 5.358105999999999633e-03 3.007799999999999900e-05 1.163144110000000064e-01 1.547411000000000056e-03 7.964526900000000464e-02 -8.096880000000000310e-04 9.968217609999999729e-01
1.702688152681483746e+09 5.610676999999999678e-03 1.200659999999999987e-04 1.176882759999999944e-01 4.475840000000000027e-04 8.801020699999999308e-02 -3.088094999999999903e-03 9.961147310000000310e-01
1.702688153099293709e+09 5.852549999999999766e-03 1.117850000000000012e-04 1.188710109999999986e-01 1.371171000000000022e-03 1.020255159999999967e-01 -1.759333000000000077e-03 9.947793480000000077e-01
1.702688153597759724e+09 6.232820000000000027e-03 9.628099999999999517e-05 1.202961580000000003e-01 1.979634999999999988e-03 1.123435120000000065e-01 -2.703787999999999938e-03 9.936637879999999923e-01
1.702688154099971771e+09 6.542306000000000336e-03 7.966000000000000641e-05 1.217203590000000002e-01 2.104879999999999945e-03 1.109953820000000035e-01 -3.123487999999999785e-03 9.938138130000000459e-01
1.702688154598923445e+09 6.797822999999999713e-03 8.537000000000000426e-05 1.231050040000000040e-01 4.175329000000000193e-03 1.030761969999999944e-01 -4.062529999999999961e-03 9.946564439999999729e-01
1.702688155097371340e+09 7.044901000000000114e-03 1.046960000000000018e-04 1.245441729999999941e-01 3.873300000000000094e-03 8.588356499999999505e-02 -3.609915999999999906e-03 9.962911009999999568e-01
1.702688155554292440e+09 7.229987000000000219e-03 1.086739999999999966e-04 1.258487849999999908e-01 1.114339999999999905e-03 7.372845699999999725e-02 -4.452605000000000104e-03 9.972678419999999599e-01
1.702688156013141870e+09 7.322284000000000084e-03 1.006800000000000051e-04 1.271320730000000121e-01 3.079399999999999688e-05 5.437917600000000129e-02 -3.406433999999999851e-03 9.985145330000000374e-01
1.702688156638221264e+09 7.363818000000000273e-03 1.282049999999999965e-04 1.288271249999999868e-01 2.155106999999999856e-03 2.552760000000000098e-02 -5.009969999999999875e-03 9.996592399999999490e-01
1.702688157137738228e+09 7.375940000000000100e-03 7.139099999999999461e-05 1.303268370000000009e-01 4.654090000000000158e-04 2.542229999999999924e-03 -2.956990000000000052e-03 9.999923109999999671e-01
1.702688157636494398e+09 7.241702000000000035e-03 1.152059999999999944e-04 1.318006660000000108e-01 -1.872268000000000066e-03 -2.193386500000000031e-02 -4.325100999999999599e-03 9.997483489999999806e-01
1.702688158136134386e+09 7.129731999999999736e-03 1.062590000000000003e-04 1.332498490000000035e-01 -2.270723000000000099e-03 -2.756087999999999941e-02 -5.462382000000000001e-03 9.996026159999999994e-01
1.702688158552083254e+09 7.117626999999999635e-03 1.311290000000000112e-04 1.344513449999999999e-01 -5.812560000000000469e-04 -2.390511700000000003e-02 -4.415798000000000292e-03 9.997043610000000413e-01
1.702688159135775089e+09 7.023012999999999825e-03 1.488500000000000131e-04 1.361236130000000044e-01 -3.071139999999999873e-04 -2.235917899999999986e-02 -4.660458999999999609e-03 9.997391100000000419e-01
1.702688159551476717e+09 6.890786000000000307e-03 1.525560000000000078e-04 1.373131280000000065e-01 -7.820639999999999580e-04 -3.151416800000000212e-02 -3.692178999999999860e-03 9.994962219999999897e-01
1.702688160021692991e+09 6.846795000000000138e-03 1.698120000000000066e-04 1.386662720000000071e-01 -1.561181999999999934e-03 -3.694245200000000062e-02 -4.240604000000000248e-03 9.993071559999999742e-01
1.702688160552303314e+09 6.881390000000000250e-03 2.168530000000000056e-04 1.402297319999999958e-01 -6.934340000000000425e-04 -2.633112699999999931e-02 -4.906770000000000402e-03 9.996410009999999735e-01
1.702688161548185349e+09 6.816660000000000427e-03 1.335289999999999882e-04 1.429608019999999979e-01 1.061581999999999934e-03 -5.789769999999999639e-03 -3.392974999999999897e-03 9.999769330000000123e-01
1.702688162047826290e+09 6.866927999999999574e-03 1.466550000000000113e-04 1.443262399999999945e-01 1.624349999999999991e-04 -2.462659999999999762e-04 -3.562965999999999876e-03 9.999936219999999709e-01
1.702688162630950689e+09 6.849425999999999605e-03 1.846940000000000040e-04 1.459897159999999916e-01 1.369169999999999903e-04 2.990156999999999798e-03 -3.404635999999999947e-03 9.999897479999999561e-01
1.702688162964783669e+09 6.897620000000000140e-03 1.930129999999999899e-04 1.469543580000000071e-01 7.714039999999999482e-04 8.412345999999999366e-03 -2.598885999999999905e-03 9.999609590000000381e-01
1.702688163254687786e+09 6.823102999999999634e-03 2.042050000000000007e-04 1.477062700000000006e-01 6.707040000000000484e-04 1.523131699999999943e-02 -4.270958000000000046e-03 9.998746509999999477e-01
1.702688163547879696e+09 6.833024000000000042e-03 1.933949999999999873e-04 1.485245970000000082e-01 4.499190000000000134e-04 2.051666900000000127e-02 -3.848793000000000093e-03 9.997820259999999903e-01
1.702688163843146563e+09 6.857198000000000113e-03 2.082870000000000066e-04 1.492910679999999990e-01 8.981969999999999928e-04 2.435017600000000115e-02 -4.397601999999999588e-03 9.996933940000000129e-01
1.702688164379655361e+09 6.802685999999999629e-03 2.170300000000000007e-04 1.507722139999999877e-01 2.923568000000000087e-03 3.848980400000000246e-02 -3.267013999999999942e-03 9.992493989999999826e-01
1.702688164962179899e+09 7.007539000000000129e-03 2.331210000000000064e-04 1.525098380000000087e-01 7.252969999999999643e-04 3.087123699999999929e-02 -4.107514999999999951e-03 9.995146990000000065e-01
1.702688165298255444e+09 7.032756000000000250e-03 2.413849999999999937e-04 1.533234119999999923e-01 1.907707999999999930e-03 3.250276700000000185e-02 -5.835143000000000101e-03 9.994528289999999870e-01
1.702688165673175335e+09 7.145180000000000108e-03 3.391719999999999978e-04 1.542899610000000032e-01 1.367394999999999982e-03 2.925786000000000012e-02 -4.975003999999999885e-03 9.995585679999999806e-01
1.702688166003127813e+09 7.269471999999999913e-03 1.867810000000000130e-04 1.550755349999999866e-01 7.900140000000000157e-04 2.986173300000000141e-02 -4.303500000000000034e-03 9.995445010000000297e-01
1.702688166671587467e+09 7.192386999999999739e-03 2.094669999999999920e-04 1.566107419999999972e-01 5.173159999999999781e-04 3.355255399999999832e-02 -7.309529000000000373e-03 9.994100930000000549e-01
1.702688167127230883e+09 7.237791999999999837e-03 2.265000000000000032e-04 1.576963510000000124e-01 -8.292430000000000157e-04 4.652333300000000005e-02 -6.872361999999999915e-03 9.988932010000000083e-01
1.702688167463767052e+09 7.267909000000000348e-03 2.261700000000000114e-04 1.584671440000000042e-01 -9.754099999999999327e-05 5.869761899999999949e-02 -6.366771000000000236e-03 9.982555509999999632e-01
1.702688167794887781e+09 7.199238000000000165e-03 2.222930000000000077e-04 1.590766760000000002e-01 -9.589520000000000032e-04 6.352531200000000045e-02 -6.280014000000000429e-03 9.979600309999999697e-01
1.702688168126827478e+09 7.230570000000000400e-03 2.113899999999999937e-04 1.597107050000000084e-01 -1.019146999999999978e-03 7.247285500000000269e-02 -5.073793000000000053e-03 9.973570109999999600e-01
1.702688168459572554e+09 7.226312999999999834e-03 2.203849999999999982e-04 1.601476370000000093e-01 -1.099609000000000090e-03 7.836976599999999349e-02 -6.102179999999999584e-03 9.969050879999999948e-01
1.702688168709669590e+09 7.216165000000000079e-03 2.319300000000000105e-04 1.604697850000000037e-01 -5.072180000000000352e-04 8.323529400000000134e-02 -7.982169000000000764e-03 9.964978690000000361e-01
1.702688169004211426e+09 7.285747000000000403e-03 2.387330000000000062e-04 1.609811190000000058e-01 7.017489999999999926e-04 9.067769300000000365e-02 -5.248631999999999603e-03 9.958662390000000419e-01
1.702688169249728918e+09 7.302603999999999866e-03 2.424749999999999985e-04 1.614723210000000020e-01 1.649630000000000128e-04 9.830652199999999341e-02 -5.225073999999999691e-03 9.951424599999999510e-01
1.702688169513985634e+09 7.320362000000000396e-03 2.433579999999999966e-04 1.620837750000000133e-01 8.078490000000000237e-04 1.086232959999999942e-01 -5.403810000000000210e-03 9.940679669999999968e-01
1.702688169753377438e+09 7.395152000000000322e-03 1.943609999999999912e-04 1.625992950000000048e-01 -1.167108000000000034e-03 1.176691579999999959e-01 -8.333382999999999763e-03 9.930171970000000181e-01
1.702688169999019146e+09 7.332939999999999597e-03 1.604789999999999927e-04 1.632392410000000071e-01 -1.657962999999999928e-03 1.293000729999999876e-01 -6.849560999999999671e-03 9.915804860000000387e-01
1.702688170209553242e+09 7.338916000000000016e-03 1.964459999999999958e-04 1.637737599999999905e-01 8.404239999999999888e-04 1.385722759999999942e-01 -6.454534999999999960e-03 9.903309350000000233e-01
1.702688170457205057e+09 7.383322999999999796e-03 1.860200000000000113e-04 1.644866909999999904e-01 1.260197000000000010e-03 1.523489060000000062e-01 -4.020168999999999652e-03 9.883177880000000304e-01
1.702688170669401646e+09 7.457306999999999825e-03 2.249300000000000030e-04 1.650290040000000069e-01 1.651076999999999927e-03 1.626781670000000124e-01 -7.485046000000000407e-03 9.866494540000000368e-01
1.702688170874715567e+09 7.468550000000000015e-03 2.247829999999999924e-04 1.653014120000000087e-01 1.021704000000000015e-03 1.671370120000000015e-01 -6.168504000000000001e-03 9.859138729999999962e-01
1.702688171124127626e+09 7.465562999999999713e-03 2.288450000000000087e-04 1.659581659999999903e-01 2.282497999999999992e-03 1.800109739999999903e-01 -4.440926999999999895e-03 9.836519360000000045e-01
1.702688171372530699e+09 7.474910999999999882e-03 2.335150000000000029e-04 1.664192529999999892e-01 2.437372000000000150e-03 1.869253810000000016e-01 -3.850589000000000182e-03 9.823635819999999574e-01
1.702688171582180500e+09 7.451211999999999593e-03 2.519619999999999976e-04 1.667776109999999923e-01 8.278569999999999852e-04 1.909335259999999923e-01 -4.546768999999999984e-03 9.815921189999999852e-01
1.702688171794564009e+09 7.331668999999999860e-03 2.055829999999999865e-04 1.671906559999999931e-01 2.179340000000000042e-04 1.984310900000000044e-01 -4.056416999999999662e-03 9.801064130000000096e-01
1.702688171998087168e+09 7.128197000000000179e-03 7.603100000000000440e-05 1.671896730000000109e-01 -3.536075000000000069e-03 1.975381519999999946e-01 -4.489372000000000154e-03 9.802785520000000252e-01
1.702688172207362890e+09 6.755910999999999861e-03 -8.282800000000000047e-05 1.674173029999999895e-01 -7.441462000000000250e-03 2.003573919999999953e-01 -4.683731000000000005e-03 9.796834589999999787e-01
1.702688172415469408e+09 6.764522000000000243e-03 -1.101459999999999988e-04 1.675921380000000016e-01 -8.041754999999999390e-03 2.025693799999999933e-01 -5.745697000000000131e-03 9.792180660000000536e-01
1.702688172621777773e+09 6.556394000000000111e-03 -1.219470000000000032e-04 1.678626089999999960e-01 -8.316412000000000457e-03 2.035644650000000000e-01 -6.674943000000000022e-03 9.790034890000000045e-01
1.702688174496716976e+09 6.678243999999999847e-03 2.251689999999999985e-04 1.704601500000000047e-01 -2.479409000000000127e-03 3.756507099999999849e-02 -1.629861999999999934e-03 9.992898110000000278e-01
1.702688174749397755e+09 6.519711000000000083e-03 3.198170000000000179e-04 1.708780679999999941e-01 -2.472160000000000264e-04 1.980328199999999844e-02 -2.677169000000000076e-03 9.998002649999999658e-01
1.702688174957649946e+09 6.630931999999999972e-03 3.498929999999999922e-04 1.712985340000000023e-01 5.866930000000000018e-04 6.580579999999999936e-04 -2.599573999999999895e-03 9.999962449999999503e-01
1.702688175585099220e+09 7.063897999999999879e-03 3.684660000000000192e-04 1.725031880000000017e-01 9.252140000000000494e-04 -5.529918100000000281e-02 -2.127813000000000100e-03 9.984671470000000548e-01
1.702688175746827364e+09 7.058354000000000190e-03 3.429120000000000128e-04 1.726195070000000054e-01 -1.259080000000000095e-03 -5.977729700000000007e-02 -2.751946999999999813e-03 9.982071519999999865e-01
1.702688175910892725e+09 7.128775000000000389e-03 3.076430000000000223e-04 1.728435010000000105e-01 -3.855370999999999798e-03 -6.901492200000000632e-02 -3.433723000000000070e-03 9.976022839999999503e-01
1.702688176244094372e+09 7.188606999999999636e-03 2.846769999999999986e-04 1.733337789999999934e-01 -7.601283000000000345e-03 -8.916849599999999987e-02 -3.442693000000000142e-03 9.959816339999999490e-01
1.702688176784389257e+09 7.483553999999999901e-03 5.099200000000000239e-05 1.740483049999999865e-01 -1.544076999999999950e-02 -1.221880989999999945e-01 -9.820979000000000514e-03 9.923382400000000381e-01
1.702688176958643913e+09 7.462822000000000032e-03 5.190400000000000314e-05 1.742011310000000091e-01 -1.599133399999999941e-02 -1.293596630000000136e-01 -1.032269700000000047e-02 9.914150240000000336e-01
1.702688177162247181e+09 7.430906999999999617e-03 3.537600000000000147e-05 1.742396800000000079e-01 -1.665817600000000023e-02 -1.304396989999999923e-01 -1.063118099999999996e-02 9.912592770000000497e-01
1.702688177369846106e+09 7.419944000000000366e-03 2.499599999999999920e-05 1.742890920000000066e-01 -1.793758599999999842e-02 -1.295316220000000129e-01 -1.068644900000000064e-02 9.913554190000000155e-01
1.702688177747878075e+09 7.345462999999999992e-03 1.273299999999999989e-05 1.744260790000000116e-01 -1.968074200000000107e-02 -1.331226229999999955e-01 -1.132634599999999929e-02 9.908394219999999697e-01
1.702688178164684772e+09 7.249466000000000417e-03 1.804099999999999888e-05 1.746243829999999941e-01 -2.046057000000000084e-02 -1.409130690000000019e-01 -1.271933400000000054e-02 9.897288079999999599e-01
1.702688178786367416e+09 7.094730999999999954e-03 3.074300000000000025e-05 1.749115290000000100e-01 -2.183313500000000004e-02 -1.615733059999999999e-01 -1.359811399999999969e-02 9.865254759999999568e-01
1.702688178992054939e+09 7.050650000000000320e-03 3.302800000000000294e-05 1.750025450000000093e-01 -2.199441200000000138e-02 -1.701042650000000045e-01 -1.304325299999999944e-02 9.850942489999999774e-01
1.702688179202244759e+09 6.995509999999999923e-03 3.221100000000000043e-05 1.750979719999999906e-01 -2.370277399999999937e-02 -1.774313899999999944e-01 -1.291937200000000015e-02 9.837628600000000167e-01
1.702688179574778080e+09 6.892487000000000093e-03 4.220099999999999795e-05 1.752683519999999884e-01 -2.269588399999999950e-02 -1.916976720000000134e-01 -1.510563699999999988e-02 9.810752870000000181e-01
1.702688179992841244e+09 6.784501000000000073e-03 3.569500000000000299e-05 1.754602339999999927e-01 -2.673891000000000115e-02 -2.088621559999999933e-01 -1.381949700000000003e-02 9.774818419999999897e-01
1.702688180159703016e+09 6.739377000000000388e-03 2.135000000000000057e-05 1.755294649999999956e-01 -2.692763299999999943e-02 -2.153799530000000129e-01 -1.476016299999999976e-02 9.760473969999999833e-01
1.702688180574746847e+09 6.591477999999999574e-03 2.627000000000000090e-05 1.757068930000000029e-01 -2.669857399999999922e-02 -2.294790449999999926e-01 -1.522131099999999952e-02 9.728282689999999677e-01
1.702688180990787029e+09 6.440758000000000420e-03 4.572099999999999813e-05 1.759039460000000055e-01 -2.818991100000000152e-02 -2.499383239999999895e-01 -1.391443000000000020e-02 9.677512649999999716e-01
1.702688181199486017e+09 6.358166999999999638e-03 4.733099999999999797e-05 1.759710760000000040e-01 -2.739399899999999874e-02 -2.574606240000000268e-01 -1.396501300000000008e-02 9.657994509999999755e-01
1.702688181407511950e+09 6.313135000000000101e-03 3.964400000000000194e-05 1.760206519999999997e-01 -2.786586799999999850e-02 -2.667069730000000138e-01 -1.368747300000000035e-02 9.632775190000000265e-01
1.702688181620156527e+09 6.258338999999999916e-03 4.487199999999999999e-05 1.760740430000000134e-01 -2.906074700000000136e-02 -2.755563260000000181e-01 -1.281674300000000023e-02 9.607600570000000006e-01
1.702688181824705362e+09 6.183501000000000102e-03 4.751699999999999923e-05 1.761589940000000132e-01 -3.118682700000000030e-02 -2.843793030000000277e-01 -1.275132600000000033e-02 9.581196309999999716e-01
1.702688182041749716e+09 6.154139999999999784e-03 3.593099999999999869e-05 1.761940270000000031e-01 -3.401810300000000092e-02 -2.945626379999999878e-01 -1.447729700000000008e-02 9.549167750000000510e-01
1.702688182282747746e+09 6.112947999999999993e-03 4.048800000000000267e-05 1.762589220000000123e-01 -3.792156299999999841e-02 -3.073160950000000113e-01 -1.801900899999999903e-02 9.506808519999999652e-01
1.702688182449779272e+09 6.083357999999999648e-03 4.036700000000000162e-05 1.762877700000000103e-01 -3.834749800000000070e-02 -3.140446539999999787e-01 -1.966599700000000103e-02 9.484295849999999639e-01
1.702688182657080412e+09 6.034053999999999633e-03 5.397799999999999717e-05 1.763128039999999896e-01 -3.666130499999999820e-02 -3.232281510000000191e-01 -1.658055900000000166e-02 9.454652669999999981e-01
1.702688182866460323e+09 5.999469999999999803e-03 5.644199999999999933e-05 1.763447079999999889e-01 -3.811930899999999706e-02 -3.341417609999999816e-01 -1.638121500000000105e-02 9.416092040000000329e-01
1.702688183115879536e+09 5.965714999999999907e-03 5.853800000000000095e-05 1.763756280000000065e-01 -3.938459999999999878e-02 -3.480016289999999790e-01 -1.639065699999999945e-02 9.365229010000000187e-01
1.702688183326176405e+09 5.949038999999999716e-03 5.480999999999999870e-05 1.763902009999999965e-01 -4.166685800000000106e-02 -3.606543839999999945e-01 -1.650993300000000094e-02 9.316220880000000149e-01
1.702688183571993589e+09 5.928654000000000215e-03 5.857999999999999818e-05 1.764063839999999994e-01 -4.176273199999999686e-02 -3.793945910000000032e-01 -1.572326400000000068e-02 9.241582160000000323e-01
1.702688183780685425e+09 5.913708000000000159e-03 6.156599999999999974e-05 1.764187220000000000e-01 -4.077620099999999803e-02 -3.947643940000000184e-01 -1.396165400000000043e-02 9.177709219999999890e-01
1.702688183988583326e+09 5.898612999999999600e-03 6.080000000000000064e-05 1.764287949999999994e-01 -4.393098899999999668e-02 -4.083241819999999800e-01 -1.302073599999999977e-02 9.116863010000000322e-01
1.702688184247132063e+09 5.879007000000000330e-03 6.198300000000000608e-05 1.764438000000000117e-01 -4.439824099999999801e-02 -4.274953309999999784e-01 -1.260305800000000032e-02 9.028387070000000181e-01
1.702688184529604912e+09 5.855746999999999688e-03 6.214100000000000016e-05 1.764577029999999935e-01 -4.625586400000000070e-02 -4.499154089999999884e-01 -1.138402200000000059e-02 8.917998080000000272e-01
1.702688184779060841e+09 5.837611999999999836e-03 6.461000000000000651e-05 1.764708459999999868e-01 -4.642780099999999771e-02 -4.726425109999999874e-01 -9.789363000000000578e-03 8.799759750000000214e-01
1.702688185073422670e+09 5.815490999999999890e-03 6.659400000000000649e-05 1.764816339999999983e-01 -4.494249399999999950e-02 -4.952687029999999768e-01 -7.974270000000000316e-03 8.675399419999999528e-01
1.702688185321039677e+09 5.795604999999999681e-03 6.887099999999999841e-05 1.764917520000000017e-01 -4.497824599999999950e-02 -5.156124829999999548e-01 -5.927062000000000302e-03 8.556200269999999497e-01
1.702688185528451443e+09 5.777746000000000270e-03 7.110300000000000008e-05 1.764999929999999939e-01 -4.640598600000000323e-02 -5.323415400000000020e-01 -5.369521999999999837e-03 8.452396989999999555e-01
1.702688185745023489e+09 5.762286000000000144e-03 7.237399999999999519e-05 1.765083369999999874e-01 -4.692041899999999793e-02 -5.508552190000000071e-01 -5.071746000000000240e-03 8.332654240000000323e-01
1.702688186364480734e+09 5.722627000000000096e-03 7.428299999999999335e-05 1.765197219999999900e-01 -4.723455399999999804e-02 -5.935452580000000200e-01 -3.772366000000000087e-03 8.034044500000000477e-01
1.702688186569126606e+09 5.712435000000000082e-03 7.718100000000000524e-05 1.765196320000000096e-01 -4.636293300000000200e-02 -6.039634350000000484e-01 -2.322494999999999941e-03 7.956590650000000542e-01
1.702688186818877459e+09 5.704879999999999847e-03 7.585100000000000273e-05 1.765222999999999931e-01 -4.543318600000000040e-02 -6.094831819999999567e-01 -1.644024000000000006e-03 7.914944889999999678e-01
1.702688187028751373e+09 5.688503000000000136e-03 7.703800000000000339e-05 1.765266209999999947e-01 -4.752240700000000262e-02 -6.121302840000000245e-01 -3.368869999999999938e-03 7.893204689999999690e-01
1.702688187238864660e+09 5.669460000000000298e-03 7.911699999999999484e-05 1.765326110000000059e-01 -4.792810599999999810e-02 -6.052480340000000458e-01 -3.497605999999999892e-03 7.945851090000000116e-01
1.702688187443505764e+09 5.650938000000000315e-03 8.213800000000000539e-05 1.765387059999999897e-01 -4.680157100000000014e-02 -6.032514570000000464e-01 -3.023830999999999828e-03 7.961709500000000439e-01
1.702688187656476021e+09 5.629450000000000252e-03 8.130699999999999928e-05 1.765406130000000129e-01 -4.786242899999999800e-02 -6.079716680000000206e-01 -4.674361999999999615e-03 7.925009729999999974e-01
1.702688187903101444e+09 5.605772000000000185e-03 8.430899999999999527e-05 1.765484959999999992e-01 -4.743239300000000325e-02 -6.113266939999999483e-01 -2.708942000000000207e-03 7.899509670000000039e-01
1.702688188693451405e+09 5.531280999999999871e-03 9.044900000000000086e-05 1.765687169999999862e-01 -4.618080000000000102e-02 -6.008129119999999768e-01 -3.067999999999999981e-03 7.980487349999999536e-01
1.702688188985489130e+09 5.503178000000000063e-03 9.315899999999999355e-05 1.765771959999999918e-01 -4.658850300000000333e-02 -6.020643119999999904e-01 -2.667965999999999914e-03 7.970827820000000452e-01
1.702688189190366030e+09 5.481347000000000129e-03 9.515300000000000190e-05 1.765798030000000074e-01 -4.677371300000000148e-02 -6.166268590000000271e-01 -1.242323000000000038e-03 7.858639360000000407e-01
1.702688189441761494e+09 5.457922999999999941e-03 9.603700000000000225e-05 1.765843779999999863e-01 -4.747192900000000298e-02 -6.263436079999999961e-01 -2.187613000000000144e-03 7.780973319999999749e-01
1.702688189690997839e+09 5.432829000000000130e-03 9.895500000000000379e-05 1.765885650000000029e-01 -4.679555099999999773e-02 -6.252343059999999619e-01 -3.587583000000000091e-03 7.790246610000000071e-01
1.702688189940470457e+09 5.408986999999999649e-03 1.011139999999999945e-04 1.765935419999999922e-01 -4.683548600000000256e-02 -6.251841780000000348e-01 -4.024772000000000245e-03 7.790603040000000368e-01
1.702688190193979025e+09 5.384042999999999815e-03 1.041309999999999962e-04 1.765981020000000068e-01 -4.682445500000000094e-02 -6.410413379999999606e-01 -2.299420999999999844e-03 7.660731670000000548e-01
1.702688190484710217e+09 5.355447999999999632e-03 1.065359999999999978e-04 1.766012760000000015e-01 -4.495257500000000156e-02 -6.466679570000000155e-01 -2.217295000000000203e-03 7.614426610000000206e-01
1.702688190731891394e+09 5.331859000000000424e-03 1.068199999999999971e-04 1.766053140000000132e-01 -4.560542100000000015e-02 -6.370112300000000394e-01 -3.021228999999999842e-03 7.694982889999999465e-01
1.702688190982280731e+09 5.306660999999999843e-03 1.082070000000000026e-04 1.766121830000000059e-01 -4.682536100000000284e-02 -6.334621910000000078e-01 -2.741024999999999798e-03 7.723507290000000136e-01
1.702688191188974142e+09 5.286812999999999582e-03 1.095519999999999974e-04 1.766139419999999960e-01 -4.730436999999999836e-02 -6.430909630000000154e-01 -1.730449000000000006e-03 7.643253800000000542e-01
1.702688191438739300e+09 5.263165000000000204e-03 1.106610000000000032e-04 1.766170109999999904e-01 -4.682845199999999958e-02 -6.438363190000000458e-01 -1.194264999999999910e-03 7.637280819999999748e-01
1.702688191688300610e+09 5.239635999999999773e-03 1.114960000000000045e-04 1.766223909999999897e-01 -4.644476200000000055e-02 -6.318324210000000329e-01 -3.702649999999999930e-04 7.737122180000000071e-01
1.702688191938365459e+09 5.215733999999999648e-03 1.139029999999999969e-04 1.766295430000000000e-01 -4.646807199999999916e-02 -6.291547419999999891e-01 1.752190000000000041e-04 7.758898739999999794e-01
1.702688192151530743e+09 5.194469999999999643e-03 1.163809999999999958e-04 1.766358460000000130e-01 -4.579496400000000050e-02 -6.184864639999999580e-01 -1.060750000000000034e-04 7.844599490000000452e-01
1.702688192438267469e+09 5.167722999999999935e-03 1.187220000000000061e-04 1.766418070000000118e-01 -4.598060300000000183e-02 -6.120207309999999845e-01 -1.006439000000000032e-03 7.895033360000000000e-01
1.702688192729799986e+09 5.137487999999999951e-03 1.210640000000000051e-04 1.766525509999999910e-01 -4.746681500000000248e-02 -5.966154930000000522e-01 -3.985251999999999892e-03 8.011123540000000265e-01
1.702688193069578648e+09 5.105600000000000069e-03 1.232849999999999962e-04 1.766599120000000023e-01 -4.806408699999999840e-02 -6.030860540000000380e-01 -3.265531999999999810e-03 7.962201239999999736e-01
1.702688193355458021e+09 5.078018000000000115e-03 1.272640000000000067e-04 1.766663940000000044e-01 -4.598076599999999931e-02 -6.120477319999999555e-01 -3.163916000000000124e-03 7.894766330000000387e-01
1.702688193687123299e+09 5.046628000000000051e-03 1.296469999999999871e-04 1.766786579999999884e-01 -4.586929099999999954e-02 -5.971781609999999851e-01 -3.467814000000000053e-03 8.007885219999999471e-01
1.702688194021547079e+09 5.015938999999999641e-03 1.320030000000000031e-04 1.766899080000000066e-01 -4.512500400000000328e-02 -5.864417549999999535e-01 -3.841038000000000178e-03 8.087243440000000394e-01
1.702688194355690956e+09 4.984080999999999581e-03 1.345139999999999932e-04 1.766995189999999993e-01 -4.588040699999999805e-02 -5.854412909999999748e-01 -4.301809999999999662e-03 8.094040750000000006e-01
1.702688194690617800e+09 4.953316999999999616e-03 1.374889999999999977e-04 1.767102180000000022e-01 -4.565141400000000127e-02 -5.798947220000000291e-01 -4.331533999999999732e-03 8.133999109999999755e-01
1.702688194982391596e+09 4.925579000000000242e-03 1.395509999999999925e-04 1.767196060000000013e-01 -4.643448099999999967e-02 -5.834186080000000052e-01 -2.092338999999999918e-03 8.108404280000000020e-01
1.702688195358011246e+09 4.891320999999999690e-03 1.415680000000000107e-04 1.767313480000000103e-01 -4.521952900000000136e-02 -5.765170450000000057e-01 -2.938768999999999930e-03 8.158276079999999819e-01
1.702688195685280085e+09 4.859007999999999730e-03 1.447499999999999948e-04 1.767445800000000122e-01 -4.398734499999999714e-02 -5.682099459999999658e-01 -4.400582000000000105e-03 8.216953280000000026e-01
1.702688196023416281e+09 4.830450000000000021e-03 1.465690000000000124e-04 1.767564709999999983e-01 -4.472578700000000296e-02 -5.660676359999999852e-01 -4.487386000000000326e-03 8.231323959999999884e-01
1.702688196358001471e+09 4.797741999999999805e-03 1.496129999999999921e-04 1.767691080000000081e-01 -4.578566199999999781e-02 -5.550933479999999864e-01 -5.906409999999999959e-03 8.305059670000000116e-01
1.702688196684619188e+09 4.767366000000000312e-03 1.536890000000000120e-04 1.767819370000000001e-01 -4.344343800000000089e-02 -5.453651550000000459e-01 -4.551313000000000407e-03 8.370596169999999780e-01
1.702688197020501137e+09 4.735559000000000296e-03 1.569409999999999870e-04 1.767969279999999921e-01 -4.454494600000000193e-02 -5.306859609999999838e-01 -6.633893000000000081e-03 8.463711739999999484e-01
1.702688197352413654e+09 4.705845999999999640e-03 1.589530000000000077e-04 1.768115909999999902e-01 -4.600096499999999783e-02 -5.193893910000000336e-01 -8.249739000000000724e-03 8.532587289999999935e-01
1.702688197728724957e+09 4.675806000000000233e-03 1.603560000000000076e-04 1.768323629999999924e-01 -4.599304099999999840e-02 -5.038116569999999683e-01 -8.361553000000000735e-03 8.625476960000000304e-01
1.702688198068964243e+09 4.652001000000000226e-03 1.612519999999999936e-04 1.768552959999999952e-01 -4.690496599999999933e-02 -4.904058869999999848e-01 -8.776373000000000507e-03 8.701867460000000110e-01
1.702688198362723827e+09 4.625395000000000027e-03 1.669449999999999949e-04 1.768705100000000086e-01 -4.582721700000000342e-02 -4.770317669999999954e-01 -1.032510399999999988e-02 8.776297570000000103e-01
1.702688198935138702e+09 4.578608999999999978e-03 1.703230000000000022e-04 1.769061389999999900e-01 -4.484081599999999862e-02 -4.555532339999999736e-01 -1.063292199999999951e-02 8.890149000000000523e-01
1.702688199146966696e+09 4.565571000000000039e-03 1.707710000000000087e-04 1.769144830000000113e-01 -4.479043900000000133e-02 -4.511495830000000207e-01 -9.896154000000000756e-03 8.912687900000000329e-01
1.702688199391685724e+09 4.545460999999999772e-03 1.728090000000000051e-04 1.769308890000000078e-01 -4.567490500000000175e-02 -4.446922839999999932e-01 -1.017219500000000020e-02 8.944602010000000103e-01
1.702688199642146349e+09 4.528187000000000358e-03 1.730249999999999909e-04 1.769428550000000100e-01 -4.642891100000000326e-02 -4.396526219999999929e-01 -1.084299900000000073e-02 8.969015479999999929e-01
1.702688199889508724e+09 4.507218000000000335e-03 1.741690000000000057e-04 1.769526299999999996e-01 -4.484053699999999976e-02 -4.342747330000000239e-01 -1.135264300000000080e-02 8.995921019999999491e-01
1.702688200140529394e+09 4.488576000000000198e-03 1.764140000000000087e-04 1.769693340000000059e-01 -4.445852299999999979e-02 -4.375034569999999845e-01 -1.160125000000000045e-02 8.980420829999999910e-01
1.702688200353221655e+09 4.473279999999999618e-03 1.808040000000000124e-04 1.769851889999999872e-01 -4.573820199999999864e-02 -4.402748639999999880e-01 -1.057285600000000027e-02 8.966349959999999619e-01
1.702688200598961830e+09 4.453193000000000255e-03 1.830219999999999970e-04 1.770009849999999996e-01 -4.610324999999999840e-02 -4.430815579999999865e-01 -9.971492999999999676e-03 8.952395319999999490e-01
1.702688200848833799e+09 4.434402999999999956e-03 1.852520000000000078e-04 1.770133969999999890e-01 -4.578418299999999913e-02 -4.465262589999999809e-01 -9.521741000000000232e-03 8.935477139999999929e-01
1.702688201097800016e+09 4.413091000000000062e-03 1.879929999999999872e-04 1.770267490000000110e-01 -4.653996199999999722e-02 -4.565738739999999907e-01 -8.704781999999999451e-03 8.884247539999999832e-01
1.702688201349103689e+09 4.395358000000000251e-03 1.907289999999999962e-04 1.770454350000000010e-01 -4.721837100000000204e-02 -4.684606789999999910e-01 -7.075617000000000191e-03 8.821933269999999716e-01
1.702688201600091934e+09 4.373110999999999839e-03 1.923320000000000010e-04 1.770553139999999914e-01 -4.728213299999999703e-02 -4.694378379999999962e-01 -9.630658999999999748e-03 8.816460369999999935e-01
1.702688201888041019e+09 4.349612000000000096e-03 1.960219999999999877e-04 1.770719440000000089e-01 -4.711420799999999770e-02 -4.680443699999999874e-01 -9.964657999999999502e-03 8.823919300000000465e-01
1.702688202097540617e+09 4.332467999999999909e-03 1.977960000000000015e-04 1.770829260000000016e-01 -4.796144000000000102e-02 -4.696621300000000110e-01 -9.880177000000000404e-03 8.814871309999999793e-01
1.702688202564944267e+09 4.293985999999999637e-03 2.015080000000000094e-04 1.771067080000000016e-01 -4.775303999999999660e-02 -4.773024020000000145e-01 -9.152488000000000290e-03 8.773929480000000058e-01
1.702688202808984041e+09 4.274598999999999586e-03 2.048119999999999899e-04 1.771204919999999905e-01 -4.740925099999999948e-02 -4.752311710000000078e-01 -9.691645999999999941e-03 8.785293100000000077e-01
1.702688203097716808e+09 4.248581999999999879e-03 2.077520000000000126e-04 1.771335149999999914e-01 -4.715492200000000189e-02 -4.660663010000000162e-01 -1.104636600000000017e-02 8.834232090000000426e-01
1.702688203307215929e+09 4.233606000000000001e-03 2.072610000000000066e-04 1.771437080000000108e-01 -4.771351100000000012e-02 -4.625278709999999793e-01 -1.100337200000000085e-02 8.852515819999999813e-01
1.702688203597572327e+09 4.212856000000000066e-03 2.106830000000000020e-04 1.771641079999999868e-01 -4.635320600000000096e-02 -4.469971950000000138e-01 -1.039281499999999969e-02 8.932731750000000304e-01
1.702688203847037554e+09 4.196290000000000089e-03 2.122109999999999914e-04 1.771804240000000030e-01 -4.542656600000000156e-02 -4.295839969999999952e-01 -1.089234700000000014e-02 9.018177990000000310e-01
1.702688204097290754e+09 4.177644999999999796e-03 2.146229999999999948e-04 1.771967560000000108e-01 -4.412192499999999934e-02 -4.166777429999999893e-01 -1.128090099999999943e-02 9.079127909999999968e-01
1.702688204643497467e+09 4.140745999999999837e-03 2.168759999999999883e-04 1.772311629999999971e-01 -4.539077400000000179e-02 -3.912905449999999896e-01 -1.419402999999999984e-02 9.190375210000000239e-01
1.702688204886427879e+09 4.122719000000000383e-03 2.140870000000000121e-04 1.772466749999999924e-01 -4.725973299999999822e-02 -3.760799169999999858e-01 -1.664941899999999864e-02 9.252314569999999794e-01
1.702688205137715101e+09 4.109363999999999899e-03 2.220169999999999989e-04 1.772681620000000069e-01 -4.458471399999999751e-02 -3.608548050000000007e-01 -1.535269899999999917e-02 9.314292069999999812e-01
1.702688205360034704e+09 4.097761999999999585e-03 2.216750000000000079e-04 1.772832870000000116e-01 -4.494351099999999849e-02 -3.494228420000000113e-01 -1.644018900000000089e-02 9.357422589999999651e-01
1.702688205597068548e+09 4.082543999999999583e-03 2.235000000000000116e-04 1.773007510000000064e-01 -4.575428399999999923e-02 -3.341574070000000174e-01 -1.684070000000000011e-02 9.412553909999999968e-01
1.702688206553478479e+09 4.040282000000000075e-03 2.315849999999999994e-04 1.773830349999999945e-01 -4.228192599999999746e-02 -2.463293370000000093e-01 -2.197996300000000167e-02 9.680139420000000161e-01
1.702688207051601410e+09 4.023350999999999664e-03 2.340940000000000121e-04 1.774265770000000020e-01 -4.328438300000000266e-02 -1.978521649999999965e-01 -2.487858899999999956e-02 9.789596799999999988e-01
1.702688207306366444e+09 4.017482000000000171e-03 2.357849999999999931e-04 1.774489280000000058e-01 -4.171370299999999781e-02 -1.750565920000000109e-01 -2.637399699999999972e-02 9.833207130000000129e-01
1.702688207552737951e+09 4.009396999999999614e-03 2.387950000000000066e-04 1.774725470000000083e-01 -4.223836599999999941e-02 -1.546214519999999926e-01 -2.817727600000000110e-02 9.866682289999999522e-01
1.702688207803040266e+09 4.006344000000000224e-03 2.405890000000000101e-04 1.774967159999999988e-01 -4.125801500000000205e-02 -1.332922880000000088e-01 -2.833269199999999960e-02 9.898122550000000297e-01
1.702688208344605207e+09 3.997231999999999869e-03 2.452010000000000127e-04 1.775481550000000130e-01 -3.912940599999999852e-02 -1.015284060000000016e-01 -2.961240500000000136e-02 9.936216469999999967e-01
1.702688208590083838e+09 3.993290000000000034e-03 2.462909999999999904e-04 1.775704770000000043e-01 -4.049196800000000318e-02 -9.442822600000000399e-02 -3.006630600000000098e-02 9.942533970000000387e-01
1.702688208840121508e+09 3.991716000000000188e-03 2.490659999999999901e-04 1.775948549999999959e-01 -4.131044400000000172e-02 -9.235314299999999865e-02 -2.735452500000000106e-02 9.944928880000000193e-01
1.702688209216115236e+09 3.986869999999999997e-03 2.530160000000000048e-04 1.776323170000000118e-01 -4.400923500000000071e-02 -1.006606220000000051e-01 -2.327655799999999928e-02 9.936744570000000110e-01
1.702688210215263605e+09 3.955028000000000189e-03 2.630099999999999908e-04 1.777242119999999925e-01 -4.459528299999999945e-02 -1.308545769999999997e-01 -3.816481299999999882e-02 9.896624680000000174e-01
1.702688210515516043e+09 3.947156000000000275e-03 2.639179999999999760e-04 1.777489780000000019e-01 -3.854037400000000224e-02 -1.529960330000000035e-01 -3.518264399999999903e-02 9.868480560000000290e-01
1.702688210845222950e+09 3.937257999999999904e-03 2.652520000000000008e-04 1.777737139999999993e-01 -2.920591300000000001e-02 -1.687211389999999922e-01 -2.919288399999999881e-02 9.847984309999999741e-01
1.702688211132476091e+09 3.932742000000000356e-03 2.667600000000000006e-04 1.777997460000000085e-01 -3.084507200000000116e-02 -1.422158330000000137e-01 -3.072498699999999874e-02 9.888777730000000155e-01
1.702688211463964939e+09 3.928970000000000379e-03 2.692169999999999806e-04 1.778264489999999975e-01 -3.247641400000000206e-02 -1.239901780000000064e-01 -3.224851900000000327e-02 9.912273879999999870e-01
1.702688211757419825e+09 3.923737000000000058e-03 2.707410000000000155e-04 1.778549550000000090e-01 -3.204486899999999666e-02 -1.058297160000000042e-01 -3.407978300000000238e-02 9.932833309999999916e-01
1.702688212089236975e+09 3.919640999999999750e-03 2.686279999999999766e-04 1.778851599999999866e-01 -3.270924800000000326e-02 -8.905048699999999762e-02 -3.632795400000000258e-02 9.948268529999999554e-01
1.702688212379238844e+09 3.917176999999999985e-03 2.726380000000000144e-04 1.779133529999999963e-01 -3.296118600000000343e-02 -7.484333199999999853e-02 -3.422398499999999844e-02 9.960626360000000012e-01
1.702688212713030100e+09 3.914754999999999797e-03 2.758999999999999842e-04 1.779460910000000007e-01 -3.462874500000000244e-02 -5.701751299999999884e-02 -3.357592599999999899e-02 9.972073439999999955e-01
1.702688213050624371e+09 3.912182999999999633e-03 2.801699999999999959e-04 1.779794100000000046e-01 -3.709034199999999837e-02 -4.013477599999999701e-02 -3.464413100000000162e-02 9.979044200000000142e-01
1.702688213419287920e+09 3.910544000000000173e-03 2.826440000000000267e-04 1.780152919999999916e-01 -3.824893399999999832e-02 -1.867757199999999992e-02 -3.662168999999999841e-02 9.984222649999999755e-01
1.702688214211086988e+09 3.912907999999999664e-03 2.877390000000000178e-04 1.780910340000000092e-01 -3.669422900000000182e-02 2.502835900000000002e-02 -3.925571199999999816e-02 9.982414840000000122e-01
1.702688214508597851e+09 3.914942000000000248e-03 2.893339999999999779e-04 1.781160830000000084e-01 -3.678246999999999767e-02 3.817750500000000047e-02 -3.941830600000000018e-02 9.978154900000000271e-01
1.702688214842158318e+09 3.919882000000000401e-03 2.921929999999999992e-04 1.781473160000000000e-01 -3.563932000000000211e-02 5.626226200000000038e-02 -4.072282800000000258e-02 9.969484210000000290e-01
1.702688215131506205e+09 3.924417999999999830e-03 2.937409999999999782e-04 1.781718429999999964e-01 -3.324734800000000295e-02 6.989308399999999422e-02 -4.031223099999999698e-02 9.961850049999999568e-01
1.702688216211667061e+09 3.934288999999999668e-03 2.996909999999999874e-04 1.782710550000000116e-01 -3.430890300000000170e-02 4.056684700000000310e-02 -3.968142699999999828e-02 9.977989200000000336e-01
1.702688216627161264e+09 3.934243999999999936e-03 3.020690000000000246e-04 1.783115419999999895e-01 -3.441515900000000072e-02 2.209983600000000117e-02 -3.920562200000000247e-02 9.983937739999999561e-01
1.702688217044773579e+09 3.936219999999999823e-03 3.053900000000000017e-04 1.783495099999999889e-01 -3.405165300000000117e-02 1.159890400000000016e-02 -3.749186200000000080e-02 9.986492399999999936e-01
1.702688217461167097e+09 3.936598000000000354e-03 3.085159999999999986e-04 1.783873739999999875e-01 -3.626756400000000213e-02 1.416398800000000062e-02 -3.794783699999999815e-02 9.985209109999999555e-01
1.702688217832367182e+09 3.938933999999999838e-03 3.100409999999999950e-04 1.784210950000000018e-01 -3.517234300000000174e-02 2.845118900000000173e-02 -3.824333099999999847e-02 9.982439279999999471e-01
1.702688218166671753e+09 3.940243000000000391e-03 3.111470000000000078e-04 1.784521040000000003e-01 -3.463593899999999753e-02 2.836503599999999972e-02 -3.814352299999999862e-02 9.982689620000000374e-01
1.702688218460103989e+09 3.940953999999999985e-03 3.135459999999999962e-04 1.784802229999999934e-01 -3.463978300000000038e-02 2.903282999999999905e-02 -3.790502600000000138e-02 9.982586500000000251e-01
1.702688218877532721e+09 3.944762999999999568e-03 3.170119999999999796e-04 1.785180869999999920e-01 -3.555865999999999888e-02 3.322184100000000195e-02 -3.915960300000000116e-02 9.980472919999999748e-01
1.702688219167444229e+09 3.944903999999999945e-03 3.187570000000000247e-04 1.785457729999999910e-01 -3.533277299999999788e-02 3.459829100000000324e-02 -3.936204699999999723e-02 9.980006219999999484e-01
1.702688219543590069e+09 3.947268999999999778e-03 3.207010000000000047e-04 1.785799560000000119e-01 -3.491244799999999870e-02 3.783453600000000194e-02 -3.908813700000000196e-02 9.979087110000000038e-01
1.702688219914763451e+09 3.952307000000000389e-03 3.239769999999999781e-04 1.786146160000000038e-01 -3.354852299999999676e-02 5.042973500000000331e-02 -3.841635200000000083e-02 9.974244829999999729e-01
1.702688220288699150e+09 3.955023999999999693e-03 3.262979999999999852e-04 1.786494849999999968e-01 -3.416748000000000007e-02 5.212553999999999799e-02 -3.919957200000000197e-02 9.972857830000000368e-01
1.702688220622666359e+09 3.960207999999999784e-03 3.286240000000000168e-04 1.786793469999999884e-01 -3.322092100000000048e-02 6.108853599999999884e-02 -3.829235599999999962e-02 9.968441719999999728e-01
1.702688220915590286e+09 3.963651999999999800e-03 3.298350000000000023e-04 1.787061390000000138e-01 -3.341020299999999943e-02 7.140976200000000162e-02 -3.912630699999999906e-02 9.961192610000000336e-01
1.702688221248893976e+09 3.968885999999999595e-03 3.313139999999999792e-04 1.787366870000000052e-01 -3.200880100000000339e-02 8.623603000000000518e-02 -3.960815399999999958e-02 9.949723480000000064e-01
1.702688221622397900e+09 3.976381000000000186e-03 3.335980000000000000e-04 1.787701989999999908e-01 -3.108404600000000059e-02 9.919191199999999320e-02 -4.018078399999999717e-02 9.937707190000000246e-01
1.702688222040700674e+09 3.985390999999999587e-03 3.357249999999999883e-04 1.788076759999999987e-01 -3.093757100000000052e-02 1.140585169999999982e-01 -4.174935099999999705e-02 9.921141860000000090e-01
1.702688222412844181e+09 3.994117000000000153e-03 3.373739999999999855e-04 1.788410099999999947e-01 -3.038755400000000065e-02 1.217758730000000067e-01 -4.118736499999999662e-02 9.912370440000000116e-01
1.702688222871414900e+09 4.004218000000000360e-03 3.390789999999999972e-04 1.788810339999999943e-01 -2.934674199999999858e-02 1.209999469999999966e-01 -4.139801099999999845e-02 9.913546439999999516e-01
1.702688223286115408e+09 4.013051000000000118e-03 3.410889999999999864e-04 1.789189579999999891e-01 -3.040559400000000106e-02 1.144945920000000061e-01 -4.160742500000000343e-02 9.920863509999999774e-01
1.702688223704744339e+09 4.019678999999999960e-03 3.428090000000000174e-04 1.789561510000000077e-01 -3.092918000000000056e-02 1.017010440000000043e-01 -4.082633199999999990e-02 9.934956430000000394e-01
1.702688224203897715e+09 4.026026000000000257e-03 3.451260000000000157e-04 1.789963990000000005e-01 -3.083622600000000130e-02 8.663805600000000495e-02 -3.951288800000000295e-02 9.949782489999999813e-01
1.702688224660736084e+09 4.029556999999999584e-03 3.469139999999999789e-04 1.790270810000000046e-01 -3.239361899999999850e-02 7.895024900000000012e-02 -3.920166900000000149e-02 9.955806139999999749e-01
1.702688225038375378e+09 4.037670999999999621e-03 3.491389999999999923e-04 1.790600420000000026e-01 -3.237451200000000112e-02 9.544757800000000514e-02 -4.045184000000000279e-02 9.940851929999999781e-01
1.702688225494717836e+09 4.047250999999999974e-03 3.513100000000000229e-04 1.790998729999999928e-01 -3.198712699999999715e-02 1.071706560000000030e-01 -4.050120000000000109e-02 9.929002519999999832e-01
1.702688225908791304e+09 4.057932000000000206e-03 3.526749999999999937e-04 1.791363509999999992e-01 -3.101504999999999887e-02 1.224454269999999956e-01 -4.092209399999999914e-02 9.911460880000000362e-01
1.702688226330569983e+09 4.068102999999999997e-03 3.552510000000000043e-04 1.791720840000000092e-01 -3.192682899999999685e-02 1.294336020000000087e-01 -4.197154899999999689e-02 9.901848439999999529e-01
1.702688226741419077e+09 4.080012000000000048e-03 3.569369999999999878e-04 1.792066690000000129e-01 -2.999593299999999893e-02 1.508001830000000043e-01 -4.240915600000000341e-02 9.871985909999999587e-01
1.702688227158404827e+09 4.090917999999999811e-03 3.589040000000000047e-04 1.792420449999999887e-01 -3.005477599999999833e-02 1.512560400000000083e-01 -4.228960400000000147e-02 9.871321920000000194e-01
1.702688227575424433e+09 4.104268999999999799e-03 3.605169999999999772e-04 1.792776289999999939e-01 -2.874203800000000100e-02 1.618193390000000065e-01 -4.184448300000000176e-02 9.855138060000000477e-01
1.702688227995059967e+09 4.115538000000000182e-03 3.625640000000000069e-04 1.793150900000000103e-01 -2.929147899999999874e-02 1.546817869999999873e-01 -4.158781500000000020e-02 9.866539840000000394e-01
1.702688228409794092e+09 4.130697000000000015e-03 3.636339999999999950e-04 1.793487069999999961e-01 -2.839532100000000114e-02 1.687079220000000102e-01 -4.303605099999999878e-02 9.843166469999999890e-01
1.702688228907167673e+09 4.147300999999999939e-03 3.644839999999999886e-04 1.793908180000000074e-01 -2.635992900000000069e-02 1.919329459999999932e-01 -4.332041400000000153e-02 9.800970549999999948e-01
1.702688229280386209e+09 4.160350000000000159e-03 3.639070000000000108e-04 1.794213060000000026e-01 -2.597808100000000009e-02 2.067560400000000020e-01 -4.525370499999999824e-02 9.770001170000000013e-01
1.702688229697317362e+09 4.178687999999999847e-03 3.659959999999999971e-04 1.794545049999999864e-01 -2.466761699999999932e-02 2.178635150000000076e-01 -4.467971600000000126e-02 9.746438859999999593e-01
1.702688230155956507e+09 4.197819999999999677e-03 3.655509999999999836e-04 1.794912670000000099e-01 -2.331676499999999971e-02 2.325238729999999920e-01 -4.421021399999999768e-02 9.713055489999999903e-01
1.702688230613232136e+09 4.217689999999999634e-03 3.666300000000000049e-04 1.795288620000000113e-01 -2.498630599999999979e-02 2.379813339999999888e-01 -4.435718799999999878e-02 9.699345830000000168e-01
1.702688231030700207e+09 4.234561000000000401e-03 3.682579999999999968e-04 1.795645210000000047e-01 -2.746238399999999941e-02 2.217305750000000131e-01 -4.397590800000000105e-02 9.737286569999999974e-01
1.702688231405540466e+09 4.246169000000000159e-03 3.692139999999999788e-04 1.795949940000000078e-01 -2.730200299999999830e-02 2.018031180000000036e-01 -4.393274300000000326e-02 9.780593509999999657e-01
1.702688231737268925e+09 4.256008000000000360e-03 3.709009999999999781e-04 1.796250339999999890e-01 -2.893752999999999950e-02 1.836631890000000045e-01 -4.249031799999999914e-02 9.816440339999999987e-01
1.702688232158797741e+09 4.266383000000000328e-03 3.736740000000000005e-04 1.796621230000000069e-01 -3.084625100000000161e-02 1.626525669999999979e-01 -4.182574900000000234e-02 9.853137730000000039e-01
1.702688232574000120e+09 4.275468000000000150e-03 3.752229999999999953e-04 1.796990189999999876e-01 -3.150189999999999935e-02 1.406402589999999897e-01 -4.135873899999999853e-02 9.886948469999999878e-01
1.702688232960220575e+09 4.283735000000000320e-03 3.773119999999999816e-04 1.797324419999999923e-01 -3.194620499999999835e-02 1.229210500000000039e-01 -3.946484599999999787e-02 9.911167619999999845e-01
1.702688233329391241e+09 4.290028999999999891e-03 3.790919999999999815e-04 1.797652989999999895e-01 -3.323783400000000082e-02 1.059277059999999965e-01 -3.858015699999999687e-02 9.930690530000000349e-01
1.702688233735116243e+09 4.296025999999999664e-03 3.803629999999999902e-04 1.798022539999999947e-01 -3.394743100000000013e-02 8.693694300000000263e-02 -3.693122000000000071e-02 9.949500559999999716e-01
1.702688234153270006e+09 4.299215999999999802e-03 3.817790000000000051e-04 1.798385230000000001e-01 -3.464115400000000039e-02 7.120437200000000189e-02 -3.830864700000000123e-02 9.961236719999999600e-01
1.702688234570421934e+09 4.302654000000000374e-03 3.851379999999999843e-04 1.798770130000000023e-01 -3.668014700000000322e-02 6.042281900000000261e-02 -3.697576699999999966e-02 9.968131780000000219e-01
1.702688235109162569e+09 4.307809000000000117e-03 3.880830000000000043e-04 1.799248900000000040e-01 -3.604787599999999953e-02 5.388536700000000346e-02 -3.659794100000000189e-02 9.972249269999999832e-01
1.702688235567886114e+09 4.310841000000000152e-03 3.902250000000000120e-04 1.799646169999999934e-01 -3.817723700000000275e-02 4.471917499999999990e-02 -3.682926300000000097e-02 9.975903029999999561e-01
1.702688235997805595e+09 4.312454000000000287e-03 3.921320000000000057e-04 1.800005879999999892e-01 -3.811408200000000052e-02 2.631695200000000109e-02 -3.675194799999999956e-02 9.982504840000000490e-01
1.702688236443614960e+09 4.315443999999999877e-03 3.950049999999999764e-04 1.800421180000000010e-01 -3.632823000000000302e-02 3.609707999999999667e-02 -3.746078500000000339e-02 9.979849459999999839e-01
1.702688236901931047e+09 4.319337000000000350e-03 3.975299999999999971e-04 1.800845269999999942e-01 -3.855642699999999728e-02 4.388105500000000214e-02 -3.866415499999999866e-02 9.975434539999999961e-01
1.702688237358865261e+09 4.325317999999999871e-03 4.003629999999999884e-04 1.801263690000000084e-01 -3.880750799999999751e-02 5.600226700000000141e-02 -3.947347799999999934e-02 9.968949559999999988e-01
1.702688237821500063e+09 4.332818999999999907e-03 4.031269999999999775e-04 1.801659909999999976e-01 -3.650276400000000004e-02 7.761492600000000075e-02 -4.000990799999999681e-02 9.955112929999999638e-01
1.702688238275112629e+09 4.342369999999999911e-03 4.045839999999999875e-04 1.802079380000000119e-01 -3.803100100000000178e-02 9.703049099999999649e-02 -4.120045499999999694e-02 9.937008019999999942e-01
1.702688238857732773e+09 4.358632999999999778e-03 4.094309999999999768e-04 1.802574839999999956e-01 -3.581637099999999962e-02 8.802610600000000673e-02 -3.976950399999999719e-02 9.946793320000000271e-01
1.702688239358281612e+09 4.367400999999999922e-03 4.118360000000000055e-04 1.803021130000000138e-01 -3.588005200000000255e-02 9.260977800000000371e-02 -3.986858199999999963e-02 9.942567939999999993e-01
1.702688239857508659e+09 4.372739999999999960e-03 4.146069999999999964e-04 1.803481730000000005e-01 -3.620533599999999769e-02 9.531044199999999522e-02 -4.012972100000000014e-02 9.939792160000000543e-01
1.702688240398546696e+09 4.382393000000000052e-03 4.166290000000000119e-04 1.803959310000000094e-01 -3.687945799999999691e-02 9.505726400000000242e-02 -4.070191799999999666e-02 9.939554329999999993e-01
1.702688240899346352e+09 4.388781999999999926e-03 4.185580000000000268e-04 1.804407980000000133e-01 -3.591882799999999987e-02 9.754002100000000453e-02 -3.963631799999999678e-02 9.937931300000000245e-01
1.702688241396998644e+09 4.389646999999999993e-03 4.209869999999999997e-04 1.804864850000000021e-01 -3.559251499999999818e-02 9.788889400000000407e-02 -4.010462000000000055e-02 9.937517639999999819e-01
1.702688241942994356e+09 4.406053000000000053e-03 4.233819999999999793e-04 1.805332900000000129e-01 -3.577393300000000081e-02 1.007499250000000041e-01 -4.045201799999999931e-02 9.934451579999999948e-01
1.702688242353607655e+09 4.413928000000000122e-03 4.261259999999999788e-04 1.805699319999999886e-01 -3.600815699999999897e-02 1.018486470000000005e-01 -4.043773199999999707e-02 9.933252930000000536e-01
1.702688242771751881e+09 4.425626999999999686e-03 4.293020000000000039e-04 1.806083619999999945e-01 -3.883061899999999678e-02 1.037093850000000012e-01 -4.095136399999999705e-02 9.930052759999999923e-01
1.702688243227805138e+09 4.435416999999999658e-03 4.322819999999999788e-04 1.806479689999999916e-01 -3.825905899999999804e-02 1.054207909999999998e-01 -4.118326700000000257e-02 9.928376669999999793e-01
1.702688243728917360e+09 4.434831000000000190e-03 4.356340000000000104e-04 1.806938349999999971e-01 -4.015336900000000125e-02 1.022350939999999986e-01 -4.045396700000000040e-02 9.931259749999999942e-01
1.702688244145340681e+09 4.447625999999999663e-03 4.369449999999999983e-04 1.807287780000000066e-01 -3.923086099999999882e-02 8.651125399999999577e-02 -3.966939399999999671e-02 9.946874380000000349e-01
1.702688244601843119e+09 4.448604000000000100e-03 4.407820000000000227e-04 1.807693539999999932e-01 -3.786288599999999838e-02 7.456039600000000100e-02 -3.913368999999999875e-02 9.957287310000000335e-01
1.702688245018846273e+09 4.453569999999999578e-03 4.432249999999999992e-04 1.808059069999999879e-01 -3.700669899999999707e-02 7.388153699999999713e-02 -3.826120100000000163e-02 9.958454370000000555e-01
1.702688245474859238e+09 4.458614999999999974e-03 4.452829999999999852e-04 1.808457820000000105e-01 -3.540145599999999781e-02 7.010290800000000544e-02 -3.790019099999999974e-02 9.961907269999999981e-01
1.702688245892821312e+09 4.467391000000000244e-03 4.492930000000000231e-04 1.808671059999999997e-01 -3.404655699999999813e-02 6.789156000000000357e-02 -3.692791599999999813e-02 9.964275959999999710e-01
1.702688246850656986e+09 4.467180000000000283e-03 4.490729999999999744e-04 1.808679549999999969e-01 -3.393598600000000132e-02 7.085615400000000452e-02 -3.736725099999999716e-02 9.962085489999999988e-01
