1703784360022506240.000000 0.000000000 0.000000000 0.000000000 -0.000000000 -0.000000000 -0.000000000 1.000000000
1703784360186384896.000000 -0.000025398 0.000193930 0.020449717 0.000477756 -0.000070542 -0.000440859 0.999999821
1703784360270563840.000000 -0.000446786 -0.000051027 0.029635578 0.001216720 -0.001048266 -0.000487706 0.999998629
1703784360351946240.000000 -0.000590608 -0.000085328 0.039119184 0.001369307 -0.001310919 -0.000746005 0.999997914
1703784360561715456.000000 -0.001094879 -0.000320323 0.063530952 0.000804154 -0.001614845 -0.001485593 0.999997258
1703784360728130048.000000 -0.001269571 0.000096961 0.082933359 0.001562255 -0.002123729 -0.001822909 0.999994874
1703784361018845184.000000 -0.001501148 -0.000096860 0.116535120 0.002047388 -0.002246417 -0.001354911 0.999994457
1703784361310513920.000000 -0.001875239 -0.000448562 0.150337070 0.001307836 -0.002356604 -0.000728717 0.999996126
1703784361642393600.000000 -0.002449147 -0.000769167 0.189402014 0.002586546 -0.005805834 -0.000640938 0.999979615
1703784361893409280.000000 -0.003276860 -0.000857919 0.217298612 0.003843946 -0.007738734 -0.000009481 0.999962687
1703784362146276352.000000 -0.003321918 -0.000544070 0.247036040 0.003055637 -0.007438806 0.000051749 0.999967694
1703784362438644992.000000 -0.004858985 -0.000794738 0.281132847 0.003104937 -0.007951974 -0.001053420 0.999963045
1703784363016303872.000000 -0.005452741 -0.001216322 0.349523634 0.001980429 -0.008566694 0.000673500 0.999961138
1703784363355322624.000000 -0.007610054 -0.001574860 0.389096260 0.001746518 -0.008038232 -0.000027077 0.999966204
1703784363640621312.000000 -0.007196011 -0.001446018 0.423870355 0.000807383 -0.007862749 0.000123288 0.999968767
1703784363973494784.000000 -0.008734976 -0.001053822 0.461338192 0.002884374 -0.008260939 -0.000335951 0.999961674
1703784364314604544.000000 -0.009430846 -0.001858553 0.499345630 0.003395515 -0.009071971 -0.000633686 0.999952912
1703784364683399168.000000 -0.010527841 -0.002517355 0.543292761 0.002507865 -0.009760585 -0.000244136 0.999949217
1703784365059247360.000000 -0.011719080 -0.002189928 0.588421643 0.002718566 -0.013967745 0.000307624 0.999898732
1703784365433826560.000000 -0.012914805 -0.002497074 0.631388664 0.003004237 -0.013774326 0.000018865 0.999900639
1703784365809497344.000000 -0.013867989 -0.002116105 0.675924003 0.001934665 -0.016150624 0.000257741 0.999867678
1703784366224166912.000000 -0.015749577 -0.001884082 0.725976944 0.000314270 -0.018266603 -0.000130802 0.999833107
1703784366638557440.000000 -0.018302497 -0.001854454 0.775028706 0.000126324 -0.019371992 -0.000884063 0.999811947
1703784367059148288.000000 -0.020392083 -0.002639134 0.824461937 -0.000538911 -0.020156251 -0.000675147 0.999796450
1703784367434090240.000000 -0.023854828 -0.002885439 0.867829740 0.000158654 -0.022139072 -0.001232146 0.999754131
1703784367888320512.000000 -0.026737912 -0.002805643 0.920622587 0.001536806 -0.021636371 -0.000565752 0.999764562
1703784368309511168.000000 -0.028855180 -0.002032336 0.970306695 -0.000522474 -0.021277770 -0.001668305 0.999772072
1703784368719784448.000000 -0.032017972 -0.002140694 1.018653989 0.000000547 -0.024995150 0.000734732 0.999687314
1703784369219409664.000000 -0.033366211 -0.001787949 1.076619625 0.000495329 -0.018148093 0.001555376 0.999834001
1703784369678910208.000000 -0.035634000 -0.002038511 1.130966306 -0.000714405 -0.016676163 0.001742198 0.999859214
1703784370220431104.000000 -0.037543960 -0.003655620 1.191707611 0.002248196 -0.019987293 0.002122459 0.999795496
1703784370683678976.000000 -0.040789671 -0.004002338 1.244499922 0.003683723 -0.026129020 0.002237170 0.999649286
1703784371260724992.000000 -0.042484805 -0.004423989 1.311963081 0.003051761 -0.013546054 0.000777307 0.999903321
1703784371844620288.000000 -0.046029855 -0.005786933 1.370839357 0.004946935 -0.027254807 0.000041599 0.999616265
1703784372510026752.000000 -0.055877101 -0.006359191 1.448570609 0.005791097 -0.052739467 0.000234510 0.998591483
1703784373091891456.000000 -0.062860437 -0.005904628 1.516489387 0.003805398 -0.058529142 0.001995160 0.998276472
1703784373634910464.000000 -0.072349645 -0.005261735 1.580258131 0.001147818 -0.061514799 0.001577907 0.998104274
1703784374218782976.000000 -0.077389836 -0.004558292 1.648479462 -0.001108530 -0.046378363 0.001746752 0.998921812
1703784374884304640.000000 -0.083804689 -0.005591052 1.724462032 0.000329034 -0.034542702 0.000970182 0.999402702
1703784375465635328.000000 -0.085372791 -0.005064140 1.792670846 0.001627396 -0.020541305 0.000802940 0.999787390
1703784376090571776.000000 -0.089530870 -0.005334494 1.865654826 -0.000291230 -0.025077853 -0.000008762 0.999685466
1703784376715131136.000000 -0.091870405 -0.004742139 1.936849356 -0.000835796 -0.014538526 -0.000959723 0.999893546
1703784377419931136.000000 -0.094100669 -0.005049279 2.018133879 -0.001873720 -0.012909115 -0.002659103 0.999911368
1703784378129213952.000000 -0.096357889 -0.004878472 2.099780798 -0.002331767 -0.017262680 -0.000541885 0.999848127
1703784378752966912.000000 -0.099518158 -0.004551727 2.171758652 -0.000858117 -0.019053506 -0.001053331 0.999817550
1703784379378295040.000000 -0.102825284 -0.004247876 2.244080544 -0.002822906 -0.020631542 -0.001021114 0.999782681
1703784380047982336.000000 -0.105932198 -0.004511070 2.320339918 -0.001183616 -0.014608631 -0.000756550 0.999892354
1703784380717088256.000000 -0.108207002 -0.004089389 2.397001982 -0.001174072 -0.024506390 0.000517487 0.999698877
1703784381375265792.000000 -0.111085951 -0.003932945 2.470916271 -0.000109802 -0.025288232 0.000756378 0.999679923
1703784382003596544.000000 -0.110039093 -0.003352684 2.544917822 -0.001819656 0.003421398 0.000922141 0.999992073
1703784382713481728.000000 -0.103959791 -0.004600403 2.625099182 0.001840646 0.034853503 0.000623371 0.999390602
1703784383417652224.000000 -0.091700606 -0.005305198 2.707249403 0.001832502 0.066387281 -0.000544102 0.997792125
1703784384122308608.000000 -0.076385334 -0.005475318 2.788626671 0.000699629 0.078144982 -0.000056047 0.996941805
1703784384958669824.000000 -0.064631395 -0.004090705 2.885453939 0.000451089 0.070390441 0.000049198 0.997519433
1703784385747381760.000000 -0.051566243 -0.005159390 2.975844383 0.002611456 0.063923761 0.000610067 0.997951210
1703784386498088960.000000 -0.040894173 -0.005776725 3.063202381 -0.000314812 0.061446343 0.000034986 0.998110354
1703784387414326784.000000 -0.030240009 -0.005357241 3.168563366 0.001567879 0.060711820 -0.000242760 0.998154104
1703784388369225216.000000 -0.016434386 -0.005790109 3.278133154 0.002064242 0.061838798 0.000289575 0.998083949
1703784389206003200.000000 -0.003869333 -0.005813400 3.373454332 0.001188245 0.054284710 0.000439418 0.998524666
1703784390118775808.000000 0.000275078 -0.006215896 3.479958057 0.001279794 0.023894625 0.001575845 0.999712467
1703784390868013824.000000 0.008859040 -0.006389314 3.566453457 0.001528520 0.046999965 0.000264936 0.998893678
1703784391662169344.000000 0.019093137 -0.006737132 3.658598661 0.000511639 0.047537919 0.000730926 0.998869061
1703784392490577408.000000 0.027688514 -0.006231367 3.755775928 0.001118754 0.051034510 0.000480181 0.998696148
1703784393247157760.000000 0.035749704 -0.006774810 3.841150522 0.003330153 0.048272371 0.001843117 0.998826981
1703784394033471232.000000 0.045493990 -0.007848115 3.931641340 0.003068622 0.049708243 0.001799979 0.998757482
1703784394575064320.000000 0.052172136 -0.007345820 3.994956493 0.001288956 0.058835737 0.000793226 0.998266578
1703784395116578304.000000 0.060425535 -0.007423059 4.058008194 -0.000001874 0.067888170 0.000386473 0.997692883
1703784395698546432.000000 0.072395809 -0.007516677 4.124972343 0.001828472 0.079484090 0.000212768 0.996834457
1703784396195850752.000000 0.083830245 -0.007761251 4.183018208 0.000589922 0.090260379 0.000451111 0.995917916
1703784396736968192.000000 0.095286988 -0.007875724 4.245083332 0.000667723 0.097782262 -0.000999030 0.995207131
1703784397279750400.000000 0.107261069 -0.008189699 4.306864738 0.000986436 0.092532806 -0.000725775 0.995708883
1703784397737281280.000000 0.115016505 -0.009055855 4.358156204 0.003671160 0.081599146 -0.000754935 0.996658206
1703784398361955584.000000 0.121782102 -0.009023837 4.431709766 0.002313503 0.055026866 -0.000517834 0.998482049
1703784398821056000.000000 0.123628691 -0.009051892 4.486255646 0.000707337 0.033927847 -0.000879123 0.999423683
1703784399278359296.000000 0.123859502 -0.008529676 4.540663719 0.000128129 0.013200652 0.000119931 0.999912858
1703784399781708544.000000 0.121532761 -0.009610625 4.599044800 -0.000492661 -0.009855364 -0.000917786 0.999950886
1703784400317476352.000000 0.116934314 -0.009215215 4.662687778 -0.000188699 -0.026197171 0.000343327 0.999656737
1703784400778054400.000000 0.113625161 -0.009182082 4.716688633 -0.002291703 -0.029212447 0.000071955 0.999570608
1703784401278390272.000000 0.109008729 -0.008676775 4.775081635 -0.003205057 -0.028326552 -0.001462141 0.999592543
1703784401774397440.000000 0.105940349 -0.008992027 4.832412243 -0.001388901 -0.023776665 -0.000919949 0.999715924
1703784402315630848.000000 0.101259559 -0.008715820 4.895408154 -0.000112263 -0.035187084 -0.000492565 0.999380648
1703784402815262720.000000 0.097209729 -0.008402339 4.955119610 -0.001792157 -0.031408641 -0.001089600 0.999504447
1703784403401023232.000000 0.094507605 -0.007621690 5.022914410 -0.001680676 -0.026339782 -0.000343588 0.999651611
1703784403984541696.000000 0.090147994 -0.007587440 5.091183662 -0.002178556 -0.029798288 -0.000466384 0.999553502
1703784404563790592.000000 0.085505776 -0.007345055 5.157904625 -0.001493434 -0.023843542 -0.000545404 0.999714494
1703784405150966528.000000 0.083561957 -0.007846282 5.226272583 0.000581921 -0.021021318 0.000588277 0.999778688
1703784405771256064.000000 0.083534576 -0.008214810 5.299880981 -0.000580106 -0.006074126 -0.000185974 0.999981403
1703784406312803328.000000 0.083531007 -0.007745604 5.362054348 0.000341510 -0.001335292 0.000224651 0.999999046
1703784406936085248.000000 0.084669530 -0.008186759 5.435039520 0.000057555 0.006046133 0.000639121 0.999981523
1703784407479896576.000000 0.087350033 -0.008146024 5.496894836 0.000829289 0.015215122 0.000016699 0.999883890
1703784408104103168.000000 0.090930633 -0.008365074 5.569939613 -0.000494373 0.021493312 -0.000307882 0.999768853
1703784408771105280.000000 0.093124785 -0.006819706 5.648427486 -0.001529289 0.019943625 -0.000953338 0.999799490
1703784409393807104.000000 0.093360990 -0.006371107 5.720797062 -0.000440569 0.002720574 -0.000968233 0.999995768
1703784410018461184.000000 0.095125258 -0.006232657 5.792846680 -0.000461596 0.018620236 -0.001052132 0.999825954
1703784410770206976.000000 0.092406549 -0.005771346 5.842935562 -0.001057279 -0.010822536 -0.001094052 0.999940276
1703784411390934784.000000 0.098260105 -0.007170737 5.909315109 -0.000247181 0.021540098 -0.000130797 0.999767959
1703784412061799168.000000 0.104774654 -0.004976871 5.988244534 -0.001313813 0.035426412 0.000141120 0.999371409
1703784412682974720.000000 0.113143548 -0.004231934 6.059190273 -0.000359372 0.062145669 0.000513609 0.998066902
1703784413308513280.000000 0.128654152 -0.005807346 6.130238056 -0.001636564 0.093895517 0.000871224 0.995580316
1703784413889076736.000000 0.146368667 -0.005496083 6.195868969 -0.000504801 0.116133146 0.001839239 0.993231833
1703784414513478400.000000 0.166416168 -0.006457644 6.263374329 0.001308561 0.142979532 -0.000644467 0.989724576
1703784415141332224.000000 0.189251721 -0.006199497 6.333348751 -0.002638945 0.158725083 -0.000318966 0.987319231
1703784415720311040.000000 0.210334897 -0.005588842 6.397354603 -0.001317604 0.159094810 0.001126258 0.987261832
1703784416346784000.000000 0.229696497 -0.005963346 6.465700150 -0.001138370 0.146029174 -0.000791219 0.989279330
1703784416927566848.000000 0.242209420 -0.005593076 6.524855137 -0.003567713 0.113742150 -0.000494142 0.993503809
1703784417469024000.000000 0.243080229 -0.007847727 6.566160202 -0.000683543 0.061655268 0.001037491 0.998096764
1703784418053346304.000000 0.240445748 -0.008550248 6.618192673 -0.001751174 0.004262961 0.001465998 0.999988317
1703784418808811776.000000 0.225770712 -0.005393928 6.690690994 -0.002778020 -0.064533107 0.001052766 0.997911155
1703784419389025280.000000 0.209373474 -0.004550404 6.752812862 -0.002650007 -0.100854598 0.001260945 0.994896889
1703784419893578240.000000 0.193320468 -0.003405234 6.810488224 -0.004681384 -0.125126228 0.003058694 0.992125094
1703784420467717376.000000 0.169987008 -0.002284558 6.877407551 -0.005693091 -0.150706872 0.002043998 0.988560021
1703784421050427136.000000 0.144398987 -0.001924232 6.939358234 -0.003859912 -0.176225930 0.001369953 0.984341264
1703784421641264640.000000 0.116740689 -0.001908228 6.999501228 -0.004116544 -0.202161983 0.001959944 0.979341507
1703784422182992384.000000 0.088118315 -0.003305938 7.055859089 -0.004877769 -0.227107570 0.000368838 0.973857403
1703784422797868800.000000 0.052672654 -0.002591973 7.119451046 -0.006766266 -0.255087823 0.001041064 0.966893673
1703784423384679936.000000 0.013888419 -0.002071251 7.176011086 -0.005081084 -0.281028718 0.001105505 0.959685266
1703784423881389312.000000 -0.020418108 -0.002212469 7.220812321 -0.005803390 -0.304284662 0.001462133 0.952562392
1703784424379314432.000000 -0.057297647 -0.002388387 7.266119480 -0.005845606 -0.328251690 0.002594858 0.944568694
1703784424839939328.000000 -0.092889428 -0.002884574 7.305475712 -0.004043711 -0.350120783 0.004000090 0.936687291
1703784425421473024.000000 -0.141778111 -0.003386099 7.353458881 -0.006180754 -0.379376084 0.003143092 0.925216556
1703784425881662720.000000 -0.182430506 -0.003154746 7.386479378 -0.004801472 -0.402089298 0.001975216 0.915585756
1703784426461259520.000000 -0.236100674 -0.001278242 7.427414417 -0.006931360 -0.432375550 0.002948738 0.901662171
1703784426961175552.000000 -0.283533335 -0.000660831 7.456871986 -0.006460535 -0.459588170 0.001445770 0.888107479
1703784427460908288.000000 -0.332201481 0.000105003 7.482633114 -0.005586135 -0.494517773 0.003326718 0.869143188
1703784427917942016.000000 -0.379277468 0.000428285 7.502327919 -0.006621399 -0.528743684 0.003508777 0.848748446
1703784428417596928.000000 -0.428376675 0.000156883 7.520174026 -0.006155210 -0.561983228 0.003899091 0.827116549
1703784428880940032.000000 -0.474574089 -0.000087388 7.529665470 -0.006596205 -0.596369505 0.003847778 0.802673697
1703784429376772608.000000 -0.522591591 -0.000116590 7.536034584 -0.006383691 -0.632029116 0.003614383 0.774909914
1703784429857616640.000000 -0.556221008 0.000112228 7.536705494 -0.006057526 -0.663708329 0.004558852 0.747953057
1703784430376052992.000000 -0.589779854 0.000212669 7.536634922 -0.005357726 -0.682312310 0.006452543 0.731012702
1703784430873763072.000000 -0.647111416 0.000534788 7.538338184 -0.008005527 -0.692143679 0.003678646 0.721705973
1703784431420162816.000000 -0.707228661 0.000528153 7.543630600 -0.006807235 -0.678807080 0.004026948 0.734274089
1703784431875268096.000000 -0.759298801 0.001437712 7.545530319 -0.006224392 -0.688350022 0.004177418 0.725340009
1703784432374034432.000000 -0.815927982 0.001777906 7.543790817 -0.006444527 -0.706371963 0.004096323 0.707799673
1703784432957159168.000000 -0.882932186 0.001819964 7.542304039 -0.005991380 -0.710915446 0.003704060 0.703242242
1703784433455259392.000000 -0.941641331 0.003006093 7.541083813 -0.007491174 -0.715437472 0.003400928 0.698628306
1703784433915722496.000000 -0.993223667 0.003194544 7.538933754 -0.005980471 -0.717661500 0.004180326 0.696353972
1703784434328889600.000000 -1.039906979 0.002645165 7.537082195 -0.006126718 -0.712394118 0.003102711 0.701746106
1703784434789263104.000000 -1.092194080 0.003044788 7.540671825 -0.005803620 -0.697852194 0.004128478 0.716206372
1703784435373628416.000000 -1.158870697 0.002272006 7.546884537 -0.005304119 -0.675675690 0.003752823 0.737170398
1703784435827760896.000000 -1.210799217 0.002173234 7.555207253 -0.005240499 -0.657889009 0.003829568 0.753086925
1703784436335516160.000000 -1.267463684 0.003348593 7.562535286 -0.005867158 -0.658889532 0.003697613 0.752207756
1703784436919003904.000000 -1.333809376 0.003843158 7.567626476 -0.007113111 -0.677040219 0.002809068 0.735906303
1703784437534943744.000000 -1.403490067 0.004392747 7.572800636 -0.005866769 -0.674664795 0.004627473 0.738086402
1703784438158672640.000000 -1.473974228 0.004510403 7.582608700 -0.005713244 -0.662085891 0.004161495 0.749394655
1703784438744505600.000000 -1.539120197 0.004697189 7.585408211 -0.005640314 -0.675255597 0.004460282 0.737548769
1703784439325562112.000000 -1.603666306 0.004369749 7.595789909 -0.005342966 -0.655866742 0.004655444 0.754843414
1703784439997138432.000000 -1.678842545 0.004979435 7.610551357 -0.005750890 -0.631906033 0.002546569 0.775019467
1703784440535902464.000000 -1.737516880 0.005345719 7.626885414 -0.006112668 -0.616271019 0.003990548 0.787500322
1703784441158905856.000000 -1.804606438 0.006331434 7.648696899 -0.005471964 -0.596466064 0.003776095 0.802610755
1703784441698424320.000000 -1.863465786 0.007327709 7.669470787 -0.007319353 -0.577531636 0.002426475 0.816331863
1703784442369630464.000000 -1.931048393 0.007938216 7.698758125 -0.005203968 -0.553424895 0.003681871 0.832874715
1703784442990433536.000000 -1.995095491 0.008476733 7.728440285 -0.005150775 -0.540992737 0.004194262 0.841001093
1703784443617330944.000000 -2.058153152 0.007942267 7.757796764 -0.003608555 -0.532876015 0.005670723 0.846166611
1703784444155052032.000000 -2.114382267 0.008977397 7.784514904 -0.004628733 -0.538277268 0.004069292 0.842745364
1703784444654822144.000000 -2.166837692 0.010137240 7.806520462 -0.005686591 -0.544333279 0.004415304 0.838838160
1703784445319461888.000000 -2.231948853 0.010030289 7.842218399 -0.006271769 -0.517486155 0.004181477 0.855658412
1703784445946888448.000000 -2.293903828 0.011550676 7.877397537 -0.006648847 -0.510123253 0.003704600 0.860067606
1703784446487306240.000000 -2.348343849 0.012613794 7.904488564 -0.006018871 -0.520894170 0.004458205 0.853588343
1703784446903414784.000000 -2.389442444 0.013150867 7.926910877 -0.005649052 -0.511643469 0.004492220 0.859167576
1703784447281284608.000000 -2.425834179 0.014087509 7.948881626 -0.004410455 -0.500720024 0.005383904 0.865581393
1703784447691877376.000000 -2.464541197 0.013986047 7.974997520 -0.004793577 -0.486428291 0.004945049 0.873693347
1703784448067498752.000000 -2.496535540 0.013963247 8.001050949 -0.004297039 -0.466391027 0.007306461 0.884538114
1703784448484217600.000000 -2.534217358 0.014854070 8.029271126 -0.003804077 -0.452686757 0.007446893 0.891630471
1703784448859947520.000000 -2.566620827 0.014670771 8.057159424 -0.004935934 -0.433933765 0.006781007 0.900905728
1703784449316970496.000000 -2.603976727 0.014244167 8.092811584 -0.004525414 -0.407920986 0.007805034 0.912972689
1703784449774978816.000000 -2.638826609 0.014642572 8.131631851 -0.005134874 -0.373933703 0.006882282 0.927415669
1703784450191892736.000000 -2.665935993 0.016559768 8.170087814 -0.005119032 -0.336725205 0.006799790 0.941564500
1703784450565627136.000000 -2.687357903 0.016357221 8.206074715 -0.004622456 -0.302392542 0.006368397 0.953150988
1703784450940934912.000000 -2.708333492 0.016615059 8.242994308 -0.004976519 -0.270886064 0.005310002 0.962583899
1703784451277209088.000000 -2.725964785 0.017612606 8.276427269 -0.005878214 -0.254340976 0.004965656 0.967083991
1703784451647371520.000000 -2.745422125 0.017210728 8.313143730 -0.003025174 -0.244522229 0.006133681 0.969619572
1703784452024028416.000000 -2.764527559 0.017762845 8.351760864 -0.005196991 -0.234698653 0.006178150 0.972034633
1703784452356375296.000000 -2.780032635 0.018508088 8.387989044 -0.008883969 -0.227695853 0.007781517 0.973660707
1703784452731083520.000000 -2.797592163 0.020306911 8.427888870 -0.013002159 -0.226970717 0.011885023 0.973742306
1703784453107026176.000000 -2.816634893 0.021941179 8.465118408 -0.012594669 -0.223416105 0.007990123 0.974609077
1703784453482470400.000000 -2.838647604 0.021074070 8.500911713 -0.009041733 -0.222582951 -0.003060712 0.974867046
1703784453897364736.000000 -2.860385656 0.020732434 8.537427902 -0.003039190 -0.239637867 -0.002684608 0.970853925
1703784454282273792.000000 -2.877679586 0.019081511 8.568498611 0.006183395 -0.251510769 0.003057263 0.967829943
1703784454731041792.000000 -2.897183657 0.019071404 8.612330437 0.005662074 -0.233252227 0.002795822 0.972395778
1703784455062961408.000000 -2.911984682 0.019951642 8.647970200 0.000357018 -0.215599626 0.001128759 0.976481140
1703784455482589440.000000 -2.927250624 0.018913575 8.688779831 0.002624011 -0.193213403 0.001720577 0.981151760
1703784455853171968.000000 -2.940591812 0.019571126 8.729422569 0.001416473 -0.173641771 0.001732601 0.984806359
1703784456227119104.000000 -2.952335358 0.019498212 8.770658493 -0.001775556 -0.153922096 0.001968795 0.988079429
1703784456644861696.000000 -2.961673260 0.020659218 8.816420555 -0.004274049 -0.132865846 0.002219268 0.991122365
1703784457060328704.000000 -2.971805811 0.021311942 8.863002777 -0.006359739 -0.108358540 0.000433727 0.994091451
1703784457481960448.000000 -2.978175402 0.021192383 8.907684326 -0.005486660 -0.092769735 0.000777708 0.995672226
1703784457892656384.000000 -2.984659672 0.021907814 8.953927994 -0.005612673 -0.069459252 0.000406680 0.997568965
1703784458311636992.000000 -2.987605333 0.022771988 9.000549316 -0.006674998 -0.049214561 0.000144982 0.998765886
1703784458767321088.000000 -2.990790129 0.023365375 9.050847054 -0.004992351 -0.035018027 -0.000028607 0.999374211
1703784459224099584.000000 -2.997283697 0.023136653 9.100642204 -0.004409654 -0.047630668 -0.000417021 0.998855233
1703784459683737344.000000 -3.004513025 0.023388332 9.150967598 -0.004137036 -0.061034907 0.000877352 0.998126686
1703784460183645184.000000 -3.012280226 0.022886178 9.205387115 -0.003371933 -0.075126402 -0.000231592 0.997168303
1703784460682848768.000000 -3.023132801 0.024263700 9.261224747 -0.004214440 -0.078276120 0.000996449 0.996922314
1703784461140825600.000000 -3.029439211 0.025131129 9.311244011 -0.004206710 -0.071461275 0.001217208 0.997433782
1703784461683090688.000000 -3.039490938 0.025710341 9.370306015 -0.004966433 -0.072661094 0.000382398 0.997344255
1703784462221159424.000000 -3.046803713 0.027434263 9.430165291 -0.005095094 -0.062148057 -0.000221571 0.998053908
1703784462766255616.000000 -3.052060366 0.027570516 9.489678383 -0.005377673 -0.050381422 0.000458258 0.998715460
1703784463387662336.000000 -3.055490971 0.028076289 9.557684898 -0.004573894 -0.035793196 0.000700548 0.999348521
1703784463928675840.000000 -3.059369326 0.028553767 9.617590904 -0.004072487 -0.024815852 0.000914437 0.999683321
1703784464470199296.000000 -3.060904980 0.028641367 9.677696228 -0.005852104 -0.015250209 0.000341177 0.999866545
1703784465056196096.000000 -3.058815718 0.028831527 9.740488052 -0.004036655 0.008271558 0.000668709 0.999957442
1703784465680870656.000000 -3.055204153 0.029865783 9.810305595 -0.004316217 0.023446787 0.000644357 0.999715567
1703784466217778432.000000 -3.051980495 0.030165458 9.869075775 -0.003101279 0.027247934 0.000489959 0.999623835
1703784466803115776.000000 -3.049910307 0.031414170 9.933795929 -0.003767438 0.017801477 0.000716392 0.999834180
1703784467388131328.000000 -3.049826860 0.031580519 9.997619629 -0.002729207 0.004881264 -0.000460704 0.999984264
1703784467967262464.000000 -3.052206039 0.032263577 10.061021805 -0.005062217 -0.011069559 -0.000474575 0.999925792
1703784468592284672.000000 -3.054731846 0.032947790 10.118194580 -0.005057498 -0.011616355 0.000054544 0.999919772
1703784469220406016.000000 -3.052492857 0.033751648 10.186614990 -0.005225460 0.016561130 -0.000515180 0.999849081
1703784469799830016.000000 -3.045434952 0.034336690 10.250654221 -0.004499465 0.041735608 -0.000807318 0.999118209
1703784470425887744.000000 -3.035744905 0.035407614 10.320436478 -0.005506280 0.065525241 -0.000780768 0.997835398
1703784471048166400.000000 -3.026301146 0.035906136 10.388268471 -0.004594853 0.058627222 0.000456747 0.998269260
1703784471671898368.000000 -3.014966726 0.036273211 10.456561089 -0.004770214 0.070576973 0.000041526 0.997494936
1703784472299328512.000000 -3.000887871 0.037298497 10.522879601 -0.001913756 0.100943275 0.000246609 0.994890332
1703784473007290112.000000 -2.990453243 0.036689546 10.600359917 -0.002007222 0.068755172 0.000724943 0.997631311
1703784473628784896.000000 -2.979092836 0.037211344 10.668017387 -0.002041177 0.088101611 -0.000323504 0.996109366
1703784474259268096.000000 -2.963319540 0.037428550 10.736021996 -0.003666524 0.106081277 -0.000008366 0.994350731
1703784474919929344.000000 -2.953920603 0.037191980 10.808229446 -0.004840737 0.078268878 0.000058466 0.996920586
1703784475550315264.000000 -2.946706295 0.037591942 10.877197266 -0.005036361 0.048596743 0.000981513 0.998805285
1703784476460100096.000000 -2.944470167 0.038961735 10.977773666 -0.006074288 0.011704393 0.001024512 0.999912560
1703784477125076480.000000 -2.944896698 0.039343257 11.049229622 -0.005909150 -0.008397711 0.002781522 0.999943435
1703784477917633792.000000 -2.947273016 0.040422540 11.136420250 -0.006709624 -0.005237455 0.001918856 0.999961972
1703784478623809280.000000 -2.950393915 0.038940609 11.212062836 -0.006906238 -0.008043832 0.001830250 0.999942124
1703784479544160000.000000 -2.952167511 0.039981615 11.310670853 -0.006253051 -0.009608305 0.000979637 0.999933839
1703784480250138880.000000 -2.957055807 0.040201373 11.387785912 -0.007479467 -0.032237224 0.000962911 0.999451816
1703784480997741056.000000 -2.959795713 0.041118298 11.469953537 -0.009370139 -0.008909815 0.000650620 0.999916196
1703784481871390720.000000 -2.960784435 0.041514918 11.563282967 -0.006574480 -0.011988175 0.001193739 0.999905825
1703784482497716224.000000 -2.962007046 0.043157451 11.630822182 -0.008206355 -0.011701201 -0.000275678 0.999897838
1703784483205190144.000000 -2.962801695 0.044321463 11.707692146 -0.008159031 -0.009972636 0.001206496 0.999916255
1703784483828071936.000000 -2.962645292 0.045389816 11.775966644 -0.008339746 -0.010508345 0.000733470 0.999909759
1703784484457037056.000000 -2.963124514 0.046396423 11.842116356 -0.006882751 -0.009231358 0.001535237 0.999932528
1703784485078512384.000000 -2.965755463 0.047130648 11.908425331 -0.005561231 -0.013480316 0.002422928 0.999890745
1703784485661563648.000000 -2.964673758 0.047574446 11.970487595 -0.007388450 -0.010810779 0.001325880 0.999913394
1703784486118454272.000000 -2.963216066 0.048594784 12.021244049 -0.010786889 -0.007603890 0.001280343 0.999912083
1703784486659743488.000000 -2.965080500 0.048954021 12.077897072 -0.009721517 -0.006638831 0.001864457 0.999929011
1703784487202091776.000000 -2.966601610 0.050035033 12.136070251 -0.009676416 -0.007823421 0.001696599 0.999921143
1703784487826549760.000000 -2.965782166 0.050751161 12.202353477 -0.008420007 -0.009108107 0.002679131 0.999919474
1703784488287983360.000000 -2.968286991 0.051026586 12.251282692 -0.009008415 -0.011027853 0.002016617 0.999896586
1703784488784774656.000000 -2.970700502 0.050857767 12.303584099 -0.008111156 -0.019775098 0.002214384 0.999769092
1703784489242074880.000000 -2.971952677 0.052779242 12.328445435 -0.008530842 -0.020145629 0.002777298 0.999756813
