1702688123750164736.000000 0.000000000 0.000000000 0.000000000 -0.000000000 -0.000000000 -0.000000000 1.000000000
1702688124081733120.000000 -0.000916123 0.001565849 0.038847387 -0.000136821 0.001313428 -0.000257393 0.999999106
1702688124121896448.000000 -0.000735633 0.001512378 0.043611266 -0.000211857 0.001150290 -0.001411349 0.999998331
1702688124373106176.000000 -0.003358203 0.001275088 0.071499534 0.000328121 0.001731956 -0.001427118 0.999997437
1702688124542413824.000000 -0.003277646 0.001680100 0.090919241 0.000772645 -0.000004239 -0.001741045 0.999998212
1702688124788979456.000000 -0.001967517 0.001821823 0.118232943 -0.000126124 -0.004802496 -0.001297645 0.999987602
1702688124914194176.000000 -0.002949254 0.001495339 0.131926566 -0.001512368 -0.004416629 -0.001339406 0.999988258
1702688125043920640.000000 -0.003502982 0.001304513 0.145478040 -0.000778262 -0.005207604 -0.001897911 0.999984324
1702688125207111168.000000 -0.003054152 0.001239171 0.163775280 -0.000826948 -0.007282706 -0.000535311 0.999972999
1702688125622297344.000000 -0.003509979 0.001904258 0.209445104 -0.000010688 -0.003163149 0.000300356 0.999994934
1702688125745691904.000000 -0.004054671 0.001720280 0.223690853 -0.000606966 -0.002849805 0.000752113 0.999995470
1702688125832619520.000000 -0.005579235 0.001255071 0.232353508 -0.001062297 -0.002080119 0.001064576 0.999996722
1702688125914894848.000000 -0.007123413 0.000614212 0.240962297 -0.001004311 -0.001430590 0.000476446 0.999998391
1702688125997769472.000000 -0.004497115 0.001434582 0.250370979 -0.000235263 -0.003075906 0.000549894 0.999995112
1702688126249330688.000000 -0.004077991 0.001393195 0.277459919 -0.000985942 -0.006497263 0.001512373 0.999977291
1702688126370384896.000000 -0.004407080 0.000682793 0.291071206 -0.001010158 -0.005947012 0.001346124 0.999980927
1702688126461143552.000000 -0.005842232 0.001130321 0.299561650 -0.000620767 -0.004896311 0.001736820 0.999986351
1702688126581273856.000000 -0.002624019 0.000128903 0.312239110 -0.001287088 -0.005583739 0.001509991 0.999982476
1702688126703040768.000000 -0.003292228 0.000448617 0.319745630 0.000791048 -0.002443174 0.003027366 0.999992132
1702688126831448576.000000 -0.004344985 0.000122997 0.329030186 0.000765478 -0.002466109 0.003341473 0.999991119
1702688126996325376.000000 -0.009403698 -0.001705270 0.337434024 0.000300183 0.002461120 0.002721606 0.999993205
1702688127120587520.000000 -0.011644715 -0.002118067 0.343994856 -0.000360107 0.005215683 0.002495458 0.999983251
1702688127246314240.000000 -0.011580010 -0.002231312 0.350447536 -0.000650227 0.005712579 0.001518871 0.999982297
1702688127412698880.000000 -0.016314587 -0.002854353 0.357166022 -0.001396157 0.008572344 0.001722878 0.999960780
1702688127541034240.000000 -0.018634049 -0.003660406 0.361153215 -0.002649862 0.008217506 0.001439662 0.999961674
1702688127748889600.000000 -0.021946467 -0.004448470 0.367177963 -0.005292530 0.008419969 0.002140807 0.999948263
1702688127912306688.000000 -0.021547705 -0.003947785 0.369830459 -0.003912950 0.005053404 0.001843874 0.999977887
1702688128079717376.000000 -0.021156570 -0.003600277 0.372517884 -0.003009164 0.004655435 0.000696906 0.999984384
1702688128287231488.000000 -0.020685202 -0.003479677 0.375508159 -0.000991145 0.004666234 -0.000480533 0.999988556
1702688128496362752.000000 -0.020597372 -0.003425338 0.376437664 -0.000429492 0.001678181 -0.000042217 0.999998510
1702688128702517504.000000 -0.021294145 -0.003258126 0.378549963 -0.001465432 -0.002881314 0.000840165 0.999994457
1702688128952136448.000000 -0.021390811 -0.003329821 0.380668432 -0.000697229 -0.007666287 0.000207083 0.999970376
1702688129200797952.000000 -0.021388363 -0.003413453 0.382803023 0.000147344 -0.007738734 -0.000452071 0.999969959
1702688129411471104.000000 -0.021043984 -0.003376175 0.384574085 -0.000178225 -0.000697289 0.000454125 0.999999642
1702688129619128832.000000 -0.020971637 -0.003366462 0.386287123 0.001780416 -0.003691952 0.000324924 0.999991536
1702688129868022784.000000 -0.021262495 -0.003473192 0.388516903 -0.000379904 -0.005119408 0.001260253 0.999986053
1702688130120097280.000000 -0.021304812 -0.003304854 0.390713841 -0.002483488 -0.007315411 0.001560580 0.999968946
1702688130329644544.000000 -0.021331908 -0.003277340 0.392497003 -0.002625771 -0.004482111 0.000877891 0.999986112
1702688130536747776.000000 -0.021322530 -0.003207518 0.394250989 -0.003166453 -0.000331453 0.001398970 0.999993980
1702688130783398656.000000 -0.021369329 -0.003238085 0.396409333 -0.005426008 0.001751901 0.000475794 0.999983668
1702688130996082176.000000 -0.021306112 -0.003149786 0.398160249 -0.005338444 0.004008038 0.000850363 0.999977350
1702688131241282304.000000 -0.021343870 -0.002972365 0.400219947 -0.002650033 0.012940818 0.000946883 0.999912322
1702688131618231040.000000 -0.021186598 -0.003059939 0.403135508 -0.003476215 0.017085796 0.000420866 0.999847889
1702688132034559488.000000 -0.020612521 -0.003082740 0.406396210 -0.003722079 0.024392880 -0.000251880 0.999695480
1702688132497689344.000000 -0.020640817 -0.003056827 0.410028130 -0.003447143 0.026848249 -0.000206124 0.999633610
1702688133033561088.000000 -0.020419147 -0.003026683 0.414496273 -0.003248050 0.027688250 -0.000976421 0.999610841
1702688133491797504.000000 -0.020313015 -0.002914496 0.418228567 -0.004157149 0.025495254 -0.002330746 0.999663591
1702688133952734464.000000 -0.020154277 -0.002858235 0.421942145 -0.005319633 0.027122855 -0.002915951 0.999613702
1702688134530259200.000000 -0.019890331 -0.002824713 0.426570088 -0.004060305 0.027982814 -0.002236805 0.999597669
1702688135035673088.000000 -0.019531177 -0.002666951 0.430489480 -0.004520745 0.027971096 -0.002257930 0.999596000
1702688135619563264.000000 -0.019370425 -0.002853866 0.435131609 -0.003334608 0.026809938 -0.001446485 0.999633968
1702688136239547392.000000 -0.018860530 -0.002849068 0.440206170 -0.005581510 0.031003721 -0.002771501 0.999499857
1702688136946995200.000000 -0.018544404 -0.002737256 0.445736736 -0.003372704 0.029133379 -0.002205477 0.999567449
1702688137570986752.000000 -0.018428929 -0.002802668 0.450770080 -0.004684418 0.023962341 -0.000620667 0.999701738
1702688138151272704.000000 -0.018245434 -0.002787742 0.455381632 -0.004418070 0.023395071 0.000036501 0.999716520
1702688138744244224.000000 -0.018150603 -0.002715102 0.459904939 -0.003573274 0.017408242 0.000369862 0.999842048
1702688139194115328.000000 -0.017721727 -0.002724881 0.463434577 -0.002157965 0.043195348 -0.000844982 0.999063969
1702688139484064000.000000 -0.017471140 -0.002705741 0.465750933 -0.001864717 0.059017200 -0.001580367 0.998254001
1702688139859516160.000000 -0.016825903 -0.002809945 0.468603820 -0.002359995 0.074208021 -0.001443670 0.997238994
1702688140275488000.000000 -0.016236529 -0.002893900 0.471853614 -0.000343337 0.092874058 -0.001255161 0.995677054
1702688140609241344.000000 -0.015590608 -0.002856821 0.474408209 -0.001905755 0.107453562 -0.002112798 0.994206071
1702688140942411776.000000 -0.014758468 -0.002762248 0.477052540 -0.003326755 0.119719557 -0.000123026 0.992802203
1702688141277390592.000000 -0.014244448 -0.002823785 0.479475439 -0.002318480 0.126789421 0.000052557 0.991926968
1702688141608809984.000000 -0.013366167 -0.002748514 0.482106507 -0.001984678 0.126074657 -0.000772973 0.992018461
1702688142523002624.000000 -0.012065820 -0.002787681 0.489029616 -0.001074911 0.115345821 -0.001525324 0.993323684
1702688142857405696.000000 -0.011248801 -0.002699739 0.491542041 -0.001074814 0.115354702 -0.001897952 0.993321955
1702688143274113280.000000 -0.010550002 -0.002631693 0.494731098 -0.001956347 0.112281516 -0.001634688 0.993673146
1702688143693687552.000000 -0.010307023 -0.002617454 0.497933060 -0.001520353 0.109166950 -0.001975686 0.994020343
1702688144148795392.000000 -0.009222879 -0.002762389 0.501334310 -0.002046559 0.109672844 -0.001718591 0.993964136
1702688144479971328.000000 -0.008681603 -0.002733107 0.503792703 0.000247592 0.109638065 -0.001163324 0.993970871
1702688145066237440.000000 -0.007397596 -0.002687125 0.508338213 0.000048217 0.117721245 -0.001188657 0.993045986
1702688145396626944.000000 -0.007017713 -0.002814711 0.510843694 -0.001607774 0.119542465 -0.001023928 0.992827296
1702688145690100992.000000 -0.006391259 -0.002716882 0.513163030 -0.002168005 0.116922602 -0.001619808 0.993137360
1702688146063144192.000000 -0.005846084 -0.002786661 0.515908480 -0.000999663 0.101402305 -0.000807673 0.994844675
1702688146525764096.000000 -0.005398873 -0.002768196 0.519474864 -0.001225387 0.083950505 -0.000727849 0.996468902
1702688146900242432.000000 -0.004726856 -0.002646070 0.522387862 -0.002917250 0.064449675 -0.000665825 0.997916460
1702688147310423296.000000 -0.004470619 -0.002723639 0.525477529 -0.001455443 0.080037504 -0.000184795 0.996790767
1702688147854380544.000000 -0.003828107 -0.002631371 0.529777586 -0.001895636 0.088322833 -0.000605337 0.996089935
1702688148186747392.000000 -0.003105695 -0.002641679 0.532430947 -0.002888770 0.086178921 -0.001412260 0.996274531
1702688148521043456.000000 -0.002734213 -0.002640618 0.534931540 -0.001876927 0.087280080 -0.001284604 0.996181190
1702688148893343232.000000 -0.002313171 -0.002680920 0.537805498 -0.001124009 0.087581269 -0.000512666 0.996156633
1702688149228983552.000000 -0.001673093 -0.002684733 0.540402532 -0.000163958 0.089668132 -0.001370910 0.995970786
1702688149600508160.000000 -0.001256037 -0.002675604 0.543346763 0.000104273 0.087825641 -0.001631182 0.996134520
1702688149933374208.000000 -0.000745337 -0.002725916 0.545874596 -0.000330235 0.089098014 -0.000646724 0.996022642
1702688150226515200.000000 -0.000229901 -0.002663627 0.548095405 0.001160510 0.091389671 -0.001099387 0.995813966
1702688150681774080.000000 0.000421729 -0.002717371 0.551626921 0.001272643 0.097506769 -0.000511983 0.995233893
1702688151101100544.000000 0.001162602 -0.002689265 0.554875076 0.000455581 0.098896720 -0.001439384 0.995096564
1702688151558432512.000000 0.001650312 -0.002659013 0.558473229 -0.001900760 0.104062103 -0.001906247 0.994567156
1702688152101733888.000000 0.002616795 -0.002777778 0.562648475 -0.001795292 0.105318815 -0.001017057 0.994436383
1702688152640086528.000000 0.003777803 -0.002745310 0.566810489 -0.002654244 0.110568978 -0.001953733 0.993862987
1702688153181485056.000000 0.004864797 -0.002691461 0.570923626 -0.002055291 0.130189627 -0.001777676 0.991485417
1702688153649232640.000000 0.005839613 -0.002556879 0.574299455 0.000010852 0.137897938 -0.004264950 0.990437269
1702688154181142272.000000 0.006936365 -0.002616574 0.578342319 -0.000020194 0.135093570 -0.004337672 0.990823328
1702688154638869760.000000 0.007796590 -0.002624052 0.581792474 0.001225849 0.125890046 -0.004754263 0.992032111
1702688155225627136.000000 0.008756663 -0.002517062 0.586278379 0.000688711 0.108711459 -0.005890866 0.994055688
1702688155762986752.000000 0.009395471 -0.002355699 0.590398848 -0.000880728 0.089860834 -0.007537443 0.995925426
1702688156301827328.000000 0.009863824 -0.002298903 0.594237268 -0.002566808 0.067412227 -0.007074956 0.997696817
1702688156927083520.000000 0.009870748 -0.002362685 0.598881423 -0.001034796 0.034729343 -0.005082451 0.999383330
1702688157384394752.000000 0.009906050 -0.002269777 0.602532923 -0.002187605 0.017174317 -0.006345748 0.999830008
1702688157802221056.000000 0.009808668 -0.002301245 0.605710089 -0.004563236 -0.000876160 -0.007036421 0.999964476
1702688158345129216.000000 0.009889584 -0.002331831 0.609911323 -0.003280774 -0.004151516 -0.006187769 0.999966860
1702688158843538688.000000 0.009758836 -0.002213396 0.613692641 -0.003235853 0.010055731 -0.006474517 0.999923289
1702688159634908160.000000 0.009438185 -0.002259141 0.619717002 -0.002712064 -0.008048891 -0.006198418 0.999944746
1702688160301063936.000000 0.009456029 -0.002245706 0.624808669 -0.003456543 -0.006130820 -0.005580629 0.999959648
1702688160717616896.000000 0.009338624 -0.002210812 0.627740860 -0.003912964 0.008072577 -0.005644214 0.999943852
1702688161091637760.000000 0.009460701 -0.002145978 0.630289912 -0.002556229 0.023305058 -0.005406594 0.999710560
1702688161465257472.000000 0.009489446 -0.002221514 0.632902026 -0.001564631 0.023630651 -0.004928749 0.999707401
1702688161923547392.000000 0.009534460 -0.002226019 0.636074424 -0.001475078 0.023536494 -0.005334913 0.999707699
1702688162381815808.000000 0.009704159 -0.002191576 0.639208674 -0.001066173 0.027695900 -0.004211563 0.999606967
1702688162800902144.000000 0.009881227 -0.002135536 0.641990662 -0.000945077 0.032795444 -0.004395020 0.999451995
1702688163216285696.000000 0.010132591 -0.002148882 0.644834399 -0.000956827 0.040468022 -0.004631641 0.999169648
1702688163590433024.000000 0.010338032 -0.002202667 0.647370338 -0.001985693 0.047557902 -0.004804288 0.998854995
1702688164049594624.000000 0.010620657 -0.002179157 0.650456369 -0.001574898 0.054548625 -0.004388254 0.998500228
1702688165046766336.000000 0.011419345 -0.002228540 0.657116532 -0.003233391 0.056519005 -0.005261174 0.998382449
1702688165465056512.000000 0.011518369 -0.002141555 0.659897745 -0.001888324 0.059945498 -0.004427478 0.998190045
1702688165922464000.000000 0.011640748 -0.002191930 0.662905157 -0.002622505 0.056470927 -0.005488573 0.998385727
1702688166419400960.000000 0.012152351 -0.002135048 0.666111231 -0.002261422 0.069063202 -0.007536543 0.997581244
1702688166839126784.000000 0.012178698 -0.002061809 0.668835163 -0.003049202 0.062293176 -0.006368531 0.998032928
1702688167254104576.000000 0.012670943 -0.002145064 0.671603918 -0.004026043 0.078596339 -0.006215636 0.996879041
1702688167674500864.000000 0.012738525 -0.002189121 0.674478352 -0.003678951 0.086030506 -0.005934129 0.996268034
1702688168046794240.000000 0.013037132 -0.002119194 0.676897883 -0.003591258 0.095304534 -0.004352443 0.995432198
1702688168376931328.000000 0.013268675 -0.002093023 0.678965986 -0.003655756 0.100626893 -0.003850149 0.994910061
1702688168750536448.000000 0.013572590 -0.002199864 0.681362271 -0.003807374 0.108436145 -0.002719881 0.994092405
1702688169131126528.000000 0.013738628 -0.002111058 0.683582664 -0.003169464 0.120984226 -0.004745636 0.992638052
1702688169513985536.000000 0.013952976 -0.002141131 0.686048388 -0.004077157 0.135126173 -0.005075982 0.990806997
1702688169791956480.000000 0.013954978 -0.002021011 0.687986195 -0.004081594 0.147006154 -0.005457575 0.989112139
1702688170082923776.000000 0.014108032 -0.002049931 0.689764261 -0.002969353 0.157136366 -0.004559813 0.987561941
1702688170373646336.000000 0.014159919 -0.002066982 0.692018986 -0.002079477 0.174007639 -0.003444836 0.984736085
1702688170669401600.000000 0.014190224 -0.002111651 0.694014192 -0.002479324 0.190449223 -0.005767998 0.981676996
1702688170919453184.000000 0.013436286 -0.001646084 0.695879281 -0.000836019 0.203505695 -0.005887679 0.979055703
1702688171207048192.000000 0.013453574 -0.002071853 0.698167026 -0.002193984 0.215927094 -0.001386106 0.976406097
1702688171582180608.000000 0.013613895 -0.001902623 0.700020850 -0.003449646 0.224030688 -0.002900234 0.974571705
1702688171956597760.000000 0.012642896 -0.002312364 0.701788902 -0.006513307 0.230250195 -0.002513550 0.973106444
1702688172165761536.000000 0.012088526 -0.002429106 0.702361465 -0.007717104 0.232302830 -0.002993333 0.972608328
1702688172502281472.000000 0.011252688 -0.002909956 0.703898430 -0.011590746 0.235198230 -0.003739943 0.971871138
1702688172707171328.000000 0.011298155 -0.002976098 0.704562664 -0.012508840 0.233427495 -0.003984765 0.972285569
1702688173080498432.000000 0.011487717 -0.003062194 0.705966413 -0.013714105 0.201016277 -0.001728859 0.979490399
1702688174121710848.000000 0.011858260 -0.002755601 0.710804284 -0.012382448 0.104459681 0.000816673 0.994451702
1702688174412275200.000000 0.012164892 -0.002980457 0.712046385 -0.014310023 0.075903691 0.002887112 0.997008324
1702688174661454336.000000 0.012587232 -0.002952064 0.713636100 -0.014002511 0.050722737 0.003599440 0.998608112
1702688174871984128.000000 0.012854731 -0.002874942 0.714872241 -0.013469574 0.033639744 0.003563439 0.999336898
1702688175161272320.000000 0.012949589 -0.002314692 0.716505289 -0.009313694 0.009263855 0.003518760 0.999907553
1702688175411400192.000000 0.014006809 -0.002395062 0.718336582 -0.010996016 -0.018905789 0.004179325 0.999752045
1702688175705793792.000000 0.014469504 -0.002547147 0.719585717 -0.013456316 -0.033052918 0.003799137 0.999355793
1702688176038653952.000000 0.015037706 -0.002569637 0.721223116 -0.015823869 -0.054833688 0.004116660 0.998361647
1702688176284704512.000000 0.015304368 -0.002738008 0.722292125 -0.020817408 -0.067835733 0.003888554 0.997471750
1702688176578627072.000000 0.015730035 -0.002903488 0.723574758 -0.022632735 -0.086000860 0.002038479 0.996035874
1702688176872291840.000000 0.015936699 -0.003037789 0.724723101 -0.025554683 -0.100782648 -0.000065487 0.994580209
1702688177162247168.000000 0.015669387 -0.003109677 0.725014210 -0.026726514 -0.102602638 -0.001203920 0.994362593
1702688177494449920.000000 0.015449641 -0.003317841 0.725367904 -0.032531496 -0.099943168 -0.002779961 0.994457364
1702688177827694848.000000 0.015291754 -0.003420938 0.725878716 -0.035215762 -0.104469396 -0.004008433 0.993896365
1702688178164684800.000000 0.015001412 -0.003469651 0.726325154 -0.037229303 -0.109257370 -0.005610855 0.993300200
1702688178576162048.000000 0.014765375 -0.003440473 0.727056086 -0.039245568 -0.121288396 -0.007661379 0.991811574
1702688179075419392.000000 0.014318771 -0.003561589 0.727578044 -0.045739103 -0.138937533 -0.004246803 0.989235222
1702688179450808064.000000 0.014073759 -0.003710337 0.728030026 -0.049155582 -0.152403265 -0.008046076 0.987062454
1702688179742470144.000000 0.013852879 -0.003787104 0.728384078 -0.051236678 -0.163153142 -0.010300548 0.985215604
1702688180075831552.000000 0.013598057 -0.003747193 0.728894353 -0.052667495 -0.176621079 -0.009211798 0.982825696
1702688180330597120.000000 0.013435863 -0.003786821 0.729159474 -0.053233594 -0.186706245 -0.008569525 0.980935037
1702688180659303168.000000 0.013077479 -0.003720834 0.729500651 -0.053926170 -0.196854994 -0.007603902 0.978918910
1702688180990787072.000000 0.012850314 -0.003696338 0.730052710 -0.055506431 -0.216740936 -0.007423090 0.974621654
1702688181286049536.000000 0.012598891 -0.003655923 0.730495930 -0.054086439 -0.232542202 -0.003781793 0.971073866
1702688181620156416.000000 0.012311064 -0.003638706 0.730833650 -0.055988383 -0.247147292 -0.002509496 0.967355788
1702688181950026752.000000 0.012014549 -0.003553852 0.731367111 -0.056221336 -0.264638007 -0.002095938 0.962705314
1702688182366729984.000000 0.011611372 -0.003498025 0.731978178 -0.057785664 -0.286334097 -0.001884657 0.956383884
1702688182738425856.000000 0.011190996 -0.003441958 0.732416034 -0.059360106 -0.306687742 -0.000965803 0.949956894
1702688183073505536.000000 0.010844454 -0.003390372 0.732836843 -0.059860893 -0.327412248 0.000543869 0.942983389
1702688183452444672.000000 0.010399699 -0.003344795 0.733275175 -0.060563829 -0.353062570 0.002654722 0.933633685
1702688183780685312.000000 0.009993300 -0.003308460 0.733634830 -0.060516067 -0.377320260 0.004283981 0.924093544
1702688184076856576.000000 0.009645253 -0.003263848 0.733913660 -0.061314963 -0.396418750 0.005738949 0.916002095
1702688184278225152.000000 0.009361625 -0.003256612 0.734134912 -0.062140614 -0.414034903 0.005576149 0.908120334
1702688184529604864.000000 0.009045437 -0.003216948 0.734349370 -0.061573498 -0.433535933 0.007874299 0.898995697
1702688184779060736.000000 0.008732378 -0.003175633 0.734541535 -0.061260566 -0.455171585 0.010293144 0.888234258
1702688185028965888.000000 0.008447349 -0.003161531 0.734718263 -0.060413938 -0.475099832 0.011365995 0.877781928
1702688185363918592.000000 0.007965386 -0.003123652 0.734917283 -0.060436126 -0.501276851 0.013849418 0.863062739
1702688185821190912.000000 0.007308573 -0.003059652 0.735166550 -0.061183967 -0.538158953 0.015894052 0.840469360
1702688186155927296.000000 0.006943077 -0.003069792 0.735253453 -0.061288107 -0.558064282 0.016099663 0.827374637
1702688186449345792.000000 0.006657928 -0.003010865 0.735308409 -0.058966253 -0.577880383 0.017971264 0.813790143
1702688186654223360.000000 0.006509662 -0.002990067 0.735388339 -0.059290349 -0.587682247 0.019023975 0.806692183
1702688186902578944.000000 0.006361783 -0.002993565 0.735423565 -0.058083147 -0.594022930 0.020083029 0.802097142
1702688187195729408.000000 0.005910605 -0.002943579 0.735552549 -0.059440300 -0.586610854 0.018925156 0.807462871
1702688187403634944.000000 0.005563200 -0.002917100 0.735662699 -0.059574131 -0.583210289 0.017728277 0.809939742
1702688187656475904.000000 0.005151987 -0.002898958 0.735747755 -0.059511669 -0.588677764 0.017377922 0.805986881
1702688188233272320.000000 0.004234254 -0.002824862 0.736056149 -0.059587412 -0.589761794 0.018454859 0.805164456
1702688188527059200.000000 0.003750980 -0.002774753 0.736183107 -0.058339629 -0.586692452 0.019088937 0.807480097
1702688188863511552.000000 0.003217638 -0.002735674 0.736382186 -0.058971301 -0.580713153 0.018226285 0.811765015
1702688189151738368.000000 0.002747774 -0.002706036 0.736508429 -0.058918387 -0.595810115 0.019874306 0.800714672
1702688189400793088.000000 0.002349496 -0.002662919 0.736617863 -0.057529517 -0.605097950 0.021273034 0.793784857
1702688189734070784.000000 0.001794875 -0.002625212 0.736731768 -0.057946678 -0.605109453 0.018677367 0.793811083
1702688190108116992.000000 0.001169324 -0.002577316 0.736875176 -0.058375541 -0.619265735 0.019207632 0.782772779
1702688190399482624.000000 0.000694335 -0.002556615 0.736910522 -0.056674451 -0.629483759 0.020730790 0.774666667
1702688190731891456.000000 0.000160336 -0.002498258 0.737162113 -0.056186754 -0.620208621 0.020548353 0.782152236
1702688191152343552.000000 -0.000537038 -0.002482809 0.737269759 -0.058411736 -0.622845113 0.020475488 0.779892802
1702688191688300544.000000 -0.001407504 -0.002439674 0.737473667 -0.056601658 -0.613311589 0.021205584 0.787524939
1702688192151530752.000000 -0.002152503 -0.002370667 0.737709582 -0.056198608 -0.599333584 0.022130864 0.798217535
1702688192480369664.000000 -0.002678216 -0.002324656 0.737898588 -0.057410944 -0.591202199 0.020136712 0.804225385
1702688193020732160.000000 -0.003550172 -0.002271947 0.738193691 -0.061473049 -0.583600581 0.017613627 0.809519112
1702688193482086912.000000 -0.004287630 -0.002219517 0.738410354 -0.059651379 -0.588158846 0.018055227 0.806340516
1702688193897326848.000000 -0.004932284 -0.002159838 0.738678873 -0.057869211 -0.571206331 0.017970817 0.818566740
1702688194355691008.000000 -0.005656123 -0.002090823 0.738956451 -0.057531580 -0.566066921 0.016187526 0.822190046
1702688194644421888.000000 -0.006104410 -0.002062857 0.739140749 -0.057923552 -0.560337722 0.017016757 0.826061130
1702688195027078912.000000 -0.006683230 -0.002024245 0.739357114 -0.059374165 -0.563426435 0.018969117 0.823811531
1702688195272068096.000000 -0.007082343 -0.001989335 0.739490688 -0.058165312 -0.559284568 0.017608030 0.826745152
1702688195560662016.000000 -0.007532358 -0.001955766 0.739687324 -0.057607699 -0.549299657 0.016545262 0.833473146
1702688195854430976.000000 -0.007969350 -0.001928579 0.739865363 -0.057177667 -0.549726367 0.016342528 0.833225489
1702688196271027200.000000 -0.008654088 -0.001854409 0.740162134 -0.058600195 -0.537146747 0.014548172 0.841324985
1702688196684619264.000000 -0.009225368 -0.001807008 0.740473032 -0.057246745 -0.524733782 0.014837474 0.849209726
1702688197143969792.000000 -0.009931266 -0.001721796 0.740871549 -0.058509879 -0.506458461 0.011967014 0.860193729
1702688197603773952.000000 -0.010571659 -0.001675129 0.741260052 -0.060225237 -0.487677932 0.011233842 0.870871365
1702688198068964352.000000 -0.011197805 -0.001578161 0.741727591 -0.059746891 -0.466994882 0.011439185 0.882165134
1702688198564799488.000000 -0.011861205 -0.001464980 0.742247462 -0.059109528 -0.444305360 0.009859872 0.893868864
1702688199020442368.000000 -0.012391940 -0.001428662 0.742735922 -0.058971852 -0.431554377 0.009728204 0.900104702
1702688199558371840.000000 -0.013043210 -0.001351317 0.743352830 -0.059243254 -0.420231849 0.009337797 0.905432642
1702688199852853248.000000 -0.013416186 -0.001278888 0.743664920 -0.056675319 -0.415680617 0.008719904 0.907701194
1702688200140529408.000000 -0.013794899 -0.001246927 0.743910074 -0.056640115 -0.416343391 0.008400466 0.907402635
1702688200353221632.000000 -0.014032811 -0.001215976 0.744177818 -0.058268979 -0.419497460 0.008652207 0.905843139
1702688200598961920.000000 -0.014370009 -0.001156943 0.744415283 -0.058779676 -0.421205759 0.009927870 0.905003905
1702688200807152384.000000 -0.014634863 -0.001097776 0.744617462 -0.056847159 -0.425548375 0.011489780 0.903075278
1702688201022895872.000000 -0.014896810 -0.001158593 0.744780302 -0.060132518 -0.428705037 0.009851116 0.901387274
1702688201226444288.000000 -0.015173718 -0.001076795 0.745037794 -0.059245966 -0.443574429 0.012137181 0.894194782
1702688201432756736.000000 -0.015447840 -0.001054058 0.745200992 -0.060122985 -0.445907831 0.011003835 0.892989576
1702688201679911424.000000 -0.015779302 -0.001010390 0.745447636 -0.060364153 -0.446425349 0.010603688 0.892719507
1702688201974813696.000000 -0.016177371 -0.000965048 0.745736539 -0.060928412 -0.449114680 0.009727864 0.891341209
1702688202388726784.000000 -0.016735628 -0.000879971 0.746173799 -0.061256278 -0.455477655 0.010679062 0.888073087
1702688202639366912.000000 -0.017076001 -0.000855418 0.746335268 -0.060458459 -0.454269022 0.011328010 0.888738573
1702688203012300800.000000 -0.017508745 -0.000729404 0.746853530 -0.059077833 -0.450275034 0.010867372 0.890867054
1702688203348047872.000000 -0.017960876 -0.000771591 0.747108817 -0.060988877 -0.441408157 0.009100935 0.895185113
1702688203765538048.000000 -0.018388510 -0.000653742 0.747581959 -0.058284547 -0.413884252 0.010169218 0.908404887
1702688204010977024.000000 -0.018698677 -0.000633923 0.747859836 -0.058704920 -0.402608156 0.008991926 0.913443804
1702688204221483008.000000 -0.018944353 -0.000627914 0.748098433 -0.059054434 -0.391731501 0.007548748 0.918151438
1702688204556324864.000000 -0.019315258 -0.000541525 0.748505235 -0.058582932 -0.376536429 0.006598122 0.924524128
1702688204806487296.000000 -0.019577935 -0.000510672 0.748818517 -0.059618320 -0.361652344 0.004473676 0.930394113
1702688205057054464.000000 -0.019851789 -0.000476625 0.749109983 -0.059590340 -0.344721705 0.003728397 0.936804235
1702688205360034816.000000 -0.020091631 -0.000390112 0.749513626 -0.058588337 -0.328942746 0.004504059 0.942519903
1702688205635432448.000000 -0.020353124 -0.000345767 0.749880135 -0.059961211 -0.311663568 0.003162110 0.948293447
1702688206013332224.000000 -0.020646796 -0.000291845 0.750416517 -0.059807062 -0.275921196 0.000115394 0.959317803
1702688206347591936.000000 -0.020867281 -0.000238418 0.750901580 -0.058547646 -0.245254681 -0.001316945 0.967688322
1702688206716457728.000000 -0.021072969 -0.000151636 0.751473546 -0.059102524 -0.210167781 -0.002889091 0.975872993
1702688207091658752.000000 -0.021236591 -0.000084274 0.752053916 -0.059164107 -0.173868492 -0.005850513 0.982972622
1702688207469698560.000000 -0.021383267 0.000005525 0.752654552 -0.058883019 -0.141280934 -0.008060331 0.988183975
1702688208217501952.000000 -0.021586370 0.000137739 0.753872275 -0.057945721 -0.085133173 -0.010704848 0.994625568
1702688208634181376.000000 -0.021653922 0.000240213 0.754535377 -0.057371598 -0.074215986 -0.011961815 0.995518684
1702688209008103680.000000 -0.021725824 0.000326074 0.755149543 -0.059143532 -0.072400019 -0.009031663 0.995579600
1702688209552491264.000000 -0.021810088 0.000448111 0.756030917 -0.064468734 -0.081421651 -0.005458124 0.994577587
1702688209965744384.000000 -0.022056349 0.000536035 0.756716430 -0.063232385 -0.093076050 -0.016074089 0.993519068
1702688210215263488.000000 -0.022215189 0.000577216 0.757099509 -0.061930884 -0.110220417 -0.018922776 0.991795361
1702688210465261568.000000 -0.022292258 0.000616105 0.757448077 -0.056607455 -0.130907550 -0.016423358 0.989640892
1702688210761063168.000000 -0.022432135 0.000643604 0.757820666 -0.047565579 -0.149050638 -0.010994495 0.987623692
1702688211048176640.000000 -0.022491857 0.000660592 0.758231342 -0.044124857 -0.127869561 -0.009058083 0.990767539
1702688211630906880.000000 -0.022642143 0.000751329 0.759157360 -0.055174049 -0.090217136 -0.015370296 0.994273841
1702688212009487872.000000 -0.022666844 0.000815159 0.759704292 -0.049643040 -0.074139051 -0.015784256 0.995886445
1702688212470498560.000000 -0.022724971 0.000889381 0.760452151 -0.050937708 -0.050538994 -0.015629260 0.997299850
1702688212837169408.000000 -0.022731401 0.000966633 0.761084795 -0.054067966 -0.029605256 -0.017526187 0.997944415
1702688213129238784.000000 -0.022709349 0.001010598 0.761559188 -0.056317683 -0.015543248 -0.019005548 0.998111010
1702688213461039872.000000 -0.022705909 0.001066908 0.762103736 -0.057546608 0.002919616 -0.020031156 0.998137593
1702688213836076288.000000 -0.022679485 0.001177161 0.762710631 -0.055962928 0.022328228 -0.019979682 0.997983217
1702688214335704576.000000 -0.022588089 0.001238768 0.763495028 -0.056963414 0.050332427 -0.022561396 0.996851444
1702688215003734784.000000 -0.022417627 0.001328660 0.764487326 -0.055432294 0.084355734 -0.024499180 0.994590938
1702688215378481152.000000 -0.022279236 0.001387986 0.765054584 -0.054832462 0.089508489 -0.024277974 0.994179189
1702688215835157760.000000 -0.022196852 0.001463065 0.765782595 -0.053549949 0.080112480 -0.024292868 0.995049894
1702688216292660224.000000 -0.022149485 0.001537535 0.766501844 -0.054351576 0.056326196 -0.023142789 0.996663272
1702688216710136832.000000 -0.022103988 0.001620820 0.767168283 -0.053762019 0.038724631 -0.021782199 0.997564852
1702688217209284864.000000 -0.022067474 0.001708659 0.767946541 -0.055077754 0.031060444 -0.020760704 0.997782886
1702688217669043968.000000 -0.022006104 0.001789625 0.768672884 -0.056361064 0.041964088 -0.021546138 0.997295439
1702688218125150208.000000 -0.021907428 0.001855755 0.769366860 -0.054424807 0.047553394 -0.021720124 0.997148395
1702688218631150848.000000 -0.021844029 0.001962581 0.770150185 -0.055375241 0.048957676 -0.021672636 0.997029126
1702688219040821504.000000 -0.021777224 0.002032309 0.770802855 -0.055401988 0.053682622 -0.022591397 0.996764004
1702688219501702400.000000 -0.021725049 0.002107841 0.771508932 -0.055617977 0.057070896 -0.022518964 0.996565342
1702688219873607680.000000 -0.021620516 0.002177328 0.772075534 -0.053368870 0.069713987 -0.022483768 0.995884657
1702688220288699136.000000 -0.021535240 0.002244382 0.772740364 -0.054482985 0.071877144 -0.023347199 0.995650649
1702688220788374016.000000 -0.021375813 0.002329003 0.773493171 -0.054290794 0.085194416 -0.023573810 0.994604826
1702688221375895552.000000 -0.021148272 0.002422461 0.774377942 -0.052407928 0.109586455 -0.024412971 0.992294431
1702688221911617024.000000 -0.020938445 0.002493718 0.775193930 -0.052108087 0.127917334 -0.025675803 0.990082145
1702688222456114688.000000 -0.020699516 0.002583134 0.776002645 -0.050542213 0.141419798 -0.026280614 0.988309324
1702688222995658240.000000 -0.020466547 0.002664895 0.776804030 -0.050381821 0.138904750 -0.026731076 0.988662004
1702688223499275008.000000 -0.020258553 0.002736825 0.777557850 -0.051752962 0.126662731 -0.025443114 0.990268111
1702688223910227456.000000 -0.020122573 0.002790674 0.778196096 -0.051351991 0.115131885 -0.024614729 0.991716564
1702688224409829632.000000 -0.020006707 0.002856238 0.778823256 -0.052558474 0.099894017 -0.023055622 0.993341446
1702688224785209088.000000 -0.019928470 0.002896326 0.779227614 -0.051801305 0.104178891 -0.023999259 0.992918670
1702688225118273024.000000 -0.019783162 0.002952726 0.779751241 -0.053172957 0.117090970 -0.025443166 0.991370261
1702688225619565056.000000 -0.019568991 0.003033082 0.780485034 -0.052223694 0.132620424 -0.026467094 0.989436209
1702688225994270720.000000 -0.019392505 0.003090496 0.781056583 -0.052456219 0.139459670 -0.026678285 0.988477409
1702688226455904512.000000 -0.019161332 0.003155353 0.781689227 -0.052627828 0.156076252 -0.027993131 0.985944688
1702688226990550528.000000 -0.018862206 0.003232989 0.782473922 -0.051753629 0.170506701 -0.027871780 0.983601630
1702688227532587520.000000 -0.018573226 0.003305801 0.783239722 -0.051332094 0.179393396 -0.027764395 0.982044876
1702688227951182592.000000 -0.018337809 0.003369587 0.783848345 -0.050897706 0.177329049 -0.027636783 0.982445955
1702688228409794048.000000 -0.018045006 0.003416067 0.784486532 -0.050867137 0.187268391 -0.028869817 0.980565965
1702688228988925952.000000 -0.017662480 0.003489271 0.785295963 -0.049054947 0.214964196 -0.030066025 0.974925637
1702688229405889024.000000 -0.017363988 0.003534724 0.785877585 -0.047001537 0.231136471 -0.031803250 0.971264839
1702688229782695424.000000 -0.017100662 0.003558232 0.786385357 -0.047693975 0.239890009 -0.031373560 0.969120145
1702688230113241856.000000 -0.016845774 0.003590888 0.786830306 -0.045987401 0.247540534 -0.031152932 0.967284024
1702688230451479040.000000 -0.016575031 0.003627052 0.787264347 -0.046092380 0.257824153 -0.032187223 0.964554906
1702688230952373760.000000 -0.016207758 0.003702244 0.787977934 -0.049520016 0.244618684 -0.030781571 0.967864633
1702688231488986880.000000 -0.015881136 0.003763275 0.788732529 -0.049960561 0.215456799 -0.030010186 0.974772632
1702688232071572224.000000 -0.015545959 0.003844747 0.789577842 -0.052220974 0.184798717 -0.027902070 0.980991304
1702688232739291904.000000 -0.015269630 0.003959830 0.790603161 -0.052952662 0.149779618 -0.025002241 0.986983776
1702688233329391360.000000 -0.015051013 0.004045276 0.791469455 -0.053860206 0.123939723 -0.023258446 0.990553916
1702688233903774720.000000 -0.014887715 0.004124619 0.792327702 -0.053798512 0.098340817 -0.020928694 0.993477106
1702688234404014080.000000 -0.014801105 0.004210323 0.793096125 -0.055623569 0.084209718 -0.021133959 0.994669855
1702688234903790336.000000 -0.014688167 0.004283783 0.793840945 -0.055283140 0.077088110 -0.020869425 0.995271683
1702688235567886080.000000 -0.014594319 0.004392111 0.794862509 -0.056927990 0.063566715 -0.019863730 0.996154606
1702688236193366016.000000 -0.014495019 0.004502267 0.795779288 -0.054999899 0.049573701 -0.019869436 0.997057021
1702688236692833024.000000 -0.014366579 0.004568920 0.796519399 -0.056337524 0.057066318 -0.020006027 0.996578813
1702688237193275904.000000 -0.014257382 0.004659901 0.797276556 -0.056650296 0.071491480 -0.022392571 0.995579362
1702688237732280832.000000 -0.014132338 0.004738103 0.798111081 -0.058299582 0.092842720 -0.022879804 0.993709147
1702688238189066496.000000 -0.013906984 0.004822014 0.798781872 -0.056938428 0.111430310 -0.023975378 0.991850078
1702688238694409728.000000 -0.013746255 0.004886121 0.799511135 -0.056218635 0.109500483 -0.023853095 0.992108941
1702688239148632320.000000 -0.013585145 0.004965632 0.800202310 -0.055713661 0.111101113 -0.023879120 0.991958857
1702688239688847616.000000 -0.013387965 0.005068032 0.801026762 -0.055422474 0.115662880 -0.023545364 0.991461575
1702688240271625984.000000 -0.013184865 0.005130554 0.801888049 -0.055643976 0.111759804 -0.023968428 0.991886616
1702688240983106816.000000 -0.012861528 0.005244108 0.802925527 -0.054488916 0.113426998 -0.023057928 0.991783082
1702688241603808000.000000 -0.012748325 0.005329078 0.803880751 -0.055639233 0.114318125 -0.023764063 0.991600215
1702688242396767488.000000 -0.012420408 0.005475638 0.805044651 -0.055746738 0.119318053 -0.023766402 0.991004884
1702688242939709952.000000 -0.012135280 0.005562533 0.805833697 -0.057599217 0.120094366 -0.023729060 0.990806043
1702688243442031616.000000 -0.012002094 0.005630082 0.806575119 -0.057748687 0.122372799 -0.024116717 0.990509152
1702688244060177920.000000 -0.011819664 0.005718753 0.807497740 -0.057904411 0.106705278 -0.022682769 0.992343962
1702688244601843200.000000 -0.011861404 0.005829884 0.808353305 -0.057334039 0.097556286 -0.022276271 0.993327439
1702688245146371328.000000 -0.011636164 0.005892078 0.809135497 -0.056174420 0.091662556 -0.021449288 0.993973017
1702688245516830720.000000 -0.011534372 0.005987001 0.809679449 -0.053275157 0.088674486 -0.020032857 0.994433165
1702688246017522944.000000 -0.011449293 0.006018466 0.810031295 -0.054933660 0.091683432 -0.020167718 0.994067252
1702688246976751872.000000 -0.011450643 0.006017873 0.810030520 -0.055312052 0.092673615 -0.020381730 0.993950129
