1.702688123750164747e+09 0.000000000000000000e+00 0.000000000000000000e+00 0.000000000000000000e+00 -0.000000000000000000e+00 -0.000000000000000000e+00 -0.000000000000000000e+00 1.000000000000000000e+00
1.702688124373106241e+09 -1.605999999999999955e-06 2.515999999999999967e-05 1.243734999999999936e-03 -1.857370000000000006e-04 3.474800000000000002e-05 -1.657730000000000000e-04 1.000000000000000000e+00
1.702688124542413712e+09 -1.056499999999999964e-05 2.115299999999999890e-05 1.581099999999999997e-03 -3.865110000000000269e-04 -1.416551999999999959e-03 -4.802999999999999923e-05 9.999989270000000374e-01
1.702688124666572571e+09 -6.906000000000000626e-05 1.857000000000000008e-05 1.823575000000000022e-03 -6.059359999999999529e-04 -2.699095999999999787e-03 -2.386309999999999994e-04 9.999961849999999819e-01
1.702688124833318949e+09 -7.565200000000000006e-05 2.885699999999999832e-05 2.150254999999999788e-03 -1.545860999999999937e-03 -3.531121999999999820e-03 -2.931550000000000215e-04 9.999925490000000083e-01
1.702688125288025856e+09 -1.188599999999999970e-04 4.741000000000000009e-06 3.056744000000000128e-03 -1.604759000000000090e-03 -4.668832999999999837e-03 7.255630000000000326e-04 9.999875430000000343e-01
1.702688125457316160e+09 -9.199799999999999569e-05 1.316600000000000066e-05 3.388424000000000123e-03 -1.427927999999999966e-03 -3.226928999999999909e-03 7.222249999999999504e-04 9.999935030000000058e-01
1.702688125710803270e+09 -7.742200000000000514e-05 1.454500000000000050e-05 3.888536000000000162e-03 -1.568493000000000014e-03 -2.347903000000000143e-03 7.724879999999999941e-04 9.999957680000000071e-01
1.702688125956700087e+09 -7.669200000000000366e-05 1.233499999999999964e-05 4.383243999999999682e-03 -1.622259999999999935e-03 -2.835063000000000080e-03 1.317526000000000070e-03 9.999938010000000155e-01
1.702688126080536604e+09 -9.856999999999999985e-05 2.241500000000000138e-05 4.629099000000000234e-03 -1.467722000000000080e-03 -3.776610000000000123e-03 1.571707000000000095e-03 9.999905820000000167e-01
1.702688126249330759e+09 -1.180369999999999949e-04 2.397599999999999880e-05 4.951129999999999767e-03 -1.501747000000000108e-03 -4.581145000000000009e-03 1.785677999999999961e-03 9.999868269999999670e-01
1.702688126411633730e+09 -1.011990000000000047e-04 1.011999999999999967e-05 5.279523000000000375e-03 -2.493681000000000196e-03 -4.508856000000000322e-03 2.031456999999999968e-03 9.999846820000000136e-01
1.702688126581273794e+09 -9.172099999999999817e-05 1.216199999999999977e-05 5.595532999999999757e-03 -1.790476999999999954e-03 -3.267551000000000049e-03 1.994496000000000116e-03 9.999910589999999599e-01
1.702688126913067341e+09 -6.766100000000000152e-05 -1.546399999999999966e-05 6.236735999999999669e-03 3.783370000000000201e-04 -4.013288999999999745e-03 3.491298999999999791e-03 9.999858139999999729e-01
1.702688127120587587e+09 -7.890400000000000213e-05 -2.072499999999999893e-05 6.643640999999999609e-03 9.794380000000000100e-04 -3.478142999999999947e-03 2.585445000000000017e-03 9.999901650000000419e-01
1.702688127289536476e+09 -1.082179999999999996e-04 -1.927599999999999976e-05 6.956379999999999855e-03 9.011909999999999712e-04 -4.130863999999999717e-03 2.440795999999999851e-03 9.999880789999999742e-01
1.702688127496727705e+09 -1.410360000000000097e-04 -3.148200000000000114e-05 7.368748999999999959e-03 1.041587999999999976e-03 -8.858983000000000829e-03 1.876597999999999938e-03 9.999584559999999955e-01
1.702688127748889685e+09 -2.356129999999999954e-04 -3.505800000000000214e-05 7.844698000000000643e-03 2.904420000000000222e-04 -1.514955800000000047e-02 2.570632000000000212e-03 9.998819230000000058e-01
1.702688127995930672e+09 -2.737439999999999730e-04 -2.543900000000000157e-05 8.322556999999999525e-03 6.627220000000000289e-04 -1.812182400000000165e-02 2.165143999999999923e-03 9.998332260000000193e-01
1.702688128244825840e+09 -2.137399999999999966e-04 -2.283399999999999856e-05 8.812182000000000001e-03 2.702121000000000037e-03 -1.918842600000000148e-02 6.980299999999999830e-04 9.998120069999999471e-01
1.702688128496362686e+09 -2.039099999999999908e-04 -1.243800000000000018e-05 9.254975999999999828e-03 3.464814000000000088e-03 -2.098541699999999927e-02 1.150004000000000044e-03 9.997731450000000297e-01
1.702688128784196377e+09 -3.416669999999999798e-04 -7.965000000000000820e-06 9.856834999999999555e-03 2.086518999999999787e-03 -2.870238199999999851e-02 1.390703999999999985e-03 9.995848539999999671e-01
1.702688129123187304e+09 -3.858879999999999754e-04 -3.190099999999999831e-05 1.050391099999999946e-02 2.944047999999999891e-03 -3.212835299999999839e-02 6.799049999999999625e-04 9.994791750000000530e-01
1.702688129411471128e+09 -3.372180000000000229e-04 -2.150600000000000043e-05 1.105081500000000029e-02 3.594663000000000112e-03 -2.543578700000000137e-02 1.727224999999999984e-03 9.996684789999999987e-01
1.702688129744809628e+09 -3.840159999999999906e-04 -1.814400000000000111e-05 1.170099200000000034e-02 2.984313000000000157e-03 -2.869657800000000036e-02 3.707436000000000152e-03 9.995768670000000355e-01
1.702688130076455116e+09 -4.690559999999999760e-04 -2.721199999999999967e-05 1.234402000000000069e-02 1.162660999999999946e-03 -3.217978400000000294e-02 4.034590000000000225e-03 9.994732739999999671e-01
1.702688130412891626e+09 -4.522489999999999995e-04 3.003999999999999953e-06 1.299417500000000017e-02 -3.791690000000000013e-04 -2.939531999999999909e-02 4.009750000000000293e-03 9.995597600000000194e-01
1.702688130748235226e+09 -4.801030000000000076e-04 5.251000000000000208e-06 1.362017899999999962e-02 -2.011990999999999866e-03 -2.565300100000000166e-02 3.137256000000000159e-03 9.996639489999999961e-01
1.702688131159907103e+09 -4.516640000000000043e-04 2.504300000000000062e-05 1.440323299999999966e-02 -1.469599000000000035e-03 -1.898994700000000008e-02 3.246811000000000055e-03 9.998133179999999509e-01
1.702688131533563614e+09 -4.517759999999999788e-04 2.644699999999999937e-05 1.513029400000000073e-02 -1.997950000000000073e-04 -1.275907599999999940e-02 3.381546999999999938e-03 9.999128579999999600e-01
1.702688132034559488e+09 -3.894079999999999959e-04 3.166400000000000041e-05 1.607632599999999842e-02 -2.103639999999999937e-04 -2.950982999999999905e-03 2.853872999999999827e-03 9.999915959999999826e-01
1.702688132573621273e+09 -3.843990000000000037e-04 3.216500000000000121e-05 1.709610400000000086e-02 -9.919999999999999890e-06 -2.480561000000000051e-03 3.246571000000000179e-03 9.999916549999999793e-01
1.702688133033560991e+09 -4.100880000000000215e-04 3.064500000000000221e-05 1.798367500000000105e-02 -5.128959999999999899e-04 -6.239089999999999653e-04 3.519934000000000170e-03 9.999935030000000058e-01
1.702688133447598219e+09 -4.492319999999999842e-04 4.684500000000000296e-05 1.877983999999999903e-02 -1.404660000000000067e-03 -2.385211999999999836e-03 2.054247999999999838e-03 9.999940990000000252e-01
1.702688133906847477e+09 -4.342939999999999995e-04 5.742699999999999753e-05 1.965096399999999993e-02 -2.729557999999999984e-03 -2.495834000000000160e-03 1.367027999999999950e-03 9.999922509999999987e-01
1.702688134327866793e+09 -4.159810000000000005e-04 3.683800000000000204e-05 2.042149799999999973e-02 -8.946619999999999530e-04 -1.725867999999999977e-03 2.284956999999999787e-03 9.999955299999999658e-01
1.702688134780389071e+09 -4.531609999999999935e-04 5.559499999999999880e-05 2.130723199999999887e-02 -2.790740999999999795e-03 -1.777469000000000054e-03 1.801520999999999938e-03 9.999929069999999864e-01
1.702688135332264423e+09 -4.644679999999999989e-04 5.540699999999999992e-05 2.233523100000000053e-02 -1.508786000000000025e-03 1.209807999999999934e-03 2.248307000000000170e-03 9.999955889999999625e-01
1.702688135822632551e+09 -4.800270000000000036e-04 5.208099999999999823e-05 2.329774600000000112e-02 -1.663718000000000011e-03 -7.426600000000000215e-04 2.055416999999999921e-03 9.999962449999999503e-01
1.702688136321501255e+09 -4.486399999999999872e-04 5.695099999999999734e-05 2.425216499999999914e-02 -2.198779000000000098e-03 3.714521000000000142e-03 1.715643999999999893e-03 9.999892710000000129e-01
1.702688136737051249e+09 -4.760769999999999889e-04 4.832699999999999995e-05 2.501154900000000098e-02 -8.029369999999999867e-04 1.952690000000000036e-04 2.152710999999999861e-03 9.999973180000000239e-01
1.702688137240353584e+09 -4.891599999999999854e-04 6.547599999999999449e-05 2.598238699999999915e-02 -1.392411000000000083e-03 -1.964865000000000101e-03 2.467715000000000099e-03 9.999940400000000285e-01
1.702688137740003109e+09 -5.103910000000000131e-04 6.410499999999999695e-05 2.695827199999999840e-02 -1.814349000000000040e-03 -3.938338000000000429e-03 2.885064000000000118e-03 9.999864699999999607e-01
1.702688138237447023e+09 -5.402420000000000225e-04 4.729900000000000234e-05 2.793511400000000047e-02 -1.851732000000000031e-03 -3.236699000000000000e-03 3.353590000000000043e-03 9.999874229999999864e-01
1.702688138611531258e+09 -5.708080000000000142e-04 4.830799999999999894e-05 2.862000699999999939e-02 -2.447734999999999928e-03 -8.540664999999999368e-03 3.965487999999999652e-03 9.999526739999999858e-01
1.702688139113262653e+09 -4.993190000000000215e-04 6.210899999999999776e-05 2.956296900000000144e-02 6.134120000000000284e-04 1.328674699999999979e-02 2.765027000000000196e-03 9.999077320000000491e-01
1.702688139484064102e+09 -4.189759999999999947e-04 7.432099999999999536e-05 3.027168100000000167e-02 1.181310999999999993e-03 3.133568899999999990e-02 2.974266000000000149e-03 9.995037909999999748e-01
1.702688139737055063e+09 -3.686769999999999804e-04 5.249300000000000038e-05 3.075087099999999907e-02 1.726817000000000065e-03 4.163198199999999793e-02 2.106567000000000162e-03 9.991292950000000284e-01
1.702688139946239710e+09 -3.409819999999999822e-04 4.626400000000000293e-05 3.114586700000000069e-02 8.324170000000000093e-04 5.172476499999999894e-02 2.402501999999999936e-03 9.986581799999999509e-01
1.702688140192284584e+09 -2.986950000000000260e-04 5.143199999999999817e-05 3.159784499999999940e-02 2.471572000000000005e-03 6.299035999999999524e-02 2.511301000000000071e-03 9.980079530000000032e-01
1.702688140444591284e+09 -2.363649999999999909e-04 5.630499999999999709e-05 3.207777800000000124e-02 2.083456000000000023e-03 7.514551299999999712e-02 1.807290999999999932e-03 9.971687790000000051e-01
1.702688140691154718e+09 -1.444220000000000074e-04 7.267300000000000029e-05 3.254928099999999935e-02 1.185318000000000092e-03 8.575598900000000469e-02 2.176383000000000050e-03 9.963130949999999819e-01
1.702688141486972570e+09 2.239599999999999902e-04 4.885700000000000334e-05 3.398401699999999831e-02 4.944399999999999620e-04 1.006205530000000015e-01 4.275026999999999820e-03 9.949155450000000123e-01
1.702688141732712030e+09 2.878840000000000240e-04 6.226600000000000320e-05 3.443182999999999661e-02 9.297700000000000105e-04 9.866921600000000403e-02 4.171107999999999760e-03 9.951111080000000220e-01
1.702688141983098507e+09 3.680770000000000200e-04 9.176499999999999978e-05 3.490783599999999764e-02 1.160381999999999950e-03 9.501924400000000270e-02 3.916990000000000402e-03 9.954670669999999832e-01
1.702688142731491804e+09 6.041900000000000005e-04 5.673799999999999785e-05 3.626342899999999980e-02 3.021143999999999913e-03 9.007351099999999500e-02 2.768373000000000188e-03 9.959266780000000097e-01
1.702688143233215809e+09 7.554060000000000245e-04 9.138300000000000242e-05 3.721768000000000298e-02 1.449343999999999980e-03 8.751594999999999513e-02 3.114055000000000122e-03 9.961572290000000329e-01
1.702688143730020285e+09 8.175730000000000410e-04 9.162699999999999534e-05 3.811896199999999929e-02 1.993988999999999831e-03 8.385890699999999642e-02 2.412918000000000007e-03 9.964727159999999806e-01
1.702688143984321833e+09 9.601469999999999536e-04 7.189100000000000676e-05 3.857204300000000030e-02 1.155800000000000013e-03 8.413249999999999895e-02 2.617435999999999895e-03 9.964504840000000252e-01
1.702688144314835310e+09 1.071499999999999970e-03 6.057299999999999756e-05 3.916539599999999816e-02 3.684333000000000139e-03 8.347625300000000026e-02 2.817936000000000052e-03 9.964990019999999671e-01
1.702688144856612206e+09 1.283807999999999998e-03 7.775199999999999690e-05 4.016346099999999752e-02 3.188970000000000173e-03 8.788247400000000209e-02 2.159752999999999933e-03 9.961234329999999471e-01
1.702688145104768753e+09 1.374577000000000090e-03 6.800399999999999468e-05 4.063185700000000039e-02 2.614117000000000003e-03 9.256592399999999388e-02 2.114925000000000138e-03 9.957008960000000020e-01
1.702688145396626949e+09 1.442977999999999926e-03 5.091800000000000275e-05 4.114512000000000030e-02 1.471531000000000098e-03 9.417073400000000594e-02 2.163977999999999995e-03 9.955526590000000065e-01
1.702688145770009756e+09 1.582106999999999914e-03 4.805000000000000243e-05 4.182107699999999817e-02 4.015849999999999845e-04 9.061956399999999967e-02 1.654459999999999958e-03 9.958841200000000393e-01
1.702688146146174431e+09 1.741197000000000101e-03 7.660899999999999785e-05 4.254333300000000262e-02 3.203207000000000016e-03 7.064404300000000358e-02 1.475406000000000070e-03 9.974953530000000290e-01
1.702688146479545355e+09 1.763585999999999930e-03 5.467699999999999844e-05 4.319793400000000033e-02 2.074531000000000118e-03 5.956350299999999681e-02 1.313132000000000058e-03 9.982215169999999471e-01
1.702688146810797453e+09 1.779619999999999987e-03 5.770799999999999704e-05 4.379479199999999905e-02 -1.852400000000000086e-05 4.379509799999999758e-02 1.569779000000000096e-03 9.990393520000000471e-01
1.702688147102916002e+09 1.874084000000000036e-03 6.597699999999999529e-05 4.436599499999999835e-02 8.079349999999999683e-04 4.359840599999999927e-02 1.170789999999999895e-03 9.990481730000000393e-01
1.702688147395023823e+09 1.925648000000000073e-03 7.092500000000000280e-05 4.489434900000000006e-02 2.061667000000000100e-03 5.671107799999999810e-02 1.704699000000000058e-03 9.983870390000000317e-01
1.702688147727670670e+09 2.010558999999999871e-03 7.109599999999999828e-05 4.551757099999999973e-02 1.913860000000000084e-03 6.419560300000000386e-02 2.191279999999999931e-04 9.979354740000000445e-01
1.702688148356601238e+09 2.188713000000000117e-03 8.649699999999999533e-05 4.666919600000000307e-02 1.418215999999999921e-03 6.207236299999999846e-02 -5.145619999999999838e-04 9.980705380000000071e-01
1.702688148684074640e+09 2.246890000000000085e-03 8.750599999999999871e-05 4.728533699999999673e-02 1.702495999999999957e-03 6.127391799999999666e-02 -6.005529999999999809e-04 9.981193539999999587e-01
1.702688149025489807e+09 2.382041000000000106e-03 5.680200000000000266e-05 4.790406700000000156e-02 1.928362999999999996e-03 6.130650299999999830e-02 -5.564510000000000159e-04 9.981169699999999922e-01
1.702688149392708778e+09 2.483623999999999814e-03 7.112499999999999411e-05 4.862737300000000151e-02 1.968016999999999857e-03 6.186136600000000096e-02 -5.602250000000000242e-04 9.980826379999999665e-01
1.702688149851557970e+09 2.480556000000000080e-03 7.094300000000000161e-05 4.941937300000000255e-02 3.794271000000000102e-03 6.365322299999999489e-02 4.551790000000000003e-04 9.979647990000000135e-01
1.702688150226515293e+09 2.649816000000000150e-03 6.110699999999999617e-05 5.013892400000000138e-02 4.331663999999999827e-03 6.586155300000000323e-02 6.692760000000000072e-04 9.978191849999999974e-01
1.702688150644988060e+09 2.755240999999999853e-03 8.479699999999999467e-05 5.090163600000000010e-02 4.770573000000000174e-03 7.174912099999999904e-02 -2.525830000000000176e-04 9.974113110000000226e-01
1.702688151021274805e+09 2.827501999999999967e-03 6.550699999999999470e-05 5.156977799999999668e-02 3.856070000000000070e-03 7.379128799999999655e-02 -5.575600000000000217e-04 9.972661139999999813e-01
1.702688151432885170e+09 2.948604000000000069e-03 7.014899999999999532e-05 5.238410100000000236e-02 2.148852000000000140e-03 7.700488699999999409e-02 -1.635474000000000042e-03 9.970270989999999722e-01
1.702688151893029690e+09 3.086644999999999840e-03 9.371500000000000652e-05 5.323919700000000199e-02 1.194313999999999923e-03 7.900366899999999859e-02 -2.549168000000000094e-03 9.968703989999999626e-01
1.702688152306290150e+09 3.211195000000000022e-03 8.127900000000000565e-05 5.399975199999999809e-02 3.597370999999999815e-03 7.979568099999999331e-02 -3.449287000000000099e-03 9.967988129999999503e-01
1.702688152724060774e+09 3.393642000000000099e-03 1.138169999999999980e-04 5.480768899999999971e-02 2.252646999999999983e-03 8.949399700000000568e-02 -4.860887999999999841e-03 9.959729309999999503e-01
1.702688153099293709e+09 3.559924999999999808e-03 1.126179999999999982e-04 5.550510399999999955e-02 2.644805000000000073e-03 1.005743520000000057e-01 -4.199984000000000356e-03 9.949172139999999942e-01
1.702688153597759724e+09 3.794786999999999987e-03 1.049289999999999977e-04 5.642395499999999786e-02 3.671147000000000039e-03 1.113978330000000017e-01 -5.209942000000000392e-03 9.937554600000000349e-01
1.702688154137552500e+09 4.009055000000000084e-03 8.377600000000000563e-05 5.742248900000000017e-02 3.632893999999999794e-03 1.098433359999999998e-01 -5.647621999999999712e-03 9.939262269999999955e-01
1.702688154598923445e+09 4.161492000000000142e-03 6.911300000000000050e-05 5.824410199999999899e-02 4.999495999999999975e-03 1.019436420000000010e-01 -5.737975999999999667e-03 9.947611090000000322e-01
1.702688155097371340e+09 4.329956999999999730e-03 8.358300000000000256e-05 5.917566300000000334e-02 5.099544999999999599e-03 8.467157200000000050e-02 -5.010053000000000423e-03 9.963833090000000503e-01
1.702688155554292440e+09 4.423378000000000379e-03 8.161200000000000399e-05 6.000392499999999962e-02 2.028636999999999802e-03 7.318828300000000675e-02 -6.550041000000000370e-03 9.972945450000000323e-01
1.702688156054667950e+09 4.516843999999999894e-03 8.928900000000000519e-05 6.091343600000000136e-02 6.106529999999999554e-04 5.242352200000000018e-02 -5.127363000000000233e-03 9.986116290000000006e-01
1.702688156598491430e+09 4.546862999999999946e-03 7.931599999999999751e-05 6.185741000000000156e-02 2.489962000000000078e-03 2.654807799999999926e-02 -5.918757000000000185e-03 9.996269349999999942e-01
1.702688157137738228e+09 4.499374000000000429e-03 9.631600000000000415e-05 6.288226700000000557e-02 2.376731999999999890e-03 2.532551999999999980e-03 -6.386852999999999628e-03 9.999735950000000484e-01
1.702688157636494398e+09 4.442177000000000278e-03 7.718100000000000524e-05 6.383959200000000056e-02 -1.294037999999999959e-03 -2.268641399999999850e-02 -6.943481999999999953e-03 9.997177120000000361e-01
1.702688158011218071e+09 4.376988000000000059e-03 9.218899999999999437e-05 6.453111000000000264e-02 -2.041801000000000206e-03 -2.838844600000000121e-02 -7.800170000000000367e-03 9.995644689999999555e-01
1.702688158384329796e+09 4.376892000000000282e-03 9.217099999999999555e-05 6.526168400000000036e-02 -2.655979999999999734e-04 -2.857503299999999968e-02 -8.146103000000000025e-03 9.995584490000000155e-01
1.702688158759053469e+09 4.359459000000000424e-03 9.636500000000000317e-05 6.596311200000000430e-02 4.031100000000000080e-05 -1.653664200000000070e-02 -8.358335999999999197e-03 9.998283390000000104e-01
1.702688159176200867e+09 4.313463000000000019e-03 1.045269999999999972e-04 6.672404699999999467e-02 1.257099999999999928e-03 -2.313441000000000108e-02 -8.052923000000000026e-03 9.996991160000000542e-01
1.702688159799795866e+09 4.229153999999999726e-03 9.751600000000000621e-05 6.790649899999999517e-02 -5.229020000000000022e-04 -3.794899999999999662e-02 -6.886106999999999818e-03 9.992558360000000084e-01
1.702688160301064014e+09 4.188487999999999760e-03 1.040050000000000046e-04 6.884874400000000338e-02 -6.397030000000000381e-04 -3.141969099999999959e-02 -8.443749999999999867e-03 9.994704129999999465e-01
1.702688161217192173e+09 4.159989000000000221e-03 7.973900000000000345e-05 7.053860300000000527e-02 -7.474799999999999652e-05 -3.401540000000000206e-03 -7.761223000000000254e-03 9.999641179999999574e-01
1.702688161637373686e+09 4.109863000000000058e-03 5.720900000000000063e-05 7.127930200000000271e-02 1.773304000000000069e-03 -5.031879999999999860e-03 -7.566879999999999787e-03 9.999571440000000200e-01
1.702688162092471123e+09 4.148487000000000181e-03 7.232499999999999617e-05 7.214202699999999746e-02 1.571633000000000014e-03 4.391590000000000012e-04 -7.890881000000000631e-03 9.999675749999999974e-01
1.702688162547846556e+09 4.143472999999999948e-03 8.106800000000000377e-05 7.300239799999999613e-02 1.337508000000000056e-03 2.977797999999999817e-03 -7.523699000000000012e-03 9.999663829999999587e-01
1.702688162964783669e+09 4.158985999999999933e-03 8.062599999999999682e-05 7.378993899999999884e-02 1.793305999999999937e-03 1.003617000000000051e-02 -7.350396999999999834e-03 9.999210240000000471e-01
1.702688163547879696e+09 4.219999000000000319e-03 7.264699999999999749e-05 7.488469799999999954e-02 1.704641000000000012e-03 1.965166299999999977e-02 -7.603776999999999932e-03 9.997765419999999903e-01
1.702688164091319799e+09 4.219516999999999886e-03 8.279100000000000066e-05 7.586678900000000392e-02 2.430892999999999943e-03 2.956215699999999863e-02 -7.277485999999999677e-03 9.995334740000000329e-01
1.702688164671103954e+09 4.263186999999999879e-03 9.002400000000000408e-05 7.695151100000000022e-02 2.792961999999999962e-03 3.150064500000000073e-02 -8.547855999999999510e-03 9.994632599999999645e-01
1.702688165257032394e+09 4.422009999999999656e-03 8.015599999999999624e-05 7.806354799999999650e-02 2.280106999999999967e-03 3.036696100000000134e-02 -8.640487000000000514e-03 9.994989039999999658e-01
1.702688165711337805e+09 4.410438000000000032e-03 6.024299999999999902e-05 7.891033599999999759e-02 1.644218000000000025e-03 2.862886900000000123e-02 -8.514485000000000456e-03 9.995524879999999612e-01
1.702688166171005726e+09 4.497492999999999977e-03 7.413200000000000106e-05 7.978066799999999903e-02 1.826659000000000008e-03 3.743836700000000017e-02 -9.719201999999999703e-03 9.992500539999999987e-01
1.702688166628041506e+09 4.440796999999999800e-03 6.904399999999999828e-05 8.061695800000000245e-02 2.325211000000000205e-03 3.370582700000000070e-02 -1.089563699999999968e-02 9.993697400000000064e-01
1.702688168667982817e+09 4.899655999999999630e-03 5.670200000000000023e-05 8.430896699999999855e-02 2.572951999999999878e-03 7.525671300000000286e-02 -6.639367000000000185e-03 9.971387980000000484e-01
1.702688169083957195e+09 4.930880000000000332e-03 6.762299999999999952e-05 8.506765199999999361e-02 3.644320999999999845e-03 8.841669600000000295e-02 -7.303290999999999950e-03 9.960501189999999561e-01
1.702688169459998608e+09 5.052647999999999862e-03 5.030999999999999773e-05 8.576984699999999628e-02 2.720073999999999843e-03 1.015550419999999981e-01 -8.595890999999999602e-03 9.947890640000000007e-01
1.702688170629227638e+09 5.142139000000000432e-03 8.516899999999999720e-05 8.801034800000000213e-02 6.840816999999999905e-03 1.543048469999999950e-01 -9.085123000000000504e-03 9.879578350000000064e-01
1.702688171043518066e+09 5.064657000000000187e-03 6.622900000000000575e-05 8.875250799999999385e-02 6.386275999999999758e-03 1.720332950000000027e-01 -7.808922999999999733e-03 9.850395320000000510e-01
1.702688171455841541e+09 4.924661000000000316e-03 -5.006700000000000023e-05 8.939742999999999995e-02 4.372349000000000201e-03 1.859896779999999916e-01 -5.058926000000000048e-03 9.825289849999999658e-01
1.702688171832444906e+09 4.717665000000000226e-03 -1.029369999999999938e-04 8.995011399999999768e-02 5.420940000000000177e-04 1.967373789999999900e-01 -5.828963999999999847e-03 9.804387690000000433e-01
1.702688172207362890e+09 4.129663999999999904e-03 -3.462420000000000233e-04 9.024789199999999623e-02 -5.707872000000000119e-03 2.018924059999999965e-01 -7.373224000000000271e-03 9.793633219999999806e-01
1.702688172621777773e+09 3.716107000000000177e-03 -5.357489999999999692e-04 9.073905599999999849e-02 -1.021225000000000084e-02 2.080676110000000134e-01 -8.868739999999999957e-03 9.780209659999999916e-01
1.702688173331744909e+09 3.736831999999999827e-03 -6.452269999999999534e-04 9.155360599999999571e-02 -1.431566700000000067e-02 1.522103250000000074e-01 -3.563522999999999864e-03 9.882380370000000136e-01
1.702688173705231428e+09 3.750933000000000132e-03 -6.119629999999999818e-04 9.207459499999999519e-02 -1.513913400000000027e-02 1.199747989999999931e-01 -3.812982999999999824e-03 9.926542040000000400e-01
1.702688174871984243e+09 4.373054000000000351e-03 -4.101670000000000186e-04 9.388203200000000415e-02 -9.319874000000000561e-03 -1.642082999999999911e-03 -1.031156000000000086e-03 9.999546999999999741e-01
1.702688175331788063e+09 4.435398999999999592e-03 -3.011579999999999921e-04 9.477205599999999341e-02 -7.283106000000000128e-03 -4.401820900000000258e-02 -1.423814999999999933e-03 9.990031719999999948e-01
1.702688175746827364e+09 4.552411000000000131e-03 -2.134129999999999979e-04 9.553809500000000343e-02 -6.435093000000000237e-03 -6.771017599999999692e-02 1.064859999999999966e-04 9.976842999999999684e-01
1.702688176413117886e+09 4.735287000000000350e-03 -3.320369999999999789e-04 9.677060699999999460e-02 -1.328709299999999982e-02 -1.063991410000000026e-01 -3.176806999999999808e-03 9.942296739999999522e-01
1.702688177162247181e+09 5.077377000000000105e-03 -5.257000000000000388e-04 9.803288400000000069e-02 -1.829714899999999866e-02 -1.498496830000000113e-01 -7.582128999999999952e-03 9.885104300000000510e-01
1.702688177455182552e+09 5.039873999999999743e-03 -6.916609999999999902e-04 9.799876100000000367e-02 -2.563089500000000076e-02 -1.451572780000000007e-01 -1.085049899999999956e-02 9.890170099999999742e-01
1.702688177783465385e+09 4.961313000000000181e-03 -7.311919999999999748e-04 9.822723999999999345e-02 -2.739022500000000068e-02 -1.503225270000000113e-01 -1.190421600000000045e-02 9.881858230000000187e-01
1.702688178329544544e+09 4.749406000000000287e-03 -6.791120000000000533e-04 9.865406899999999701e-02 -2.720297699999999971e-02 -1.637057359999999906e-01 -1.309794599999999920e-02 9.860471490000000117e-01
1.702688178576162100e+09 4.654504999999999754e-03 -6.756279999999999491e-04 9.885530200000000600e-02 -2.758324900000000066e-02 -1.705319580000000113e-01 -1.477664100000000008e-02 9.848551749999999716e-01
1.702688179032839775e+09 4.464613000000000088e-03 -6.948699999999999929e-04 9.917988599999999488e-02 -3.008654900000000063e-02 -1.902215479999999903e-01 -1.243171300000000049e-02 9.812012909999999755e-01
1.702688179331828833e+09 4.354295999999999688e-03 -6.697310000000000155e-04 9.940975900000000032e-02 -3.076248599999999861e-02 -2.013010379999999877e-01 -1.366682500000000050e-02 9.789509180000000033e-01
1.702688179536723852e+09 4.256906000000000405e-03 -6.465070000000000495e-04 9.956747300000000356e-02 -2.865534800000000062e-02 -2.107665240000000106e-01 -1.368278399999999992e-02 9.770205619999999813e-01
1.702688179954319000e+09 4.056615000000000394e-03 -6.491399999999999818e-04 9.988942700000000285e-02 -3.076930199999999838e-02 -2.284328489999999934e-01 -1.372110500000000080e-02 9.729766250000000394e-01
1.702688180659303188e+09 3.665207000000000187e-03 -6.288329999999999744e-04 1.003239830000000055e-01 -3.192724300000000098e-02 -2.545776069999999836e-01 -1.202062500000000006e-02 9.664504529999999871e-01
1.702688180905798674e+09 3.535341000000000004e-03 -6.039319999999999498e-04 1.005299610000000010e-01 -3.182703600000000299e-02 -2.677168549999999758e-01 -1.283698699999999936e-02 9.628862740000000420e-01
1.702688181075598478e+09 3.437405000000000148e-03 -5.865379999999999466e-04 1.006519500000000039e-01 -3.150388199999999694e-02 -2.762835319999999983e-01 -1.232872200000000029e-02 9.604806299999999464e-01
1.702688181241097450e+09 3.344227999999999871e-03 -5.952449999999999972e-04 1.008335350000000019e-01 -3.181598000000000065e-02 -2.873839739999999865e-01 -1.103127999999999921e-02 9.572233559999999697e-01
1.702688181407511950e+09 3.271477999999999973e-03 -5.594690000000000470e-04 1.008911430000000026e-01 -2.992914600000000022e-02 -2.934527100000000055e-01 -9.461003000000000815e-03 9.554581049999999465e-01
1.702688181620156527e+09 3.138984999999999952e-03 -5.888420000000000112e-04 1.010233910000000040e-01 -3.292523700000000303e-02 -3.030008670000000071e-01 -8.869899000000000533e-03 9.523800610000000555e-01
1.702688181824705362e+09 3.008663999999999870e-03 -5.638070000000000451e-04 1.011910959999999943e-01 -3.337535600000000185e-02 -3.139014540000000242e-01 -8.518908999999999856e-03 9.488305449999999697e-01
1.702688182041749716e+09 2.897592999999999957e-03 -5.413329999999999618e-04 1.013580560000000019e-01 -3.133427700000000066e-02 -3.261433539999999964e-01 -8.661916000000000407e-03 9.447611569999999626e-01
1.702688182239269733e+09 2.769539000000000115e-03 -5.657610000000000200e-04 1.014986930000000009e-01 -3.568293899999999685e-02 -3.357444700000000171e-01 -9.711914999999999784e-03 9.412268999999999775e-01
1.702688183279956341e+09 2.054064999999999884e-03 -4.891280000000000237e-04 1.021339450000000038e-01 -3.753782399999999742e-02 -3.925189669999999964e-01 -8.171739000000000780e-03 9.189412590000000103e-01
1.702688183452444553e+09 1.935211999999999957e-03 -4.827620000000000240e-04 1.022518199999999933e-01 -3.798695299999999692e-02 -4.076831940000000265e-01 -7.390334000000000139e-03 9.123030300000000148e-01
1.702688183656378269e+09 1.784861000000000000e-03 -4.670710000000000009e-04 1.023503840000000026e-01 -3.736055299999999774e-02 -4.218004349999999736e-01 -6.993377000000000274e-03 9.058916569999999613e-01
1.702688183905099154e+09 1.588582999999999966e-03 -4.612770000000000086e-04 1.024675969999999936e-01 -3.853588899999999678e-02 -4.390395579999999964e-01 -5.074383000000000019e-03 8.976265789999999800e-01
1.702688184156305552e+09 1.426673999999999954e-03 -4.672429999999999986e-04 1.026071239999999940e-01 -3.906531600000000271e-02 -4.575620890000000052e-01 -5.174587999999999931e-03 8.883040549999999813e-01
1.702688184403981686e+09 1.196320999999999973e-03 -3.988919999999999749e-04 1.027017979999999969e-01 -3.597937200000000252e-02 -4.756849409999999723e-01 -5.224086000000000181e-03 8.788641099999999762e-01
1.702688184653297186e+09 1.026655999999999923e-03 -4.184540000000000156e-04 1.027879039999999994e-01 -3.814942000000000333e-02 -4.962754850000000162e-01 -2.384368999999999898e-03 8.673232789999999470e-01
1.702688184948586941e+09 8.214039999999999710e-04 -3.934319999999999831e-04 1.029141549999999933e-01 -3.728536500000000087e-02 -5.206826329999999503e-01 -1.022530000000000010e-03 8.529351349999999554e-01
1.702688185239456654e+09 6.055789999999999697e-04 -4.010989999999999760e-04 1.029597369999999956e-01 -3.790026199999999706e-02 -5.406094190000000355e-01 1.501064999999999995e-03 8.404181600000000252e-01
1.702688185487078190e+09 3.824829999999999766e-04 -3.819660000000000221e-04 1.030819790000000041e-01 -3.985896700000000209e-02 -5.626157520000000245e-01 9.904849999999999332e-04 8.257564899999999541e-01
1.702688185745023489e+09 1.757670000000000131e-04 -3.486529999999999838e-04 1.031105439999999984e-01 -3.836116199999999726e-02 -5.815435650000000400e-01 1.971688999999999994e-03 8.126079440000000265e-01
1.702688185985535383e+09 -6.579000000000000029e-06 -3.435369999999999873e-04 1.031665209999999971e-01 -3.913059800000000255e-02 -5.993375779999999819e-01 2.439380000000000107e-03 7.995356919999999645e-01
1.702688186195514202e+09 -1.277999999999999893e-04 -3.364290000000000141e-04 1.031609770000000009e-01 -3.847827399999999981e-02 -6.099017260000000329e-01 3.278286999999999955e-03 7.915356159999999974e-01
1.702688186692717075e+09 -3.659730000000000144e-04 -3.103539999999999901e-04 1.032141599999999992e-01 -3.769389199999999968e-02 -6.359493139999999878e-01 4.709109999999999858e-03 7.707953450000000206e-01
1.702688186902578831e+09 -4.828200000000000157e-04 -3.167870000000000148e-04 1.031288729999999959e-01 -3.718725999999999976e-02 -6.377599840000000020e-01 4.847782999999999606e-03 7.693217399999999762e-01
1.702688187110407114e+09 -6.225630000000000226e-04 -3.000969999999999831e-04 1.032554730000000004e-01 -3.791218600000000050e-02 -6.369859580000000188e-01 4.763606000000000090e-03 7.699278590000000477e-01
1.702688187323381901e+09 -7.907450000000000329e-04 -2.815009999999999735e-04 1.033372729999999934e-01 -3.865136200000000161e-02 -6.362497809999999587e-01 4.298187999999999662e-03 7.705023290000000413e-01
1.702688188066941738e+09 -1.520424999999999945e-03 -2.573780000000000013e-04 1.034024949999999970e-01 -3.891702699999999987e-02 -6.402583120000000516e-01 3.861129999999999944e-03 7.671635150000000181e-01
1.702688188322317839e+09 -1.746729000000000033e-03 -2.339569999999999963e-04 1.034498590000000051e-01 -3.815322699999999789e-02 -6.390004160000000155e-01 4.029238000000000090e-03 7.682490349999999690e-01
1.702688188863511562e+09 -2.259187000000000174e-03 -2.043349999999999876e-04 1.035419550000000050e-01 -3.760303899999999783e-02 -6.291078930000000291e-01 2.705695000000000149e-03 7.764032480000000458e-01
1.702688189151738405e+09 -2.526506999999999885e-03 -1.932659999999999890e-04 1.035693359999999980e-01 -3.793985799999999992e-02 -6.431440710000000394e-01 4.512730999999999860e-03 7.647914289999999671e-01
1.702688189441761494e+09 -2.797357999999999789e-03 -1.734130000000000014e-04 1.036102619999999946e-01 -3.750747100000000056e-02 -6.546565290000000426e-01 5.445718000000000433e-03 7.549757360000000084e-01
1.702688189734070778e+09 -3.083615999999999961e-03 -1.513309999999999916e-04 1.036356169999999993e-01 -3.681345700000000082e-02 -6.521047349999999909e-01 3.698081000000000198e-03 7.572256330000000091e-01
1.702688189983146667e+09 -3.325208999999999977e-03 -1.528380000000000027e-04 1.036668639999999975e-01 -3.850232399999999749e-02 -6.567456720000000026e-01 3.149541999999999967e-03 7.531220320000000523e-01
1.702688190236847401e+09 -3.563806000000000092e-03 -1.292820000000000134e-04 1.036865190000000048e-01 -3.733181599999999684e-02 -6.691515449999999587e-01 3.976508999999999600e-03 7.421770100000000259e-01
1.702688190484710217e+09 -3.797725000000000059e-03 -1.176429999999999983e-04 1.037222150000000065e-01 -3.634883099999999811e-02 -6.750593190000000465e-01 4.759067999999999979e-03 7.368521089999999774e-01
1.702688190731891394e+09 -4.027425999999999749e-03 -1.199930000000000012e-04 1.037402899999999989e-01 -3.699961999999999696e-02 -6.653414960000000322e-01 3.903545000000000018e-03 7.456114889999999606e-01
1.702688191025105238e+09 -4.311129000000000350e-03 -1.051989999999999935e-04 1.037852169999999991e-01 -3.796967500000000134e-02 -6.632292269999999768e-01 4.574568000000000211e-03 7.474385500000000349e-01
1.702688191358403444e+09 -4.620105000000000219e-03 -9.956399999999999745e-05 1.038087979999999938e-01 -3.783576200000000195e-02 -6.751033659999999825e-01 5.129848999999999694e-03 7.367344500000000407e-01
1.702688191605288982e+09 -4.860200000000000284e-03 -8.560400000000000236e-05 1.038253160000000008e-01 -3.631908799999999937e-02 -6.637742519999999535e-01 5.163202000000000416e-03 7.470328210000000135e-01
1.702688191856834650e+09 -5.092501999999999619e-03 -7.202299999999999805e-05 1.038794960000000017e-01 -3.646918799999999961e-02 -6.550515289999999657e-01 5.642750999999999670e-03 7.546824810000000161e-01
1.702688192151530743e+09 -5.368173000000000389e-03 -5.716199999999999922e-05 1.039507310000000045e-01 -3.680601700000000337e-02 -6.481755970000000477e-01 6.984920999999999838e-03 7.605687979999999904e-01
1.702688192480369568e+09 -5.679496000000000024e-03 -3.559099999999999856e-05 1.039972980000000019e-01 -3.746773999999999938e-02 -6.387870310000000051e-01 5.232620999999999800e-03 7.684529420000000277e-01
1.702688192770281076e+09 -5.955890000000000142e-03 -2.872200000000000046e-05 1.040757149999999992e-01 -3.899179800000000112e-02 -6.256635189999999458e-01 4.188863000000000135e-03 7.791066770000000252e-01
1.702688193069578648e+09 -6.239340000000000337e-03 -9.966999999999999609e-06 1.041166109999999978e-01 -3.886556299999999881e-02 -6.330294610000000155e-01 4.242820999999999919e-03 7.731398940000000497e-01
1.702688193398554802e+09 -6.550491000000000300e-03 1.319499999999999987e-05 1.041637879999999933e-01 -3.807364399999999677e-02 -6.412185430000000297e-01 3.903283999999999920e-03 7.664032579999999761e-01
1.702688193728716135e+09 -6.847999999999999921e-03 1.738400000000000161e-05 1.042452749999999984e-01 -3.855205300000000279e-02 -6.258549690000000387e-01 3.510456999999999814e-03 7.789781690000000536e-01
1.702688194063790560e+09 -7.165112000000000390e-03 4.754399999999999745e-05 1.043404859999999962e-01 -3.688890899999999751e-02 -6.150466199999999883e-01 2.729418999999999856e-03 7.876225709999999935e-01
1.702688194355690956e+09 -7.437817999999999687e-03 6.750800000000000485e-05 1.043992489999999995e-01 -3.680849800000000199e-02 -6.147696379999999516e-01 2.233428999999999883e-03 7.878441809999999768e-01
1.702688194690617800e+09 -7.741071000000000410e-03 8.773399999999999721e-05 1.044898930000000004e-01 -3.666260799999999931e-02 -6.099526880000000206e-01 2.182910000000000145e-03 7.915863389999999722e-01
1.702688194982391596e+09 -8.009515999999999511e-03 9.616299999999999393e-05 1.045413909999999974e-01 -3.755947200000000347e-02 -6.124343279999999723e-01 3.924694000000000273e-03 7.896189689999999484e-01
1.702688195310521841e+09 -8.313163999999999623e-03 1.126859999999999982e-04 1.046266849999999970e-01 -3.628216299999999922e-02 -6.072738170000000490e-01 3.263700999999999929e-03 7.936570050000000265e-01
1.702688195606745243e+09 -8.584220000000000045e-03 1.242349999999999921e-04 1.046995299999999990e-01 -3.590235499999999691e-02 -5.974449520000000291e-01 2.317079000000000100e-03 8.011024589999999890e-01
1.702688195982507944e+09 -8.948776999999999773e-03 1.445969999999999981e-04 1.047956720000000064e-01 -3.578840199999999694e-02 -5.953288079999999871e-01 1.243030000000000003e-03 8.026838299999999871e-01
1.702688196436167717e+09 -9.317726000000000133e-03 1.585860000000000026e-04 1.049912419999999985e-01 -3.647716299999999995e-02 -5.845344070000000336e-01 8.208859999999999464e-04 8.105481270000000071e-01
1.702688196811123371e+09 -9.686012000000000788e-03 1.749490000000000084e-04 1.050765510000000041e-01 -3.588212999999999819e-02 -5.695587399999999523e-01 7.107139999999999855e-04 8.211667540000000542e-01
1.702688197185342312e+09 -1.004104299999999950e-02 2.046969999999999953e-04 1.052234169999999996e-01 -3.784708299999999664e-02 -5.568401219999999929e-01 -1.779395000000000022e-03 8.297551869999999496e-01
1.702688197475346804e+09 -1.028185700000000015e-02 2.332310000000000036e-04 1.053458599999999995e-01 -3.673215199999999708e-02 -5.459772939999999464e-01 -1.120686000000000078e-03 8.369935750000000452e-01
1.702688197808630466e+09 -1.057901200000000048e-02 2.607919999999999791e-04 1.055045869999999969e-01 -3.716242299999999998e-02 -5.323301550000000271e-01 -1.025462999999999895e-03 8.457201119999999683e-01
1.702688198140645742e+09 -1.084420799999999928e-02 2.763220000000000151e-04 1.056802349999999974e-01 -3.817560500000000134e-02 -5.180205700000000135e-01 -2.675879999999999730e-04 8.545157909999999690e-01
1.702688198432888031e+09 -1.108581200000000044e-02 2.962759999999999938e-04 1.058150310000000038e-01 -3.909264500000000225e-02 -5.060581560000000367e-01 -1.621988999999999896e-03 8.616114259999999581e-01
1.702688198682045460e+09 -1.126657600000000037e-02 3.001929999999999768e-04 1.059320120000000059e-01 -3.792607399999999712e-02 -4.938551780000000058e-01 -3.112642000000000100e-03 8.687111140000000065e-01
1.702688198975623608e+09 -1.150614600000000008e-02 3.205029999999999771e-04 1.060318199999999988e-01 -3.684396999999999672e-02 -4.857719839999999900e-01 -1.649209000000000005e-03 8.733072280000000465e-01
1.702688199229028463e+09 -1.167226399999999990e-02 2.849029999999999792e-04 1.061043289999999972e-01 -3.859048699999999971e-02 -4.799091220000000213e-01 -1.786182999999999998e-03 8.764672879999999555e-01
1.702688199435713768e+09 -1.187190200000000015e-02 2.816760000000000184e-04 1.061879319999999988e-01 -3.983449199999999912e-02 -4.741971489999999845e-01 -1.937450000000000066e-03 8.795149330000000543e-01
1.702688199683215857e+09 -1.203619099999999990e-02 2.775249999999999831e-04 1.062604409999999971e-01 -4.018482599999999988e-02 -4.692786039999999881e-01 -2.300186999999999978e-03 8.821324109999999497e-01
1.702688199933295965e+09 -1.212522800000000005e-02 2.537069999999999885e-04 1.063185410000000025e-01 -4.076887299999999714e-02 -4.673075680000000065e-01 -3.674170999999999947e-03 8.831466439999999807e-01
1.702688200183932304e+09 -1.224215000000000025e-02 2.440359999999999925e-04 1.063300300000000059e-01 -4.191528600000000299e-02 -4.643500150000000049e-01 -5.227548000000000264e-03 8.846439120000000322e-01
1.702688200390556574e+09 -1.232775900000000063e-02 2.305610000000000038e-04 1.063405050000000018e-01 -4.263244900000000281e-02 -4.625234599999999974e-01 -6.044716000000000325e-03 8.855608109999999478e-01
1.702688200598961830e+09 -1.243508599999999971e-02 2.485860000000000218e-04 1.063816850000000036e-01 -4.219165099999999669e-02 -4.616940019999999922e-01 -6.278617999999999699e-03 8.860130309999999509e-01
1.702688200848833799e+09 -1.255992799999999972e-02 2.582700000000000056e-04 1.063993280000000013e-01 -4.190350699999999956e-02 -4.600732619999999828e-01 -6.081765999999999735e-03 8.868707420000000452e-01
1.702688201097800016e+09 -1.270251300000000035e-02 2.383189999999999929e-04 1.063671709999999965e-01 -4.384486700000000264e-02 -4.614237840000000035e-01 -9.487195000000000350e-03 8.860449790000000103e-01
1.702688201263350964e+09 -1.280207899999999920e-02 2.493180000000000006e-04 1.063235550000000001e-01 -4.303789899999999752e-02 -4.634085299999999852e-01 -9.404979000000000811e-03 8.850491050000000026e-01
1.702688201471807480e+09 -1.290749000000000063e-02 2.431199999999999898e-04 1.063525159999999942e-01 -4.438890899999999723e-02 -4.634191690000000197e-01 -1.126388700000000020e-02 8.849550489999999936e-01
1.702688201679911375e+09 -1.299804599999999921e-02 2.781990000000000244e-04 1.064389200000000063e-01 -4.264240700000000023e-02 -4.636618789999999990e-01 -1.078748199999999928e-02 8.849197030000000019e-01
1.702688201849465132e+09 -1.308327199999999996e-02 2.681560000000000259e-04 1.064843159999999955e-01 -4.436882600000000010e-02 -4.617356060000000206e-01 -1.249543200000000076e-02 8.858191370000000342e-01
1.702688202013572454e+09 -1.316978599999999930e-02 2.847319999999999973e-04 1.065115259999999953e-01 -4.374871400000000105e-02 -4.630030689999999893e-01 -1.265294800000000067e-02 8.851858970000000548e-01
1.702688202227379084e+09 -1.327998000000000026e-02 3.096509999999999801e-04 1.065393689999999949e-01 -4.219545799999999819e-02 -4.634709659999999842e-01 -1.241413599999999923e-02 8.850198390000000304e-01
1.702688202639366865e+09 -1.348396900000000016e-02 3.181850000000000173e-04 1.066147759999999944e-01 -4.185665400000000008e-02 -4.612627329999999803e-01 -1.226054700000000011e-02 8.861910100000000012e-01
1.702688202850309849e+09 -1.354626800000000020e-02 3.035469999999999857e-04 1.066888649999999938e-01 -4.390155899999999972e-02 -4.599832300000000207e-01 -1.411942599999999916e-02 8.867292399999999741e-01
1.702688203097716808e+09 -1.365390600000000038e-02 3.243850000000000054e-04 1.067481339999999945e-01 -4.271998600000000146e-02 -4.521909359999999878e-01 -1.557229199999999973e-02 8.907613749999999664e-01
1.702688203307215929e+09 -1.374334099999999920e-02 3.238529999999999773e-04 1.067847459999999998e-01 -4.315451499999999746e-02 -4.466005270000000249e-01 -1.588675900000000030e-02 8.935509320000000200e-01
1.702688203554644823e+09 -1.383412699999999988e-02 3.048510000000000260e-04 1.068451400000000051e-01 -4.533411899999999911e-02 -4.308021659999999864e-01 -1.713963599999999976e-02 9.011440280000000413e-01
1.702688203765537977e+09 -1.390126399999999998e-02 3.154820000000000129e-04 1.069019959999999991e-01 -4.235007600000000039e-02 -4.131612179999999968e-01 -1.865713999999999914e-02 9.094813470000000510e-01
1.702688203974164248e+09 -1.393531100000000057e-02 3.100649999999999934e-04 1.069246009999999941e-01 -4.401954300000000125e-02 -4.049097300000000232e-01 -2.007644800000000021e-02 9.130757449999999942e-01
1.702688204221482992e+09 -1.400068600000000003e-02 3.110300000000000087e-04 1.069717709999999933e-01 -4.382759299999999802e-02 -3.897750970000000148e-01 -2.206909300000000143e-02 9.196017979999999703e-01
1.702688204430001497e+09 -1.404297399999999973e-02 3.087319999999999843e-04 1.070163850000000055e-01 -4.592162400000000116e-02 -3.794746399999999742e-01 -2.383290799999999987e-02 9.237543940000000342e-01
1.702688204677348375e+09 -1.408838100000000051e-02 3.113580000000000232e-04 1.070615429999999951e-01 -4.599906499999999870e-02 -3.668658140000000123e-01 -2.503106600000000112e-02 9.287987349999999864e-01
1.702688204928294897e+09 -1.413327800000000085e-02 3.121509999999999866e-04 1.071205060000000042e-01 -4.568181600000000009e-02 -3.532352149999999913e-01 -2.648194699999999874e-02 9.340432290000000304e-01
1.702688205098562956e+09 -1.416036600000000062e-02 3.300879999999999743e-04 1.071629080000000012e-01 -4.447621499999999950e-02 -3.418381810000000187e-01 -2.571687300000000120e-02 9.383534789999999903e-01
1.702688205303340197e+09 -1.419645899999999981e-02 3.045400000000000082e-04 1.071853859999999936e-01 -4.730452200000000162e-02 -3.292203550000000201e-01 -2.940608200000000005e-02 9.426088929999999477e-01
1.702688205512762785e+09 -1.419837399999999972e-02 3.021839999999999921e-04 1.071778909999999974e-01 -4.753568799999999955e-02 -3.176394699999999793e-01 -2.982981700000000153e-02 9.465494159999999768e-01
1.702688205760909319e+09 -1.424171800000000043e-02 2.968140000000000079e-04 1.072404379999999935e-01 -4.948178699999999930e-02 -2.982881960000000054e-01 -3.291239599999999654e-02 9.526240230000000420e-01
1.702688205967622519e+09 -1.427091999999999944e-02 3.087140000000000262e-04 1.072990520000000059e-01 -4.804376500000000216e-02 -2.777262629999999732e-01 -3.379549099999999695e-02 9.588627819999999691e-01
1.702688206222782612e+09 -1.429531000000000031e-02 3.151820000000000056e-04 1.073593119999999984e-01 -4.489102200000000265e-02 -2.562401289999999832e-01 -3.266136299999999881e-02 9.650176759999999909e-01
1.702688206469336510e+09 -1.432348800000000054e-02 3.209069999999999956e-04 1.074256299999999942e-01 -4.541399299999999972e-02 -2.327928989999999976e-01 -3.408935999999999911e-02 9.708671570000000361e-01
1.702688206685341120e+09 -1.434718800000000030e-02 3.251409999999999825e-04 1.074775459999999933e-01 -4.545056100000000043e-02 -2.118018869999999942e-01 -3.592349599999999921e-02 9.755940440000000491e-01
1.702688206883792400e+09 -1.436690699999999994e-02 3.337370000000000202e-04 1.075412409999999958e-01 -4.512594300000000169e-02 -1.916918459999999991e-01 -3.605032300000000217e-02 9.797542099999999587e-01
1.702688207091658831e+09 -1.437886700000000004e-02 3.329410000000000095e-04 1.075914730000000069e-01 -4.463311300000000204e-02 -1.713510749999999916e-01 -3.873778900000000164e-02 9.834358690000000180e-01
1.702688207306366444e+09 -1.439406699999999997e-02 3.364959999999999848e-04 1.076470459999999962e-01 -4.310223500000000263e-02 -1.517716940000000125e-01 -4.054599600000000081e-02 9.866425989999999535e-01
1.702688207524470568e+09 -1.440679599999999949e-02 3.427589999999999890e-04 1.077058169999999954e-01 -4.311867800000000056e-02 -1.356316949999999966e-01 -4.176576800000000173e-02 9.889390470000000155e-01
1.702688207760922909e+09 -1.441474199999999949e-02 3.494160000000000169e-04 1.077736910000000048e-01 -4.246111200000000224e-02 -1.134392689999999954e-01 -4.206420899999999824e-02 9.917455320000000407e-01
1.702688208009278059e+09 -1.442613100000000002e-02 3.527839999999999752e-04 1.078412910000000058e-01 -4.243306100000000108e-02 -9.640228000000000685e-02 -4.226447600000000221e-02 9.935390349999999593e-01
1.702688208177550793e+09 -1.443285899999999927e-02 3.600240000000000211e-04 1.078872079999999983e-01 -3.955270699999999945e-02 -8.598584700000000414e-02 -4.227170300000000075e-02 9.946130509999999703e-01
1.702688208634181261e+09 -1.444912800000000032e-02 3.715570000000000071e-04 1.080194190000000054e-01 -3.991920499999999927e-02 -7.160078000000000276e-02 -4.297642000000000129e-02 9.957072139999999516e-01
1.702688209008103609e+09 -1.445212499999999969e-02 3.827160000000000132e-04 1.081270649999999944e-01 -4.191274600000000072e-02 -7.115846900000000197e-02 -3.973083200000000065e-02 9.957917929999999807e-01
1.702688209216115236e+09 -1.445902299999999967e-02 3.874409999999999790e-04 1.081866100000000025e-01 -4.412996000000000280e-02 -7.718565300000000684e-02 -3.733581700000000031e-02 9.953396319999999742e-01
1.702688210135180712e+09 -1.452069700000000081e-02 4.125940000000000141e-04 1.084369570000000005e-01 -4.502684299999999695e-02 -1.004800200000000032e-01 -5.177771700000000088e-02 9.925701019999999541e-01
1.702688210380928278e+09 -1.454358499999999950e-02 4.233090000000000225e-04 1.085094659999999989e-01 -4.242727899999999830e-02 -1.230006440000000062e-01 -4.879183299999999973e-02 9.902980329999999665e-01
1.702688210672807455e+09 -1.456932000000000019e-02 4.288799999999999731e-04 1.085810140000000035e-01 -3.299675099999999778e-02 -1.410337389999999913e-01 -4.407602900000000268e-02 9.884725810000000168e-01
1.702688210965821505e+09 -1.458027400000000071e-02 4.243760000000000175e-04 1.086311560000000065e-01 -2.755262099999999936e-02 -1.341061889999999868e-01 -4.125895000000000257e-02 9.897242779999999573e-01
1.702688211256303072e+09 -1.459331699999999975e-02 4.244849999999999990e-04 1.087140439999999958e-01 -3.348854899999999940e-02 -1.123399360000000013e-01 -4.637886199999999987e-02 9.920217989999999819e-01
1.702688212175014734e+09 -1.461893000000000047e-02 4.402070000000000223e-04 1.089574690000000012e-01 -3.204443299999999717e-02 -6.413570799999999961e-02 -4.883237599999999679e-02 9.962304830000000555e-01
1.702688212470498562e+09 -1.462085200000000015e-02 4.490510000000000074e-04 1.090425629999999951e-01 -3.311250699999999936e-02 -4.881950100000000126e-02 -4.750618699999999833e-02 9.971275929999999788e-01
1.702688212795155048e+09 -1.462361600000000074e-02 4.569980000000000179e-04 1.091390700000000047e-01 -3.559518600000000088e-02 -2.970217400000000132e-02 -4.829651499999999820e-02 9.977565999999999935e-01
1.702688213050624371e+09 -1.462464399999999914e-02 4.643660000000000192e-04 1.092115119999999967e-01 -3.681707800000000308e-02 -1.735371200000000030e-02 -4.817534200000000294e-02 9.980093239999999755e-01
1.702688213340885162e+09 -1.462214400000000011e-02 4.764950000000000110e-04 1.092942279999999933e-01 -3.803656600000000082e-02 -1.440990999999999973e-03 -4.886168199999999656e-02 9.980800149999999871e-01
1.702688213628349781e+09 -1.461846299999999994e-02 4.793449999999999989e-04 1.093763259999999959e-01 -3.791270000000000057e-02 1.425682799999999917e-02 -5.018487199999999843e-02 9.979182479999999522e-01
1.702688213920266390e+09 -1.460885699999999940e-02 4.854950000000000129e-04 1.094558540000000052e-01 -3.594056100000000281e-02 2.865920400000000062e-02 -5.048130499999999715e-02 9.976665970000000438e-01
1.702688214211086988e+09 -1.460728399999999989e-02 4.880039999999999985e-04 1.095438080000000064e-01 -3.574360199999999932e-02 4.754758600000000279e-02 -5.239689699999999783e-02 9.968531729999999813e-01
1.702688214508597851e+09 -1.459369699999999923e-02 4.908809999999999779e-04 1.096181120000000037e-01 -3.573777200000000098e-02 6.009437499999999849e-02 -5.327209799999999690e-02 9.961293340000000329e-01
1.702688214756098032e+09 -1.458206000000000085e-02 4.944860000000000358e-04 1.096842590000000062e-01 -3.477507500000000251e-02 7.330351300000000070e-02 -5.353796100000000197e-02 9.952642919999999949e-01
1.702688215296774864e+09 -1.455182699999999982e-02 5.045959999999999508e-04 1.098243299999999978e-01 -3.193962899999999716e-02 9.434279099999999529e-02 -5.335715800000000175e-02 9.935956599999999916e-01
1.702688215549104214e+09 -1.453675100000000053e-02 5.048049999999999890e-04 1.098902300000000054e-01 -3.201829300000000322e-02 9.012785600000000619e-02 -5.313397599999999943e-02 9.939962629999999910e-01
1.702688216378652811e+09 -1.451370299999999933e-02 5.208370000000000144e-04 1.101179199999999941e-01 -3.339188500000000309e-02 5.437371500000000302e-02 -5.212793899999999814e-02 9.965997930000000116e-01
1.702688216627161264e+09 -1.451255800000000006e-02 5.260899999999999995e-04 1.101911740000000028e-01 -3.316389399999999932e-02 4.415506500000000029e-02 -5.190849299999999999e-02 9.971238970000000368e-01
1.702688216959021091e+09 -1.450780100000000072e-02 5.286340000000000483e-04 1.102771540000000022e-01 -3.301362299999999889e-02 3.608388800000000146e-02 -5.122551300000000030e-02 9.974888560000000348e-01
1.702688217290939808e+09 -1.449851599999999949e-02 5.372130000000000351e-04 1.103689669999999984e-01 -3.504322099999999940e-02 3.454443399999999886e-02 -5.109582800000000286e-02 9.974807500000000271e-01
1.702688217627594709e+09 -1.448905699999999963e-02 5.448659999999999701e-04 1.104626799999999937e-01 -3.500990899999999878e-02 4.214681299999999825e-02 -5.182408200000000048e-02 9.971520900000000465e-01
1.702688217959952116e+09 -1.447639400000000007e-02 5.484700000000000122e-04 1.105492339999999962e-01 -3.364301100000000044e-02 4.958815899999999971e-02 -5.180726900000000301e-02 9.968576430000000155e-01
1.702688218291604519e+09 -1.447008500000000059e-02 5.537919999999999995e-04 1.106441769999999963e-01 -3.403955000000000175e-02 5.002332500000000043e-02 -5.171295599999999743e-02 9.968273640000000491e-01
1.702688219040821552e+09 -1.444644900000000010e-02 5.740019999999999975e-04 1.108481439999999957e-01 -3.380390300000000320e-02 5.605498700000000056e-02 -5.277016799999999924e-02 9.964589480000000110e-01
1.702688219332490206e+09 -1.444075300000000062e-02 5.783610000000000010e-04 1.109261289999999983e-01 -3.380845899999999904e-02 5.766421599999999731e-02 -5.293139399999999967e-02 9.963584540000000045e-01
1.702688219709184408e+09 -1.442094900000000061e-02 5.823609999999999898e-04 1.110266149999999952e-01 -3.230871300000000279e-02 6.411720099999999867e-02 -5.295947599999999839e-02 9.960122700000000329e-01
1.702688220126549959e+09 -1.440664499999999917e-02 5.883940000000000047e-04 1.111443190000000053e-01 -3.322226200000000240e-02 7.454734999999999834e-02 -5.292957999999999691e-02 9.952574969999999910e-01
1.702688220502336740e+09 -1.438789700000000019e-02 5.964949999999999463e-04 1.112437470000000039e-01 -3.232061499999999699e-02 8.006386499999999795e-02 -5.216893200000000119e-02 9.948987959999999742e-01
1.702688220955413342e+09 -1.436312699999999984e-02 6.015280000000000453e-04 1.113669500000000062e-01 -3.064796499999999924e-02 9.453848700000000438e-02 -5.310360299999999922e-02 9.936313629999999897e-01
1.702688221335029364e+09 -1.433533000000000029e-02 6.085450000000000494e-04 1.114677709999999933e-01 -2.941567600000000171e-02 1.103902310000000053e-01 -5.321161099999999894e-02 9.920268650000000354e-01
1.702688221747570276e+09 -1.430834299999999941e-02 6.116929999999999590e-04 1.115780990000000000e-01 -2.894794900000000060e-02 1.223832370000000058e-01 -5.366556000000000104e-02 9.906080959999999935e-01
1.702688222040700674e+09 -1.428592499999999967e-02 6.160550000000000097e-04 1.116564570000000006e-01 -2.836390000000000092e-02 1.353867350000000080e-01 -5.513901300000000061e-02 9.888506529999999684e-01
1.702688222373850346e+09 -1.425609599999999935e-02 6.194570000000000154e-04 1.117428689999999947e-01 -2.781509199999999959e-02 1.420201359999999913e-01 -5.484455099999999833e-02 9.879517559999999587e-01
1.702688222749086380e+09 -1.422533999999999951e-02 6.221249999999999567e-04 1.118389590000000017e-01 -2.641723500000000072e-02 1.428124309999999897e-01 -5.464796699999999868e-02 9.878867860000000167e-01
1.702688223202704668e+09 -1.418962099999999948e-02 6.275360000000000443e-04 1.119616779999999950e-01 -2.776963099999999948e-02 1.366665360000000051e-01 -5.494308099999999778e-02 9.887024159999999728e-01
1.702688223579206944e+09 -1.416629699999999957e-02 6.316950000000000429e-04 1.120618280000000022e-01 -2.895858499999999849e-02 1.265150009999999881e-01 -5.361655700000000219e-02 9.900912640000000264e-01
1.702688224037439823e+09 -1.414325599999999988e-02 6.375149999999999567e-04 1.121767909999999979e-01 -2.796304800000000076e-02 1.142631469999999955e-01 -5.324394999999999822e-02 9.916285280000000091e-01
1.702688224457344770e+09 -1.412684500000000072e-02 6.429580000000000061e-04 1.122659820000000003e-01 -2.930826099999999865e-02 1.010598090000000004e-01 -5.245403600000000249e-02 9.930642250000000226e-01
1.702688225000415325e+09 -1.409464900000000076e-02 6.450429999999999836e-04 1.123903769999999996e-01 -3.093153200000000116e-02 1.137462929999999983e-01 -5.275508400000000070e-02 9.916259050000000297e-01
1.702688225451898575e+09 -1.406274000000000066e-02 6.524260000000000042e-04 1.125097870000000000e-01 -2.975699500000000136e-02 1.267595290000000097e-01 -5.411497900000000055e-02 9.900091290000000432e-01
1.702688225868437290e+09 -1.402433200000000046e-02 6.571699999999999981e-04 1.126166509999999982e-01 -2.886821300000000021e-02 1.433845159999999896e-01 -5.399289699999999803e-02 9.877713919999999703e-01
1.702688226284204483e+09 -1.398950099999999967e-02 6.648399999999999839e-04 1.127216820000000036e-01 -2.923509100000000124e-02 1.462718990000000108e-01 -5.583488200000000234e-02 9.872347120000000142e-01
1.702688226783055544e+09 -1.394151199999999965e-02 6.680930000000000289e-04 1.128448019999999941e-01 -2.733410899999999880e-02 1.711338010000000021e-01 -5.521823499999999746e-02 9.833194020000000091e-01
1.702688227241759777e+09 -1.389515900000000068e-02 6.687470000000000263e-04 1.129570599999999980e-01 -2.749348199999999964e-02 1.735250799999999982e-01 -5.473955300000000329e-02 9.829225539999999484e-01
1.702688227740939379e+09 -1.384123100000000071e-02 6.737730000000000151e-04 1.130876620000000055e-01 -2.685539199999999876e-02 1.846595849999999872e-01 -5.465622199999999736e-02 9.809139970000000375e-01
1.702688228200744867e+09 -1.379794800000000085e-02 6.783600000000000307e-04 1.132020209999999999e-01 -2.609214199999999872e-02 1.843153829999999993e-01 -5.623197199999999812e-02 9.809103009999999845e-01
1.702688228657423735e+09 -1.375081899999999920e-02 6.800929999999999953e-04 1.133130340000000069e-01 -2.472152899999999903e-02 2.023489330000000086e-01 -5.695855200000000257e-02 9.773431420000000536e-01
1.702688229074207544e+09 -1.370150000000000014e-02 6.798639999999999675e-04 1.134110539999999973e-01 -2.281645300000000043e-02 2.222241159999999993e-01 -5.779170200000000035e-02 9.730138780000000542e-01
1.702688229493652105e+09 -1.364794400000000039e-02 6.799500000000000205e-04 1.135077480000000055e-01 -2.145652300000000165e-02 2.339815500000000104e-01 -5.802946900000000019e-02 9.702705139999999728e-01
1.702688229906644106e+09 -1.358896000000000062e-02 6.818069999999999860e-04 1.136038679999999967e-01 -2.025857400000000141e-02 2.483437059999999974e-01 -5.693649499999999669e-02 9.667850140000000536e-01
1.702688230281499386e+09 -1.353867400000000054e-02 6.805539999999999897e-04 1.136901830000000002e-01 -1.922517500000000060e-02 2.544311579999999906e-01 -5.748004100000000255e-02 9.651897550000000381e-01
1.702688230613232136e+09 -1.349375100000000001e-02 6.815229999999999596e-04 1.137690170000000001e-01 -2.088009399999999835e-02 2.573675220000000152e-01 -5.749618299999999932e-02 9.643755560000000226e-01
1.702688230992670536e+09 -1.344899299999999936e-02 6.824790000000000500e-04 1.138611209999999957e-01 -2.372374899999999884e-02 2.441225049999999896e-01 -5.774735300000000127e-02 9.677327869999999832e-01
1.702688231363632202e+09 -1.341055499999999935e-02 6.834000000000000231e-04 1.139535899999999935e-01 -2.382798499999999944e-02 2.245868299999999873e-01 -5.742751799999999684e-02 9.724685549999999568e-01
1.702688231780295849e+09 -1.336484100000000057e-02 6.895729999999999655e-04 1.140607000000000010e-01 -2.625949299999999834e-02 2.017033099999999968e-01 -5.531814300000000018e-02 9.775306580000000523e-01
1.702688232158797741e+09 -1.332980400000000065e-02 6.897869999999999739e-04 1.141578780000000043e-01 -2.884535499999999961e-02 1.820282639999999952e-01 -5.594740399999999919e-02 9.812765119999999897e-01
1.702688232574000120e+09 -1.330156000000000047e-02 6.986670000000000380e-04 1.142688389999999971e-01 -2.863146700000000072e-02 1.605380479999999888e-01 -5.464501299999999923e-02 9.850998520000000536e-01
1.702688232985693693e+09 -1.327207600000000071e-02 7.037540000000000115e-04 1.143797190000000047e-01 -2.996880700000000008e-02 1.412056829999999985e-01 -5.296956700000000212e-02 9.881077999999999806e-01
1.702688233487832308e+09 -1.324027699999999995e-02 7.093820000000000464e-04 1.145117729999999973e-01 -3.060993700000000026e-02 1.187113149999999978e-01 -5.235237999999999697e-02 9.910751580000000116e-01
1.702688233945336580e+09 -1.322079999999999957e-02 7.169579999999999616e-04 1.146324719999999991e-01 -3.171420800000000068e-02 9.849229499999999360e-02 -5.107355100000000175e-02 9.933201670000000316e-01
1.702688234448661566e+09 -1.320267099999999916e-02 7.222469999999999715e-04 1.147687210000000041e-01 -3.419088599999999672e-02 8.450704800000000128e-02 -5.162676800000000343e-02 9.944970010000000471e-01
1.702688234859760523e+09 -1.318775200000000050e-02 7.253630000000000277e-04 1.148762110000000058e-01 -3.466223200000000115e-02 7.790843399999999863e-02 -5.192568899999999710e-02 9.950038190000000116e-01
1.702688235323031187e+09 -1.317191900000000068e-02 7.297599999999999790e-04 1.149977590000000049e-01 -3.588952900000000334e-02 7.345807599999999715e-02 -5.250022199999999917e-02 9.952685829999999845e-01
1.702688235776144028e+09 -1.315859100000000073e-02 7.372779999999999568e-04 1.151200009999999996e-01 -3.696995599999999826e-02 5.402816500000000299e-02 -5.208952399999999816e-02 9.964942930000000310e-01
1.702688236193366051e+09 -1.314396699999999946e-02 7.449410000000000493e-04 1.152281170000000049e-01 -3.538431200000000110e-02 5.083537500000000209e-02 -5.204517799999999750e-02 9.967221619999999671e-01
1.702688236652545214e+09 -1.312633499999999939e-02 7.491340000000000412e-04 1.153446959999999966e-01 -3.621334200000000253e-02 5.844529700000000022e-02 -5.194168200000000291e-02 9.962804910000000458e-01
1.702688237149650574e+09 -1.309774499999999918e-02 7.540249999999999644e-04 1.154749620000000004e-01 -3.715927900000000339e-02 7.072993399999999431e-02 -5.384276400000000129e-02 9.953479170000000265e-01
1.702688237783702374e+09 -1.307438900000000050e-02 7.696849999999999872e-04 1.156442840000000000e-01 -3.576099099999999892e-02 9.583972400000000114e-02 -5.426574900000000201e-02 9.932729599999999825e-01
1.702688238233749390e+09 -1.303579499999999933e-02 7.763029999999999974e-04 1.157667930000000067e-01 -3.517924599999999735e-02 1.143637150000000047e-01 -5.504935600000000068e-02 9.912885430000000220e-01
1.702688238694409609e+09 -1.300393799999999961e-02 7.845550000000000397e-04 1.158857050000000055e-01 -3.337173899999999749e-02 1.097726079999999937e-01 -5.498700599999999800e-02 9.918733840000000246e-01
1.702688239148632288e+09 -1.298213699999999950e-02 7.924400000000000497e-04 1.160075889999999943e-01 -3.304703199999999702e-02 1.126082909999999992e-01 -5.509376900000000077e-02 9.915603400000000400e-01
1.702688239605092049e+09 -1.294214800000000054e-02 7.974069999999999769e-04 1.161229909999999949e-01 -3.258224199999999737e-02 1.157668979999999931e-01 -5.478022200000000341e-02 9.912292959999999820e-01
1.702688240064297199e+09 -1.292024999999999944e-02 7.998519999999999849e-04 1.162455079999999974e-01 -3.423861799999999844e-02 1.112827879999999936e-01 -5.477145299999999772e-02 9.916874169999999600e-01
1.702688240523447514e+09 -1.288025500000000018e-02 8.084519999999999771e-04 1.163607690000000028e-01 -3.330602900000000088e-02 1.143772599999999945e-01 -5.482533600000000229e-02 9.913641210000000425e-01
1.702688241022365808e+09 -1.285780199999999977e-02 8.138320000000000103e-04 1.164924729999999992e-01 -3.221251399999999765e-02 1.159779650000000023e-01 -5.427642900000000103e-02 9.912444950000000032e-01
1.702688241522672653e+09 -1.285400899999999957e-02 8.219300000000000130e-04 1.166310160000000040e-01 -3.248435300000000053e-02 1.179800329999999980e-01 -5.489424999999999860e-02 9.909652469999999935e-01
1.702688241978849888e+09 -1.281170000000000052e-02 8.250339999999999887e-04 1.167406510000000008e-01 -3.151291199999999709e-02 1.208394470000000026e-01 -5.436080299999999921e-02 9.906814099999999845e-01
1.702688242478490353e+09 -1.279394900000000064e-02 8.273170000000000480e-04 1.168760729999999970e-01 -3.502741100000000135e-02 1.261850599999999878e-01 -5.549622299999999731e-02 9.898336530000000355e-01
1.702688243021227121e+09 -1.274091500000000023e-02 8.370600000000000393e-04 1.170117779999999968e-01 -3.617801100000000297e-02 1.262502819999999915e-01 -5.530598400000000248e-02 9.897946119999999626e-01
1.702688243645176649e+09 -1.270226699999999972e-02 8.452699999999999624e-04 1.171735379999999938e-01 -3.834851499999999969e-02 1.204197179999999950e-01 -5.614902499999999824e-02 9.903917309999999974e-01
1.702688244228804111e+09 -1.266358599999999925e-02 8.543309999999999490e-04 1.173248659999999999e-01 -3.836331899999999989e-02 1.048721219999999982e-01 -5.428088100000000304e-02 9.922618869999999536e-01
1.702688244726606369e+09 -1.266490800000000076e-02 8.688240000000000286e-04 1.174598709999999935e-01 -3.543982300000000224e-02 9.491801299999999553e-02 -5.261756499999999809e-02 9.934616680000000200e-01
1.702688245272855282e+09 -1.264728700000000011e-02 8.728730000000000299e-04 1.175947190000000003e-01 -3.296335799999999816e-02 9.836573199999999739e-02 -5.246005200000000007e-02 9.932197929999999619e-01
1.702688245809057236e+09 -1.263041300000000006e-02 8.845710000000000118e-04 1.177113209999999938e-01 -3.363536300000000145e-02 9.846423599999999665e-02 -5.164073400000000064e-02 9.932304020000000122e-01
1.702688246517553568e+09 -1.262738499999999965e-02 8.842719999999999660e-04 1.177227119999999932e-01 -3.415706799999999876e-02 1.013610959999999978e-01 -5.238429099999999949e-02 9.928822520000000207e-01
