1702688123750164736.000000 0.000000000 0.000000000 0.000000000 -0.000000000 -0.000000000 -0.000000000 1.000000000
1702688124081733120.000000 0.000001137 0.000004934 0.000102452 -0.000205679 0.000552375 0.000191261 0.999999821
1702688124330904064.000000 -0.000000967 0.000004221 0.000178072 0.000319408 0.000444013 -0.000954193 0.999999404
1702688124788979456.000000 -0.000017874 0.000005182 0.000312747 -0.000529142 -0.001814390 -0.000507266 0.999998093
1702688125043920640.000000 -0.000026278 0.000005209 0.000386959 -0.000988760 -0.001508916 -0.000630878 0.999998212
1702688125164490240.000000 -0.000029086 0.000005834 0.000423742 -0.000710577 -0.002368120 -0.000146661 0.999996960
1702688125330907648.000000 -0.000027197 0.000002860 0.000473252 -0.000099027 -0.001242681 0.000194032 0.999999225
1702688125956700160.000000 -0.000015865 0.000001240 0.000659051 -0.001181091 -0.000750768 0.000339117 0.999998987
1702688126330384896.000000 -0.000028661 -0.000001442 0.000768556 -0.001444191 -0.000743021 -0.000121275 0.999998689
1702688126411633664.000000 -0.000027213 -0.000000090 0.000794469 -0.001955215 -0.000891271 0.000396887 0.999997616
1702688126581273856.000000 -0.000023500 -0.000001379 0.000842385 -0.001254777 -0.000505716 0.000462274 0.999998987
1702688126662819840.000000 -0.000021406 -0.000002269 0.000863607 -0.000981208 0.001108086 0.000613562 0.999998748
1702688126831448576.000000 -0.000025379 -0.000007182 0.000912520 -0.000009377 0.000688270 0.001002267 0.999999285
1702688126913067264.000000 -0.000026096 -0.000006266 0.000937636 0.000509479 0.000529182 0.001435508 0.999998689
1702688126996325376.000000 -0.000025548 -0.000008574 0.000956692 0.000530815 0.000723851 0.000987846 0.999999106
1702688127703329792.000000 -0.000078498 -0.000015667 0.001159662 -0.000204449 -0.002408484 0.000264544 0.999997079
1702688128079717376.000000 -0.000096597 -0.000017040 0.001266537 -0.000114477 -0.003582942 -0.000402285 0.999993503
1702688128496362752.000000 -0.000097886 -0.000018985 0.001378037 0.000676400 -0.003054880 -0.000909846 0.999994695
1702688128661288960.000000 -0.000123493 -0.000018907 0.001427629 -0.000632753 -0.004819810 -0.001139077 0.999987543
1702688128952136448.000000 -0.000144958 -0.000018420 0.001506063 0.000645031 -0.006428815 -0.001349317 0.999978244
1702688129284078848.000000 -0.000134604 -0.000021422 0.001598872 0.001397568 -0.005280260 -0.001012095 0.999984562
1702688129575747840.000000 -0.000126614 -0.000022422 0.001681328 0.001875170 -0.003362393 -0.000695904 0.999992371
1702688129744809728.000000 -0.000131316 -0.000021894 0.001729934 0.000392927 -0.004325002 0.000350611 0.999990523
1702688129952396544.000000 -0.000137616 -0.000020604 0.001786584 0.000158658 -0.004631758 0.000993716 0.999988794
1702688130120097280.000000 -0.000139864 -0.000017168 0.001835764 -0.000792991 -0.007592740 0.001030685 0.999970376
1702688130283443456.000000 -0.000142330 -0.000015186 0.001881340 -0.001285429 -0.005042450 0.000497572 0.999986351
1702688130494930944.000000 -0.000135530 -0.000012213 0.001939750 -0.001219279 -0.002664073 0.000970421 0.999995232
1702688130699886080.000000 -0.000129286 -0.000008978 0.001999275 -0.001683835 -0.001234748 0.000654133 0.999997616
1702688130912532736.000000 -0.000126321 -0.000007758 0.002058019 -0.002793061 -0.000197942 0.000827733 0.999995768
1702688131116016384.000000 -0.000123035 -0.000007488 0.002112873 -0.002468138 0.004392814 0.000695399 0.999987066
1702688131282977024.000000 -0.000129510 -0.000007601 0.002158294 -0.001917800 0.010633538 -0.000155474 0.999941647
1702688131493935872.000000 -0.000119224 -0.000009378 0.002215649 -0.001835602 0.012377257 0.000173419 0.999921739
1702688131703373312.000000 -0.000116559 -0.000008739 0.002273651 -0.001854677 0.015611120 0.000191556 0.999876440
1702688132158730496.000000 -0.000097494 -0.000005355 0.002390457 -0.000921880 0.022529909 -0.000438169 0.999745667
1702688132376459008.000000 -0.000098265 -0.000008258 0.002447201 -0.001140710 0.023258256 -0.000387955 0.999728799
1702688132615769600.000000 -0.000101972 -0.000008324 0.002513215 -0.000992295 0.025439968 -0.001166778 0.999675214
1702688132827863808.000000 -0.000101112 -0.000007425 0.002568781 -0.001023922 0.025595915 -0.001125502 0.999671221
1702688133074693632.000000 -0.000097424 -0.000006244 0.002633780 -0.000729633 0.027169853 -0.002108759 0.999628365
1702688133329488640.000000 -0.000101042 -0.000004752 0.002697372 -0.001470164 0.027432997 -0.002981086 0.999618173
1702688133573606912.000000 -0.000096291 -0.000003342 0.002767902 -0.002235272 0.024443755 -0.003560861 0.999692380
1702688133868902400.000000 -0.000093084 -0.000001901 0.002846846 -0.002860384 0.025764219 -0.004206748 0.999655128
1702688134154682368.000000 -0.000090103 -0.000002993 0.002920212 -0.002525974 0.028244223 -0.005018987 0.999585271
1702688134406528256.000000 -0.000081474 -0.000002360 0.002987377 -0.001332603 0.028230797 -0.003255558 0.999595225
1702688134662463232.000000 -0.000078568 -0.000002591 0.003053486 -0.002556093 0.027726864 -0.003974367 0.999604344
1702688134948156928.000000 -0.000080540 -0.000000706 0.003130330 -0.002958163 0.029327635 -0.003901367 0.999557912
1702688135245584896.000000 -0.000070427 -0.000004483 0.003206601 -0.002233042 0.029855557 -0.004074422 0.999543488
1702688135490847232.000000 -0.000068168 -0.000004949 0.003266748 -0.001569396 0.029572181 -0.003614173 0.999554932
1702688135740039936.000000 -0.000076008 -0.000003128 0.003339431 -0.002048051 0.029365445 -0.004207284 0.999557853
1702688135948053504.000000 -0.000057514 -0.000002612 0.003386782 -0.003064649 0.026956977 -0.003594709 0.999625444
1702688136113586432.000000 -0.000062663 -0.000002152 0.003437038 -0.003196413 0.031146573 -0.004032220 0.999501586
1702688136277602816.000000 -0.000050146 -0.000002920 0.003478266 -0.003056813 0.032006238 -0.004820501 0.999471366
1702688136446591744.000000 -0.000057015 -0.000003691 0.003521106 -0.002428881 0.032113671 -0.005223238 0.999467611
1702688136779149312.000000 -0.000041356 -0.000002693 0.003601431 -0.001542297 0.028668297 -0.004411719 0.999578059
1702688136946995200.000000 -0.000038477 -0.000002807 0.003645534 -0.001611632 0.030457437 -0.004577305 0.999524295
1702688137112512768.000000 -0.000037220 -0.000000960 0.003685055 0.000012331 0.029448148 -0.004814724 0.999554753
1702688137278528256.000000 -0.000037050 -0.000003992 0.003726635 -0.001049945 0.024984796 -0.004262384 0.999678195
1702688137445411072.000000 -0.000030737 -0.000004604 0.003763742 -0.001948184 0.023798037 -0.003346036 0.999709308
1702688137614457856.000000 -0.000033098 -0.000004346 0.003806310 -0.002172616 0.024193157 -0.003038231 0.999700308
1702688137776322560.000000 -0.000031130 -0.000002959 0.003845180 -0.002515047 0.024435645 -0.003606243 0.999691725
1702688138070866944.000000 -0.000025862 -0.000004046 0.003914153 -0.001841045 0.024599781 -0.003394147 0.999689937
1702688138237446912.000000 -0.000025352 -0.000004647 0.003954812 -0.002290599 0.023597732 -0.002787764 0.999715090
1702688138403427328.000000 -0.000025521 -0.000003282 0.003995262 -0.002500200 0.022249285 -0.002384420 0.999746501
1702688138569628160.000000 -0.000026257 -0.000003901 0.004032161 -0.002599929 0.019874685 -0.002536181 0.999795914
1702688138744244224.000000 -0.000025541 -0.000004497 0.004069195 -0.001650686 0.018509699 -0.002755178 0.999823511
1702688138903549696.000000 -0.000016690 -0.000002204 0.004106431 -0.000996825 0.026770432 -0.001842027 0.999639452
1702688139069547776.000000 -0.000015894 -0.000002250 0.004144925 0.000311488 0.038336352 -0.002324022 0.999262154
1702688139238245888.000000 -0.000007238 -0.000003597 0.004180606 0.000041233 0.045489579 -0.003194232 0.998959720
1702688139400694784.000000 -0.000005066 -0.000003769 0.004219285 0.000642570 0.054929212 -0.003862283 0.998482585
1702688139573784320.000000 0.000000055 -0.000006809 0.004256715 -0.000020017 0.063495167 -0.004776708 0.997970700
1702688139737054976.000000 0.000001651 -0.000006563 0.004294968 0.001054084 0.070528716 -0.005237156 0.997495472
1702688139900894464.000000 0.000006788 -0.000003885 0.004336448 0.001022160 0.078182139 -0.003579409 0.996932149
1702688140069348096.000000 0.000015780 -0.000005818 0.004371807 0.001295110 0.085337073 -0.003839182 0.996343911
1702688140400588800.000000 0.000033268 -0.000006786 0.004453246 0.002148313 0.101143450 -0.003920812 0.994861841
1702688140525100544.000000 0.000043979 -0.000004995 0.004479787 0.001683896 0.105180770 -0.003715276 0.994444788
1702688141233257984.000000 0.000087390 -0.000002862 0.004639119 0.001193841 0.127876833 -0.000781460 0.991789043
1702688141358977024.000000 0.000088366 -0.000003007 0.004657397 0.001181570 0.127373219 -0.000499953 0.991854012
1702688142775388672.000000 0.000165249 -0.000004453 0.004998755 0.002396056 0.118036807 -0.001610354 0.993005037
1702688142981350400.000000 0.000177038 -0.000005765 0.005047434 0.001654141 0.116799861 -0.001209737 0.993153393
1702688143153281536.000000 0.000190070 -0.000004133 0.005086817 0.001478806 0.116106778 -0.002018374 0.993233621
1702688144230925312.000000 0.000240653 -0.000012170 0.005336787 0.000618051 0.111770622 -0.001991365 0.993731856
1702688144479971328.000000 0.000255128 -0.000012736 0.005394372 0.002039826 0.111572661 -0.002220731 0.993751705
1702688145066237440.000000 0.000288153 -0.000014209 0.005529499 0.001245739 0.120781407 -0.002073457 0.992676198
1702688145271987200.000000 0.000304136 -0.000014751 0.005580137 0.000691605 0.120744355 -0.001628779 0.992682099
1702688145438950656.000000 0.000312310 -0.000012581 0.005618403 0.000720426 0.120602712 -0.002737811 0.992696822
1702688145648256000.000000 0.000322947 -0.000012550 0.005666380 0.000250180 0.119467467 -0.002074911 0.992835939
1702688146146174464.000000 0.000345489 -0.000013293 0.005779429 0.001828376 0.099231713 -0.001359299 0.995061755
1702688146354391808.000000 0.000360032 -0.000012521 0.005828839 0.002905573 0.091354661 -0.002195060 0.995811820
1702688146603670272.000000 0.000374457 -0.000011541 0.005890481 0.001019974 0.080930695 -0.003370575 0.996713519
1702688146854692096.000000 0.000380551 -0.000007639 0.005950121 -0.000379867 0.068682998 -0.004091406 0.997630119
1702688147147460096.000000 0.000388912 -0.000009044 0.006016965 -0.000293923 0.075685561 -0.003569744 0.997125328
1702688147448098304.000000 0.000401005 -0.000011605 0.006083559 0.001035578 0.085122399 -0.002937705 0.996365607
1702688147727670784.000000 0.000411075 -0.000012628 0.006155226 0.000511417 0.090682596 -0.002877476 0.995875597
1702688148023318272.000000 0.000428955 -0.000010224 0.006225782 -0.000567063 0.088279210 -0.003925444 0.996087849
1702688148271825664.000000 0.000438027 -0.000012034 0.006280711 -0.000227737 0.088287391 -0.003571079 0.996088624
1702688148560154624.000000 0.000445394 -0.000011428 0.006349262 0.000393401 0.089426145 -0.004262041 0.995984256
1702688149310498560.000000 0.000485366 -0.000014292 0.006527350 0.001205486 0.090528391 -0.003761688 0.995886028
1702688149600508160.000000 0.000496826 -0.000013028 0.006597045 0.001895874 0.088737786 -0.004765988 0.996041834
1702688149892779264.000000 0.000507905 -0.000014737 0.006663537 0.001637626 0.090180315 -0.004420092 0.995914280
1702688150182535424.000000 0.000521644 -0.000014196 0.006732972 0.002934634 0.093112513 -0.002768930 0.995647430
1702688150433784576.000000 0.000535657 -0.000018347 0.006791499 0.002567302 0.094793588 -0.002575899 0.995490313
1702688150726150400.000000 0.000551091 -0.000019319 0.006861556 0.002805654 0.098442756 -0.001936845 0.995136857
1702688151266825728.000000 0.000580974 -0.000014938 0.006993603 0.001539666 0.101370282 -0.004009599 0.994839489
1702688151558432512.000000 0.000594083 -0.000016512 0.007063985 0.000187585 0.103479914 -0.004038951 0.994623363
1702688151848629248.000000 0.000607169 -0.000013798 0.007131662 0.000036460 0.104836762 -0.005099140 0.994476378
1702688152101733888.000000 0.000617248 -0.000015157 0.007189855 0.001147349 0.106150396 -0.005160956 0.994336069
1702688152391704832.000000 0.000634236 -0.000018259 0.007257058 0.001634210 0.106675729 -0.005385488 0.994277954
1702688152640086528.000000 0.000651654 -0.000017338 0.007318463 0.000035347 0.111416474 -0.004930007 0.993761599
1702688152931229952.000000 0.000668593 -0.000015925 0.007385022 -0.000229256 0.122953147 -0.004602539 0.992401779
1702688153143636224.000000 0.000682064 -0.000017791 0.007432143 0.000183135 0.129005164 -0.004445689 0.991633952
1702688153430705664.000000 0.000701690 -0.000018338 0.007498074 0.001191288 0.137838364 -0.004767787 0.990442574
1702688153723464704.000000 0.000721281 -0.000018516 0.007565421 0.001152836 0.138227269 -0.004677937 0.990388870
1702688154056604672.000000 0.000741932 -0.000017716 0.007640866 0.000874399 0.137605026 -0.006481951 0.990465581
1702688154347428096.000000 0.000760426 -0.000018252 0.007706237 0.002303170 0.133656159 -0.006442971 0.991004169
1702688154680392960.000000 0.000777295 -0.000017911 0.007782070 0.003568306 0.125214860 -0.007160212 0.992097378
1702688154973164544.000000 0.000790507 -0.000015869 0.007851140 0.004212725 0.115214594 -0.007605224 0.993302584
1702688155225627136.000000 0.000804323 -0.000016067 0.007908200 0.002774144 0.109646447 -0.007350876 0.993939638
1702688155554292480.000000 0.000813673 -0.000011012 0.007984965 0.001213553 0.101314403 -0.009496049 0.994808376
1702688155844531712.000000 0.000824772 -0.000014788 0.008049482 0.000074557 0.087061875 -0.007472184 0.996174932
1702688156224392192.000000 0.000835806 -0.000014549 0.008125050 -0.000190278 0.073916025 -0.007129673 0.997238994
1702688156553235968.000000 0.000845401 -0.000021223 0.008208683 -0.001047879 0.055407468 -0.004980527 0.998450875
1702688156888076544.000000 0.000847686 -0.000022281 0.008289819 -0.001036795 0.037696488 -0.003922497 0.999280989
1702688157178526720.000000 0.000854695 -0.000021640 0.008356319 -0.002261873 0.025202692 -0.003656268 0.999673128
1702688157470165504.000000 0.000856140 -0.000016359 0.008430016 -0.002458587 0.010179544 -0.006546415 0.999923766
1702688157762962944.000000 0.000848113 -0.000017975 0.008494383 -0.004553166 0.000673730 -0.006201971 0.999970198
1702688158011218176.000000 0.000848549 -0.000018619 0.008552830 -0.005142747 -0.003026398 -0.005770505 0.999965549
1702688158218498560.000000 0.000848136 -0.000020466 0.008599561 -0.003904162 -0.003176958 -0.005784880 0.999970615
1702688158426708992.000000 0.000852604 -0.000018647 0.008650638 -0.003673264 -0.002507696 -0.005978017 0.999972224
1702688158676171520.000000 0.000854030 -0.000016550 0.008707992 -0.002807463 0.007157248 -0.006087541 0.999951959
1702688159427313408.000000 0.000856542 -0.000016970 0.008879707 -0.001331611 -0.002278255 -0.005163942 0.999983191
1702688159674637312.000000 0.000854073 -0.000015380 0.008941179 -0.003646668 -0.010330962 -0.005259182 0.999926150
1702688160099601408.000000 0.000852607 -0.000014567 0.009039635 -0.003956610 -0.012997360 -0.005315234 0.999893606
1702688160468357888.000000 0.000849468 -0.000015356 0.009124301 -0.003916251 -0.003186058 -0.005092697 0.999974310
1702688160841707264.000000 0.000854782 -0.000012502 0.009212596 -0.003673228 0.012710242 -0.006365869 0.999892235
1702688161801372672.000000 0.000867246 -0.000015382 0.009431119 -0.001536097 0.020522891 -0.005982418 0.999770343
1702688162299653888.000000 0.000874644 -0.000017151 0.009543257 -0.002063399 0.025668871 -0.004565532 0.999657989
1702688162715310080.000000 0.000880195 -0.000015267 0.009642379 -0.001903166 0.029939303 -0.004446023 0.999540031
1702688163006870784.000000 0.000891655 -0.000016174 0.009710774 -0.001556065 0.034328289 -0.003949659 0.999401629
1702688163505842944.000000 0.000902997 -0.000015912 0.009824623 -0.002289518 0.042899087 -0.005041081 0.999064088
1702688163921501696.000000 0.000906473 -0.000013534 0.009919170 -0.002170449 0.049735881 -0.005271303 0.998746157
1702688164421079552.000000 0.000916304 -0.000011200 0.010035181 -0.000358607 0.060680181 -0.005825623 0.998140216
1702688164879545088.000000 0.000937116 -0.000011808 0.010142951 -0.002673393 0.054209448 -0.006367684 0.998505712
1702688165420024064.000000 0.000936654 -0.000006669 0.010265538 -0.001033702 0.059177849 -0.007462299 0.998219073
1702688165756370688.000000 0.000950039 -0.000009595 0.010345328 -0.001536668 0.052312285 -0.006555676 0.998608053
1702688166046270976.000000 0.000949574 -0.000009279 0.010410073 -0.001813323 0.058573380 -0.007921938 0.998250067
1702688166338781952.000000 0.000948862 -0.000008525 0.010475053 -0.001179602 0.068964675 -0.008256971 0.997584224
1702688167674500864.000000 0.000969511 -0.000011111 0.010764733 -0.002309867 0.084137365 -0.006408594 0.996430874
1702688168294542592.000000 0.000967544 -0.000007946 0.010905118 -0.002148931 0.100917600 -0.004525780 0.994882226
1702688168877312512.000000 0.000972963 -0.000006607 0.011013666 -0.000523258 0.112510197 -0.002594108 0.993647099
1702688169335681536.000000 0.000982053 -0.000010303 0.011115094 -0.002666602 0.130115673 -0.004725568 0.991483986
1702688169753377536.000000 0.000993780 -0.000006554 0.011202925 -0.002981638 0.145302981 -0.005518273 0.989367306
1702688170249803264.000000 0.001085949 -0.000015946 0.011306747 -0.000697281 0.156268016 -0.004252166 0.987705290
1702688170791592192.000000 0.001143238 -0.000034530 0.011424048 -0.004846676 0.176267833 -0.005392686 0.984315574
1702688171998087168.000000 0.001076587 -0.000068849 0.011691624 -0.012493179 0.214496002 -0.003438434 0.976638913
1702688172165761536.000000 0.001052509 -0.000070671 0.011716201 -0.013131993 0.216409758 -0.003621553 0.976207614
1702688172372301824.000000 0.001056230 -0.000086075 0.011745241 -0.014187029 0.216874927 -0.003507850 0.976090014
1702688172548740352.000000 0.001041557 -0.000082376 0.011779074 -0.014659912 0.215131149 -0.006201765 0.976455450
1702688172787898880.000000 0.001031508 -0.000084132 0.011818593 -0.016456297 0.214808643 -0.006472438 0.976496100
1702688173373571328.000000 0.000986695 -0.000111857 0.011896648 -0.022943687 0.165810719 -0.002604653 0.985887229
1702688175042083840.000000 0.001103870 -0.000057473 0.012166031 -0.012991448 -0.003782373 -0.000812722 0.999908149
1702688175454298368.000000 0.001120148 -0.000048065 0.012259704 -0.013639427 -0.042490669 0.001438698 0.999002695
1702688175585099264.000000 0.001119057 -0.000042262 0.012276697 -0.011861943 -0.045254052 0.001507921 0.998903930
1702688175828527872.000000 0.001116128 -0.000049070 0.012336258 -0.015249236 -0.056204915 0.001703176 0.998301387
1702688176038653952.000000 0.001102413 -0.000048301 0.012387878 -0.015397238 -0.067302331 0.002596693 0.997610450
1702688176329748992.000000 0.001110884 -0.000056343 0.012454766 -0.019845901 -0.081930824 0.001071248 0.996439815
1702688176501611264.000000 0.001114564 -0.000059543 0.012492224 -0.020060891 -0.090750970 0.000559578 0.995671391
1702688176662036992.000000 0.001114117 -0.000054254 0.012541907 -0.019011933 -0.101685740 0.000281799 0.994634867
1702688176827462400.000000 0.001128349 -0.000057324 0.012585958 -0.020171514 -0.113116868 -0.000608553 0.993376732
1702688177332335104.000000 0.001116142 -0.000061489 0.012637204 -0.022786153 -0.119048730 -0.001297390 0.992626071
1702688177494449920.000000 0.001109027 -0.000062595 0.012652295 -0.023504067 -0.120118350 -0.001276957 0.992480457
1702688177619721728.000000 0.001106020 -0.000065286 0.012667843 -0.024820784 -0.122620322 -0.001004695 0.992142737
1702688179032839680.000000 0.000974684 -0.000044299 0.012976828 -0.022523483 -0.170952514 0.002842913 0.985017717
1702688179492749568.000000 0.000940970 -0.000033845 0.013065915 -0.020649077 -0.191967696 0.001717029 0.981182516
1702688179656943872.000000 0.000926012 -0.000032219 0.013100584 -0.020388007 -0.199635834 0.001440776 0.979656994
1702688179782906624.000000 0.000913127 -0.000030586 0.013123838 -0.020325609 -0.204922572 0.001388599 0.978566110
1702688179954319104.000000 0.000897029 -0.000022664 0.013157734 -0.020006264 -0.212835461 0.002991183 0.976878643
1702688180990787072.000000 0.000770545 -0.000020158 0.013329711 -0.020931408 -0.257991701 0.003677135 0.965913415
1702688181158829056.000000 0.000752850 -0.000018657 0.013371962 -0.020367771 -0.268914193 0.003871938 0.962940991
1702688181489593856.000000 0.000717182 -0.000019285 0.013434404 -0.018343721 -0.287272781 0.005322022 0.957658350
1702688181655990784.000000 0.000693477 -0.000023105 0.013465821 -0.020170245 -0.296385884 0.006191594 0.954835176
1702688181781741824.000000 0.000679939 -0.000025056 0.013486594 -0.022742644 -0.302881449 0.005947681 0.952738285
1702688182116979200.000000 0.000632558 -0.000021128 0.013547092 -0.021691807 -0.320490301 0.005363081 0.946988225
1702688182449779200.000000 0.000585565 -0.000020830 0.013601215 -0.023811629 -0.337328374 0.005524857 0.941069603
1702688182951270912.000000 0.000505078 -0.000016750 0.013675433 -0.024616241 -0.365532786 0.004945780 0.930459797
1702688183326176512.000000 0.000447444 -0.000013793 0.013726527 -0.023883043 -0.388210893 0.005562291 0.921244264
1702688183823087872.000000 0.000362461 -0.000015153 0.013790458 -0.025234446 -0.425766885 0.008003214 0.904445589
1702688183988583424.000000 0.000335661 -0.000007918 0.013810156 -0.023652315 -0.436770439 0.007968010 0.899226725
1702688184197786112.000000 0.000302465 -0.000008240 0.013835838 -0.022698125 -0.453016251 0.007406384 0.891182542
1702688184403981568.000000 0.000260273 -0.000001823 0.013856526 -0.021579957 -0.468691975 0.007448669 0.883066595
1702688184576878336.000000 0.000232461 -0.000005712 0.013869218 -0.022773501 -0.480760753 0.008546622 0.876514375
1702688184779060736.000000 0.000199521 -0.000002912 0.013889961 -0.022446372 -0.500231266 0.009611621 0.865547478
1702688184948587008.000000 0.000173020 -0.000004758 0.013898998 -0.022004202 -0.512013674 0.010283981 0.858633816
1702688185159322368.000000 0.000139204 -0.000004469 0.013912294 -0.021830637 -0.527361453 0.011834371 0.849278092
1702688185363918592.000000 0.000099816 -0.000001791 0.013926173 -0.021626215 -0.544547439 0.012309090 0.838360846
1702688185864423424.000000 0.000009800 -0.000002931 0.013947809 -0.022893043 -0.582976520 0.012390198 0.812071919
1702688186032140288.000000 -0.000015945 -0.000000038 0.013954801 -0.022981012 -0.593367040 0.012301578 0.804509938
1702688186195514112.000000 -0.000034798 0.000001222 0.013960128 -0.021431707 -0.602589548 0.012770635 0.797661245
1702688186319125248.000000 -0.000055395 0.000003247 0.013959100 -0.020857438 -0.611678183 0.013509846 0.790716290
1702688186654223360.000000 -0.000094313 0.000005028 0.013966084 -0.020912318 -0.627552748 0.013747488 0.778171718
1702688186818877440.000000 -0.000101720 0.000005938 0.013969672 -0.018542133 -0.630739570 0.015673550 0.775614679
1702688186985560832.000000 -0.000120838 0.000005669 0.013970267 -0.021406159 -0.634235620 0.013922032 0.772718012
1702688187110407168.000000 -0.000145473 0.000005825 0.013973620 -0.020568281 -0.628391504 0.014230588 0.777495146
1702688187282107392.000000 -0.000181199 0.000003689 0.013978777 -0.022311766 -0.625085592 0.012850487 0.780131519
1702688188108237824.000000 -0.000358520 0.000004800 0.014010996 -0.022119084 -0.631473839 0.012242828 0.774984956
1702688188780747008.000000 -0.000497150 0.000007853 0.014052090 -0.021513863 -0.623342931 0.013122340 0.781542420
1702688188985489152.000000 -0.000540868 0.000010119 0.014059603 -0.021177590 -0.622923970 0.013952902 0.781871200
1702688189190365952.000000 -0.000586716 0.000009944 0.014065053 -0.021374831 -0.637756944 0.014043123 0.769812942
1702688189400793088.000000 -0.000630478 0.000009727 0.014066626 -0.020832872 -0.643841088 0.013653032 0.764753699
1702688189814556672.000000 -0.000722030 0.000013798 0.014086382 -0.021066800 -0.644230723 0.012014722 0.764446616
1702688190027931904.000000 -0.000767136 0.000013397 0.014086906 -0.022148801 -0.652921796 0.011317228 0.757016838
1702688190236847360.000000 -0.000811310 0.000016669 0.014091948 -0.020067342 -0.661709368 0.012034089 0.749395192
1702688190439844096.000000 -0.000855550 0.000015145 0.014095294 -0.019560508 -0.668257833 0.012206044 0.743572414
1702688190607600896.000000 -0.000891138 0.000018754 0.014098986 -0.018643390 -0.661032140 0.011337684 0.750040233
1702688190938861568.000000 -0.000960913 0.000017168 0.014116458 -0.019858120 -0.653610826 0.012686461 0.756463885
1702688191152343552.000000 -0.001007843 0.000017096 0.014121278 -0.020095108 -0.661672890 0.012197329 0.749424040
1702688191358403328.000000 -0.001048787 0.000015806 0.014123263 -0.019745372 -0.667309344 0.012116553 0.744420290
1702688191774575616.000000 -0.001134637 0.000016389 0.014136667 -0.018751293 -0.649971485 0.014110642 0.759596169
1702688191980682496.000000 -0.001177502 0.000016929 0.014140829 -0.018389974 -0.649623096 0.015689885 0.759872019
1702688192230899712.000000 -0.001233360 0.000017018 0.014158295 -0.020498849 -0.637363017 0.014062415 0.770162642
1702688192646316800.000000 -0.001319691 0.000020114 0.014181323 -0.021123713 -0.621908844 0.012904855 0.782698393
1702688192857187072.000000 -0.001360871 0.000020828 0.014192266 -0.021864301 -0.616807401 0.012337412 0.786713660
1702688193069578752.000000 -0.001405762 0.000022527 0.014198516 -0.021197937 -0.624812961 0.012367651 0.780388653
1702688193312842240.000000 -0.001458858 0.000022629 0.014208687 -0.022205029 -0.632295668 0.012339787 0.774310648
1702688193562391808.000000 -0.001512514 0.000023054 0.014220621 -0.022837263 -0.622477055 0.011622393 0.782218456
1702688193855952384.000000 -0.001569943 0.000025188 0.014235839 -0.020057607 -0.612851083 0.012402104 0.789846480
1702688194108810496.000000 -0.001621199 0.000027031 0.014257383 -0.019763222 -0.607028186 0.012050324 0.794343054
1702688194355691008.000000 -0.001673948 0.000029324 0.014268589 -0.019291583 -0.606870651 0.011364506 0.794485211
1702688194604224000.000000 -0.001723476 0.000027908 0.014285924 -0.019448191 -0.601767182 0.012132106 0.798342586
1702688194854336768.000000 -0.001776937 0.000030978 0.014300523 -0.020691218 -0.603869438 0.011417485 0.796732843
1702688195104681472.000000 -0.001826080 0.000030726 0.014312024 -0.020225530 -0.602990508 0.012963985 0.797386587
1702688195395806976.000000 -0.001885026 0.000030133 0.014330787 -0.019250697 -0.596953809 0.013086905 0.801937878
1702688195645828608.000000 -0.001936725 0.000031221 0.014344426 -0.018604111 -0.589192331 0.011703670 0.807693899
1702688195854430976.000000 -0.001979739 0.000032411 0.014357841 -0.017821399 -0.590941310 0.011916977 0.806429625
1702688196060420096.000000 -0.002022807 0.000032491 0.014368230 -0.019105915 -0.585357010 0.010993958 0.810475945
1702688196271027200.000000 -0.002067266 0.000033157 0.014384387 -0.020042168 -0.578830063 0.010332000 0.815136433
1702688196482151168.000000 -0.002106344 0.000033645 0.014400763 -0.019365620 -0.573098600 0.011519630 0.819176555
1702688196728017152.000000 -0.002154043 0.000036486 0.014421526 -0.017941421 -0.565147281 0.011641868 0.824712813
1702688196933774080.000000 -0.002199901 0.000038824 0.014433338 -0.019630270 -0.554342091 0.010849847 0.831986666
1702688197143969792.000000 -0.002248834 0.000043105 0.014449611 -0.019287670 -0.547170520 0.010588619 0.836731970
1702688197396642304.000000 -0.002286276 0.000040396 0.014480893 -0.021039395 -0.540390193 0.010215915 0.841089487
1702688197684453120.000000 -0.002330035 0.000037232 0.014521110 -0.022181125 -0.530644000 0.009562477 0.847250640
1702688197977220096.000000 -0.002392665 0.000042079 0.014543694 -0.020801349 -0.515553832 0.010288656 0.856542945
1702688198267511296.000000 -0.002445625 0.000043839 0.014575827 -0.022179518 -0.502821147 0.009616652 0.864052355
1702688198809097216.000000 -0.002542318 0.000049245 0.014638662 -0.020627785 -0.478473485 0.009287491 0.877810597
1702688199059116544.000000 -0.002585516 0.000049898 0.014666455 -0.020124361 -0.473919094 0.010226124 0.880279005
1702688199308119808.000000 -0.002624828 0.000051526 0.014701808 -0.019499132 -0.468731940 0.010655639 0.883060932
1702688199683215872.000000 -0.002691241 0.000056216 0.014757058 -0.019135453 -0.463673502 0.010585637 0.885736287
1702688199889508608.000000 -0.002725379 0.000052958 0.014770800 -0.019006673 -0.460142344 0.010491827 0.887579679
1702688200100477184.000000 -0.002761974 0.000049695 0.014788954 -0.019679124 -0.460322082 0.009884329 0.887478828
1702688200308521984.000000 -0.002800891 0.000050424 0.014807409 -0.020881845 -0.461187005 0.009701042 0.887004197
1702688200598961920.000000 -0.002850972 0.000042068 0.014823593 -0.022459632 -0.460484654 0.008100749 0.887346566
1702688200807152384.000000 -0.002883627 0.000049669 0.014861811 -0.020559113 -0.467790693 0.010632333 0.883536160
1702688201022895872.000000 -0.002921575 0.000038788 0.014868747 -0.022988904 -0.468742490 0.007583690 0.883003175
1702688201181699328.000000 -0.002954522 0.000037538 0.014882171 -0.023599623 -0.479855120 0.007859715 0.876995087
1702688201600091904.000000 -0.003028416 0.000045896 0.014934199 -0.023176730 -0.486707181 0.006931500 0.873230159
1702688201812285952.000000 -0.003064256 0.000049761 0.014964906 -0.023614699 -0.486055642 0.006240014 0.873586535
1702688202059644416.000000 -0.003110737 0.000055266 0.014993664 -0.024085332 -0.489035338 0.006045316 0.871910453
1702688202227379200.000000 -0.003142984 0.000054451 0.015008061 -0.024093963 -0.492202729 0.006152100 0.870125413
1702688202388726784.000000 -0.003168914 0.000059107 0.015033672 -0.023469748 -0.495854944 0.007940385 0.868051887
1702688202808984064.000000 -0.003243528 0.000060711 0.015072064 -0.023244530 -0.493903011 0.007521331 0.869173706
1702688203263014400.000000 -0.003325696 0.000061308 0.015118495 -0.023280539 -0.483156681 0.006029711 0.875203550
1702688203847037440.000000 -0.003419725 0.000062572 0.015193056 -0.022388250 -0.448342979 0.007316148 0.893551290
1702688204010977024.000000 -0.003444340 0.000062634 0.015212519 -0.022106040 -0.441650212 0.007716303 0.896881759
1702688204179609600.000000 -0.003471059 0.000062121 0.015233193 -0.022935471 -0.431992382 0.007024756 0.901558220
1702688204928294912.000000 -0.003583119 0.000078240 0.015344354 -0.020399597 -0.394755363 0.008105707 0.918524027
1702688205137715200.000000 -0.003610002 0.000068769 0.015373134 -0.022926696 -0.380227417 0.005681398 0.924591422
1702688205303340288.000000 -0.003632244 0.000081198 0.015405764 -0.020469990 -0.372497559 0.007291157 0.927778721
1702688205512762880.000000 -0.003657188 0.000074969 0.015429562 -0.022116110 -0.359156698 0.006371717 0.932993472
1702688205678390784.000000 -0.003682402 0.000066775 0.015447769 -0.024807656 -0.346878916 0.003695875 0.937574506
1702688206013332224.000000 -0.003713661 0.000079771 0.015513305 -0.022994893 -0.316984802 0.004655160 0.948140383
1702688206179199488.000000 -0.003730809 0.000076953 0.015536766 -0.021944152 -0.302043825 0.004198975 0.953032196
1702688206347591936.000000 -0.003748437 0.000075686 0.015567004 -0.022842275 -0.285454750 0.002638589 0.958116353
1702688206845090048.000000 -0.003790017 0.000083192 0.015660733 -0.023002181 -0.238954455 0.002115231 0.970755994
1702688207009563136.000000 -0.003803659 0.000083734 0.015693201 -0.023308657 -0.222998723 0.001263663 0.974539220
1702688207306366464.000000 -0.003820850 0.000084534 0.015745169 -0.023050644 -0.195407242 -0.000020506 0.980451286
1702688207469698560.000000 -0.003831539 0.000087706 0.015779747 -0.023821821 -0.182646289 -0.000814775 0.982889712
1702688207636090368.000000 -0.003839901 0.000091271 0.015813403 -0.023005486 -0.169062436 -0.001013826 0.985336304
1702688208344605184.000000 -0.003874132 0.000099983 0.015951741 -0.022105832 -0.121977687 -0.001617840 0.992285311
1702688208676268032.000000 -0.003887822 0.000102577 0.016018050 -0.023526857 -0.115864880 -0.001296932 0.992985487
1702688208840121600.000000 -0.003894110 0.000103760 0.016051445 -0.024267549 -0.112864792 -0.000122620 0.993313968
1702688210091394048.000000 -0.003972700 0.000121001 0.016298492 -0.025545007 -0.139517248 -0.010046956 0.989839137
1702688210300882944.000000 -0.003983809 0.000120734 0.016337698 -0.025209868 -0.159507766 -0.009717220 0.986826897
1702688210515516160.000000 -0.003994728 0.000119995 0.016371742 -0.019743910 -0.174240336 -0.007898747 0.984473526
1702688210716919808.000000 -0.004010808 0.000120804 0.016404171 -0.012186038 -0.187548488 -0.003335852 0.982174098
1702688211132476160.000000 -0.004029095 0.000122849 0.016475867 -0.012331936 -0.163215190 -0.002833590 0.986509383
1702688211338993152.000000 -0.004040745 0.000126761 0.016512653 -0.013749976 -0.151346892 -0.002946173 0.988380671
1702688211561096192.000000 -0.004052056 0.000133249 0.016559357 -0.016996093 -0.138092920 -0.002568770 0.990270138
1702688212175014656.000000 -0.004069577 0.000126780 0.016675487 -0.014530038 -0.107859552 -0.004969432 0.994047582
1702688212379238912.000000 -0.004077303 0.000128539 0.016720479 -0.016200207 -0.096050695 -0.004588543 0.995234072
1702688212588829184.000000 -0.004080304 0.000131657 0.016763387 -0.017341573 -0.085274376 -0.003014894 0.996202052
1702688212795154944.000000 -0.004086226 0.000134821 0.016805405 -0.019392431 -0.073360436 -0.004527991 0.997106671
1702688213461039872.000000 -0.004092988 0.000142268 0.016942332 -0.023075845 -0.039363626 -0.005390754 0.998943925
1702688213670601472.000000 -0.004097464 0.000142591 0.016984051 -0.024040680 -0.027612953 -0.006254119 0.999310017
1702688213882029056.000000 -0.004101743 0.000143801 0.017023647 -0.022830456 -0.016436892 -0.006812271 0.999581039
1702688214085433344.000000 -0.004105496 0.000142869 0.017067773 -0.024271138 -0.002673476 -0.009354180 0.999658108
1702688214546439936.000000 -0.004091334 0.000151394 0.017156960 -0.023202432 0.018043542 -0.008272565 0.999533713
1702688214756098048.000000 -0.004090795 0.000151440 0.017197674 -0.023023972 0.029106123 -0.008560029 0.999274492
1702688215003734784.000000 -0.004089111 0.000154483 0.017244780 -0.022189474 0.043270294 -0.009273516 0.998773932
1702688215254939648.000000 -0.004084873 0.000155091 0.017293248 -0.021650691 0.051317398 -0.009630158 0.998401284
1702688215960348160.000000 -0.004072974 0.000159001 0.017426314 -0.020811856 0.029280096 -0.009502041 0.999309361
1702688216167394816.000000 -0.004073712 0.000164141 0.017471626 -0.020404214 0.021607816 -0.009482227 0.999513328
1702688216333974272.000000 -0.004074274 0.000163788 0.017503235 -0.020785365 0.013160390 -0.009225306 0.999654770
1702688216834064384.000000 -0.004076231 0.000167539 0.017600676 -0.019714054 -0.005952176 -0.007946893 0.999756396
1702688217083516416.000000 -0.004081737 0.000170722 0.017650718 -0.021103198 -0.008976344 -0.007833333 0.999706328
1702688217375742976.000000 -0.004080931 0.000174949 0.017708488 -0.022149611 -0.007631364 -0.007945073 0.999693990
1702688217627594752.000000 -0.004079707 0.000177817 0.017757883 -0.021903910 -0.001184109 -0.007712201 0.999729633
1702688218166671872.000000 -0.004079961 0.000178533 0.017862257 -0.021496119 0.007261249 -0.008357540 0.999707639
1702688218415490816.000000 -0.004078818 0.000181283 0.017910808 -0.021874007 0.007370473 -0.007866706 0.999702632
1702688218877532672.000000 -0.004074529 0.000187467 0.017998705 -0.022300279 0.011615195 -0.009096984 0.999642491
1702688219126700288.000000 -0.004076135 0.000190464 0.018048668 -0.022181537 0.013160240 -0.009364764 0.999623477
1702688219582042112.000000 -0.004074057 0.000192629 0.018137347 -0.021759564 0.017338252 -0.008957776 0.999572754
1702688219831834624.000000 -0.004069876 0.000194700 0.018185681 -0.020967109 0.027585309 -0.008454176 0.999363780
1702688220081994752.000000 -0.004068032 0.000197152 0.018235773 -0.022017792 0.032197729 -0.009378437 0.999194980
1702688220374678272.000000 -0.004064833 0.000200946 0.018290173 -0.021572672 0.035129294 -0.009268702 0.999106944
1702688221289048320.000000 -0.004040276 0.000209887 0.018469755 -0.020020209 0.066541389 -0.009224948 0.997540176
1702688221413303040.000000 -0.004035186 0.000210981 0.018493485 -0.020228634 0.070908889 -0.009369069 0.997233689
1702688221996752384.000000 -0.004014240 0.000215331 0.018605817 -0.019829104 0.090658225 -0.010586722 0.995628357
1702688222248629504.000000 -0.004004933 0.000215968 0.018652255 -0.019785693 0.097118847 -0.009660551 0.995029211
1702688222496748032.000000 -0.003993711 0.000218025 0.018699745 -0.019216187 0.101075657 -0.009459612 0.994648159
1702688222749086464.000000 -0.003984058 0.000219046 0.018746613 -0.018178403 0.100597456 -0.009419501 0.994716525
1702688222995658240.000000 -0.003974932 0.000220513 0.018795423 -0.018838895 0.098129503 -0.009889927 0.994946182
1702688223579206912.000000 -0.003956122 0.000225532 0.018908024 -0.019855784 0.084026121 -0.009077922 0.996224344
1702688224037439744.000000 -0.003945140 0.000229644 0.018991394 -0.017993292 0.071272634 -0.008678975 0.997256815
1702688224330397440.000000 -0.003942747 0.000230113 0.019038176 -0.019659851 0.061448745 -0.007917367 0.997885227
1702688224704028928.000000 -0.003936828 0.000232544 0.019086495 -0.019088911 0.058604147 -0.008083849 0.998066068
1702688225038375424.000000 -0.003925937 0.000236952 0.019153291 -0.020107664 0.073443085 -0.009407750 0.997052312
1702688225409334784.000000 -0.003914047 0.000238529 0.019222675 -0.020611469 0.082244977 -0.009642073 0.996352375
1702688225744826624.000000 -0.003899217 0.000243129 0.019284954 -0.020208133 0.097215340 -0.010056041 0.995007396
1702688226078522880.000000 -0.003885753 0.000244602 0.019349346 -0.021064086 0.098503135 -0.011075172 0.994852126
1702688226408514816.000000 -0.003870361 0.000246105 0.019406555 -0.020580895 0.115037501 -0.011244804 0.993084311
1702688226741419008.000000 -0.003851220 0.000248478 0.019467721 -0.019890627 0.129018128 -0.010619274 0.991385877
1702688227033463808.000000 -0.003836047 0.000251340 0.019521741 -0.020455310 0.130683109 -0.011014604 0.991151989
1702688227330985728.000000 -0.003820437 0.000253368 0.019575652 -0.020139679 0.135265216 -0.010880329 0.990544975
1702688227740939264.000000 -0.003793556 0.000257006 0.019653430 -0.019708544 0.142699271 -0.010952787 0.989509284
1702688228120534016.000000 -0.003776840 0.000258127 0.019720351 -0.019776545 0.132813722 -0.010912475 0.990883648
1702688228534579712.000000 -0.003752073 0.000261051 0.019796468 -0.018947193 0.150659636 -0.011597636 0.988336086
1702688228907167744.000000 -0.003725925 0.000262758 0.019862546 -0.017366085 0.170259684 -0.011886365 0.985174477
1702688229238532352.000000 -0.003699879 0.000263497 0.019919692 -0.016976681 0.183460802 -0.013360451 0.982789636
1702688229573817344.000000 -0.003675773 0.000265120 0.019977974 -0.016873512 0.195748240 -0.012990651 0.980422974
1702688229952912896.000000 -0.003643564 0.000264899 0.020044031 -0.016357511 0.206860900 -0.011392682 0.978167295
1702688230327097856.000000 -0.003612500 0.000268285 0.020106655 -0.015814943 0.213874608 -0.011001624 0.976671159
1702688230656572160.000000 -0.003585141 0.000268520 0.020167708 -0.018331122 0.214285985 -0.012100847 0.976523995
1702688230992670464.000000 -0.003559739 0.000269431 0.020228619 -0.019882623 0.201912433 -0.011505779 0.979134142
1702688231660059904.000000 -0.003520516 0.000274015 0.020348869 -0.020201016 0.165796742 -0.011043070 0.985891163
1702688231986952192.000000 -0.003501794 0.000277023 0.020412218 -0.021053979 0.148600474 -0.009969822 0.988622904
1702688232327083520.000000 -0.003490472 0.000280972 0.020475980 -0.021299379 0.130740583 -0.010613096 0.991130948
1702688232699694080.000000 -0.003475219 0.000283964 0.020545537 -0.020806577 0.110646568 -0.009231602 0.993599117
1702688233118612480.000000 -0.003467142 0.000286140 0.020624626 -0.021160401 0.093456924 -0.009363331 0.995354414
1702688233487832320.000000 -0.003458589 0.000290847 0.020699352 -0.020606598 0.076551683 -0.008023484 0.996820390
1702688233903774720.000000 -0.003449925 0.000292305 0.020777307 -0.020713957 0.057833306 -0.007280953 0.998084784
1702688234276890624.000000 -0.003447804 0.000294115 0.020849083 -0.022400042 0.047107335 -0.007993383 0.998606682
1702688234610731776.000000 -0.003445555 0.000298724 0.020914117 -0.023014495 0.037292920 -0.006841348 0.999015927
1702688234983748096.000000 -0.003438373 0.000298070 0.020982787 -0.022071853 0.035019550 -0.007536548 0.999114454
1702688235526840064.000000 -0.003435369 0.000304361 0.021086738 -0.023188684 0.023668347 -0.007314347 0.999424160
1702688236069581056.000000 -0.003435588 0.000307645 0.021187089 -0.022622569 0.005859757 -0.007604807 0.999697983
1702688236406031360.000000 -0.003431832 0.000308203 0.021248112 -0.021899546 0.012584630 -0.008385070 0.999645829
1702688236778249216.000000 -0.003425642 0.000312671 0.021319147 -0.023180528 0.017876435 -0.008105094 0.999538600
1702688237568800768.000000 -0.003415994 0.000323030 0.021472607 -0.024322642 0.044006862 -0.009236773 0.998692393
1702688237900719104.000000 -0.003411250 0.000323757 0.021533318 -0.022039274 0.059083074 -0.009938902 0.997960269
1702688238317879552.000000 -0.003393352 0.000328650 0.021615611 -0.022749407 0.075614385 -0.010040222 0.996827066
1702688238814380032.000000 -0.003378472 0.000331697 0.021707986 -0.022448041 0.068328902 -0.009567495 0.997364402
1702688239358281728.000000 -0.003356525 0.000336452 0.021808736 -0.022334378 0.071391709 -0.009715532 0.997150958
1702688239815783424.000000 -0.003351622 0.000341454 0.021898611 -0.021999262 0.074404523 -0.009554187 0.996939719
1702688240315544832.000000 -0.003340451 0.000344311 0.021993551 -0.022294309 0.072571978 -0.009680982 0.997067034
1702688240812864512.000000 -0.003327591 0.000346664 0.022088023 -0.021939507 0.076028742 -0.008722983 0.996826053
1702688241230705664.000000 -0.003323477 0.000346201 0.022167850 -0.022791747 0.076205656 -0.009082587 0.996790230
1702688241652239872.000000 -0.003313696 0.000349499 0.022245292 -0.022604479 0.077579655 -0.009081382 0.996688545
1702688242104535296.000000 -0.003296633 0.000353971 0.022330290 -0.020897884 0.080015555 -0.008619616 0.996537268
1702688242478490368.000000 -0.003279353 0.000358439 0.022401057 -0.022463601 0.081359871 -0.008637821 0.996394157
1702688242896991488.000000 -0.003269679 0.000364299 0.022482365 -0.024668673 0.085247636 -0.009583240 0.996008277
1702688243353327872.000000 -0.003247763 0.000367520 0.022566279 -0.024006588 0.085686043 -0.009512909 0.995987535
1702688243685340416.000000 -0.003253449 0.000370449 0.022631519 -0.026249897 0.081802085 -0.009629514 0.996256351
1702688244103419392.000000 -0.003233465 0.000371071 0.022706399 -0.024368821 0.067521378 -0.008039707 0.997387826
1702688244435039232.000000 -0.003230804 0.000376390 0.022767937 -0.022036815 0.058761217 -0.007801929 0.997998297
1702688244726606336.000000 -0.003228955 0.000379585 0.022824889 -0.022135353 0.051033180 -0.007165351 0.998425901
1702688245018846208.000000 -0.003222764 0.000381040 0.022877531 -0.021322865 0.052818671 -0.006958608 0.998352230
1702688245354644224.000000 -0.003225270 0.000382434 0.022938292 -0.020394666 0.053224415 -0.006692796 0.998351872
1702688245682865920.000000 -0.003218507 0.000385010 0.022993842 -0.020847561 0.052338783 -0.006175338 0.998392642
1702688245974857216.000000 -0.003212030 0.000384280 0.023010530 -0.021927919 0.052649047 -0.006645087 0.998350203
1702688246266717184.000000 -0.003212809 0.000384074 0.023010667 -0.022210170 0.054538392 -0.006684922 0.998242259
1702688246558779648.000000 -0.003212513 0.000384582 0.023010598 -0.021621391 0.054337688 -0.006766023 0.998265624
1702688246933677312.000000 -0.003212268 0.000384388 0.023010911 -0.021888355 0.053997632 -0.006681427 0.998278797
