1.703784360022506237e+09 0.000000000000000000e+00 0.000000000000000000e+00 0.000000000000000000e+00 -0.000000000000000000e+00 -0.000000000000000000e+00 -0.000000000000000000e+00 1.000000000000000000e+00
1.703784360143980503e+09 -2.021380000000000084e-04 1.264120000000000087e-04 1.056644399999999949e-02 3.833320000000000087e-04 3.153769999999999859e-04 -2.651849999999999759e-04 9.999998209999999554e-01
1.703784360228603601e+09 -1.849750000000000103e-04 7.060599999999999450e-05 1.665278499999999981e-02 7.315699999999999634e-04 -4.742670000000000045e-04 -5.283809999999999679e-04 9.999994639999999491e-01
1.703784360312968016e+09 -5.138910000000000439e-04 4.998500000000000339e-05 2.311011400000000104e-02 1.274694999999999951e-03 -1.258664000000000050e-03 -7.409660000000000205e-04 9.999981519999999735e-01
1.703784360481251955e+09 -9.177659999999999811e-04 -5.520499999999999745e-05 3.628583600000000187e-02 1.236778000000000009e-03 -1.562072999999999977e-03 -1.270132999999999896e-03 9.999971989999999478e-01
1.703784360647871971e+09 -1.076169000000000084e-03 -1.000860000000000036e-04 4.925914900000000207e-02 1.223684999999999964e-03 -1.487314999999999904e-03 -1.573608999999999902e-03 9.999969010000000491e-01
1.703784360892391682e+09 -1.122823999999999914e-03 -1.747460000000000105e-04 6.870530499999999430e-02 1.368059000000000029e-03 -2.334489999999999829e-03 -1.404223999999999924e-03 9.999954100000000290e-01
1.703784361145807505e+09 -1.356706999999999965e-03 -2.286300000000000116e-05 8.829496100000000514e-02 1.603976000000000013e-03 -1.799926000000000087e-03 -1.323687000000000041e-03 9.999962449999999503e-01
1.703784361893409252e+09 -1.544662999999999939e-03 -3.814169999999999974e-04 1.459000709999999923e-01 3.781996000000000142e-03 -8.177327999999999333e-03 2.649320000000000039e-04 9.999594090000000213e-01
1.703784362641940594e+09 -3.656140999999999905e-03 -5.755890000000000485e-04 2.046759579999999912e-01 2.603911999999999893e-03 -8.727429999999999563e-03 -4.922719999999999787e-04 9.999583960000000271e-01
1.703784362936779022e+09 -3.257818999999999906e-03 -3.926390000000000197e-04 2.278018300000000107e-01 2.384667000000000037e-03 -8.907340999999999176e-03 1.388849999999999959e-04 9.999575019999999981e-01
1.703784363226043224e+09 -3.775412000000000125e-03 -1.969329999999999930e-04 2.507842479999999874e-01 1.711033000000000042e-03 -8.442705000000000001e-03 -8.812600000000000294e-05 9.999629260000000297e-01
1.703784363516011477e+09 -3.353131000000000080e-03 -5.303400000000000079e-05 2.739282250000000252e-01 1.492388000000000091e-03 -8.891974000000000405e-03 9.087130000000000121e-04 9.999589319999999670e-01
1.703784363809858799e+09 -4.917567000000000292e-03 -4.939200000000000144e-04 2.965307830000000200e-01 -6.220500000000000497e-05 -8.972580000000000833e-03 4.879100000000000093e-05 9.999597669999999994e-01
1.703784364390092850e+09 -5.661084999999999728e-03 -7.692740000000000212e-04 3.412716980000000122e-01 2.931327000000000065e-03 -9.037471000000000046e-03 2.099099999999999943e-05 9.999548790000000187e-01
1.703784364683399200e+09 -6.061890000000000334e-03 -8.633430000000000314e-04 3.645197450000000061e-01 2.658213999999999889e-03 -1.036341500000000082e-02 3.755990000000000066e-04 9.999427199999999516e-01
1.703784365309163809e+09 -7.745122999999999591e-03 -4.835180000000000012e-04 4.134082789999999896e-01 2.957478999999999837e-03 -1.592286999999999869e-02 7.267019999999999686e-04 9.998685720000000110e-01
1.703784365638894320e+09 -8.350777000000000200e-03 -9.246789999999999740e-04 4.398409429999999842e-01 2.191277000000000155e-03 -1.549153799999999914e-02 7.265699999999999503e-04 9.998773930000000032e-01
1.703784365971565962e+09 -9.782990000000000089e-03 -7.940409999999999959e-04 4.665889739999999897e-01 9.029780000000000272e-04 -1.847025600000000087e-02 6.251409999999999563e-04 9.998288149999999819e-01
1.703784366311042786e+09 -1.104358899999999949e-02 -9.973160000000000445e-04 4.923675060000000103e-01 8.376469999999999576e-04 -1.913725000000000148e-02 1.944939999999999983e-04 9.998165369999999497e-01
1.703784366681647062e+09 -1.254309200000000048e-02 -4.412080000000000082e-04 5.226923820000000109e-01 6.855210000000000253e-04 -1.975694100000000009e-02 -3.242310000000000201e-04 9.998044969999999587e-01
1.703784367059148312e+09 -1.385401600000000025e-02 -1.037221000000000063e-03 5.514683719999999845e-01 -4.242690000000000133e-04 -2.057932900000000037e-02 -1.258569999999999980e-04 9.997881650000000064e-01
1.703784367434090137e+09 -1.599959999999999924e-02 -8.268190000000000131e-04 5.806530119999999684e-01 6.499249999999999819e-04 -2.233704400000000034e-02 -9.196350000000000271e-04 9.997498989999999974e-01
1.703784367764416933e+09 -1.716949200000000147e-02 -1.033873000000000040e-03 6.067886350000000206e-01 1.420155999999999892e-03 -2.334090899999999996e-02 -3.486329999999999941e-04 9.997265340000000000e-01
1.703784368138531446e+09 -1.892012699999999839e-02 -9.751799999999999705e-04 6.367819909999999917e-01 -3.916379999999999796e-04 -2.009687400000000068e-02 -7.884250000000000416e-04 9.997976419999999864e-01
1.703784368554965258e+09 -1.980997099999999914e-02 -9.504799999999999664e-04 6.682938339999999755e-01 2.361960000000000134e-04 -2.475827599999999920e-02 3.311710000000000044e-04 9.996933940000000129e-01
1.703784368929229498e+09 -2.128551299999999896e-02 -7.636470000000000020e-04 6.976906659999999594e-01 9.925260000000000853e-04 -2.329905700000000149e-02 1.225954000000000019e-03 9.997273089999999529e-01
1.703784369344375372e+09 -2.147342099999999948e-02 -5.587510000000000176e-04 7.302993540000000117e-01 9.170120000000000354e-04 -1.700198299999999829e-02 2.017651000000000080e-03 9.998530150000000116e-01
1.703784369802297831e+09 -2.299141500000000116e-02 -5.572129999999999792e-04 7.663721439999999774e-01 -3.428099999999999924e-05 -1.823946300000000090e-02 1.883541999999999985e-03 9.998319150000000155e-01
1.703784370302381516e+09 -2.472098500000000088e-02 -1.288651000000000033e-03 8.034803870000000181e-01 3.337506000000000066e-03 -2.625989399999999890e-02 2.786385000000000164e-03 9.996457100000000207e-01
1.703784370842798233e+09 -2.692664200000000063e-02 -1.479281999999999949e-03 8.454552290000000303e-01 4.438440000000000094e-03 -2.574605500000000033e-02 2.672950999999999799e-03 9.996551280000000039e-01
1.703784371384902239e+09 -2.873353799999999944e-02 -2.069135000000000158e-03 8.876947160000000503e-01 4.450939000000000111e-03 -9.191981000000000110e-03 -1.983859999999999942e-04 9.999478459999999735e-01
1.703784371887056112e+09 -3.109367199999999928e-02 -2.560250000000000026e-03 9.214670659999999458e-01 5.200319000000000122e-03 -2.866282100000000152e-02 3.688340000000000130e-04 9.995755549999999490e-01
1.703784372428327799e+09 -3.664716300000000343e-02 -3.660749000000000034e-03 9.633219840000000200e-01 6.315470999999999585e-03 -5.145347900000000335e-02 7.133000000000000146e-06 9.986554380000000064e-01
1.703784372966301918e+09 -4.132186200000000087e-02 -3.072300999999999938e-03 1.004768013999999932e+00 4.420793999999999592e-03 -5.844863899999999668e-02 1.167681999999999965e-03 9.982799289999999548e-01
1.703784373509178638e+09 -4.672058300000000303e-02 -2.940540000000000168e-03 1.046754122000000065e+00 3.109343999999999997e-03 -6.280529499999999710e-02 1.262218000000000064e-03 9.980201720000000387e-01
1.703784374091551304e+09 -5.142499500000000112e-02 -2.708176999999999980e-03 1.092855334000000012e+00 -2.458909999999999807e-04 -5.111580000000000290e-02 1.771138000000000009e-03 9.986911419999999762e-01
1.703784374672263622e+09 -5.578933300000000345e-02 -3.070287000000000103e-03 1.137461542999999908e+00 7.610040000000000207e-04 -4.384951699999999758e-02 8.079549999999999579e-04 9.990375040000000206e-01
1.703784375256838083e+09 -5.670441700000000002e-02 -3.294080999999999919e-03 1.181998848999999963e+00 1.351828999999999921e-03 -2.159718100000000002e-02 6.604360000000000308e-04 9.997656350000000414e-01
1.703784375881684542e+09 -5.925381200000000292e-02 -3.090020000000000180e-03 1.230436682999999976e+00 5.514110000000000235e-04 -2.546188200000000165e-02 8.487699999999999390e-05 9.996756319999999807e-01
1.703784376506997585e+09 -6.075392699999999924e-02 -2.913041999999999802e-03 1.278904915000000031e+00 3.222680000000000119e-04 -1.469961399999999974e-02 -9.294849999999999684e-04 9.998915200000000336e-01
1.703784377089193106e+09 -6.282682700000000175e-02 -2.394572000000000193e-03 1.324223160999999926e+00 -1.246560999999999980e-03 -1.475223200000000054e-02 -1.654008999999999905e-03 9.998890759999999878e-01
1.703784377717765331e+09 -6.412705800000000067e-02 -2.351639999999999894e-03 1.372138142999999921e+00 -9.935399999999999776e-05 -1.516823599999999987e-02 -1.090066999999999902e-03 9.998843670000000516e-01
1.703784378336669922e+09 -6.653980900000000531e-02 -2.786035999999999981e-03 1.420148133999999951e+00 -1.270875999999999994e-03 -1.878617700000000112e-02 -1.294816999999999973e-03 9.998219010000000129e-01
1.703784379004719734e+09 -6.820079699999999356e-02 -2.170122000000000023e-03 1.470935345000000005e+00 -1.002756000000000047e-03 -1.999902200000000171e-02 -1.265071999999999898e-03 9.997987149999999490e-01
1.703784379713393688e+09 -6.998259599999999414e-02 -2.552758000000000024e-03 1.523994923000000057e+00 -8.255689999999999557e-04 -1.651769700000000132e-02 -1.261600000000000091e-03 9.998624919999999916e-01
1.703784380335616112e+09 -7.137124999999999719e-02 -2.494783999999999891e-03 1.571627378000000075e+00 -4.076570000000000172e-04 -1.651387799999999920e-02 -1.896333999999999954e-03 9.998617770000000071e-01
1.703784381005775213e+09 -7.314189499999999844e-02 -2.126045999999999925e-03 1.622103572000000105e+00 1.301239999999999895e-04 -2.364847100000000077e-02 7.074320000000000261e-04 9.997200969999999742e-01
1.703784381667000532e+09 -7.466927900000000506e-02 -2.006444000000000023e-03 1.674043179000000103e+00 -1.112804000000000007e-03 -1.073290399999999971e-02 6.756040000000000049e-04 9.999415870000000206e-01
1.703784382334846973e+09 -7.251420599999999772e-02 -2.185738999999999911e-03 1.723066806999999923e+00 1.699867999999999995e-03 1.875603400000000129e-02 1.230554000000000023e-03 9.998219010000000129e-01
1.703784383083300114e+09 -6.602452699999999952e-02 -2.680062999999999890e-03 1.780030965999999992e+00 2.967609999999999866e-03 5.095052700000000240e-02 2.826360000000000092e-04 9.986967439999999696e-01
1.703784383749018669e+09 -5.764299600000000190e-02 -3.500977000000000169e-03 1.830157041999999956e+00 3.020086999999999858e-03 7.614453100000000141e-02 -4.811100000000000066e-05 9.970922469999999871e-01
1.703784384413910627e+09 -5.006228000000000067e-02 -3.151441000000000051e-03 1.881663442000000019e+00 1.399262000000000075e-03 7.403544300000000633e-02 5.213540000000000231e-04 9.972545499999999619e-01
1.703784385208757877e+09 -4.190287000000000178e-02 -3.535976000000000136e-03 1.941581248999999953e+00 1.437855000000000036e-03 6.915195300000000211e-02 6.699419999999999768e-04 9.976049070000000407e-01
1.703784385957504272e+09 -3.438909700000000041e-02 -4.192836000000000132e-03 1.997581363000000110e+00 2.889764999999999869e-03 6.668899200000000249e-02 3.092980000000000057e-04 9.977695939999999819e-01
1.703784386709031343e+09 -2.700243000000000088e-02 -4.084736999999999743e-03 2.054709673000000070e+00 2.395636999999999940e-03 6.210287700000000077e-02 -2.845500000000000115e-05 9.980669020000000335e-01
1.703784387457654715e+09 -2.141663800000000173e-02 -4.176380000000000370e-03 2.111855507000000021e+00 1.980903000000000004e-03 6.019296899999999895e-02 1.185000000000000005e-05 9.981847999999999832e-01
1.703784388161870480e+09 -1.431555999999999974e-02 -3.993878000000000185e-03 2.165538311000000160e+00 2.441707999999999899e-03 5.882632399999999928e-02 2.824510000000000237e-04 9.982652659999999845e-01
1.703784389036600113e+09 -5.677210999999999716e-03 -4.240559999999999989e-03 2.231470107999999897e+00 2.650675999999999814e-03 6.021569999999999701e-02 5.883960000000000362e-04 9.981817010000000323e-01
1.703784389909844160e+09 -1.188066999999999899e-03 -4.907716999999999809e-03 2.297489404999999874e+00 2.924242000000000074e-03 2.529106799999999988e-02 9.234859999999999467e-04 9.996754530000000472e-01
1.703784390617540836e+09 2.834428999999999855e-03 -4.715564000000000214e-03 2.351160049000000196e+00 1.915683999999999963e-03 4.628828200000000004e-02 1.557119999999999891e-04 9.989262819999999987e-01
1.703784391408921719e+09 8.371735999999999414e-03 -4.688682999999999913e-03 2.412310123000000139e+00 2.831719999999999919e-04 4.701701900000000017e-02 1.860429999999999940e-04 9.988940360000000407e-01
1.703784392241395950e+09 1.514210399999999998e-02 -5.248280000000000133e-03 2.475005626999999819e+00 2.229221999999999888e-03 4.450043299999999896e-02 2.172929999999999946e-04 9.990068669999999651e-01
1.703784393034204960e+09 2.058699400000000082e-02 -5.805109999999999611e-03 2.534746646999999964e+00 4.167404000000000421e-03 4.761461899999999692e-02 1.238364999999999952e-03 9.988563660000000510e-01
1.703784393781375408e+09 2.686834499999999834e-02 -5.791552000000000158e-03 2.591875076000000000e+00 3.755009000000000124e-03 4.959714400000000273e-02 1.164894000000000086e-03 9.987615939999999748e-01
1.703784394323126078e+09 3.076132599999999856e-02 -5.893657000000000062e-03 2.632936477999999969e+00 3.516257999999999970e-03 5.563377199999999800e-02 1.421455000000000071e-03 9.984440799999999561e-01
1.703784394949903965e+09 3.714858699999999680e-02 -6.500490999999999735e-03 2.681295632999999956e+00 9.405330000000000157e-04 5.976773800000000081e-02 6.748000000000000309e-04 9.982116819999999890e-01
1.703784395531915665e+09 4.388292500000000318e-02 -6.271315999999999870e-03 2.724286317999999874e+00 2.245987999999999978e-03 7.236573799999999890e-02 2.983540000000000237e-04 9.973756070000000529e-01
1.703784396115387678e+09 5.258128799999999686e-02 -6.384589999999999883e-03 2.768456936000000201e+00 1.613583000000000031e-03 8.925399900000000053e-02 4.864029999999999981e-04 9.960075019999999890e-01
1.703784396736968279e+09 6.059948700000000049e-02 -6.981003000000000382e-03 2.814513205999999990e+00 1.515253999999999950e-03 9.714961099999999683e-02 -7.572119999999999459e-04 9.952683450000000542e-01
1.703784397324155331e+09 6.852521699999999938e-02 -6.965418999999999604e-03 2.858334779999999853e+00 2.724162999999999932e-03 9.163271600000000294e-02 -8.250720000000000449e-04 9.957888129999999949e-01
1.703784397822288752e+09 7.432800500000000254e-02 -7.615847999999999715e-03 2.895118237000000150e+00 4.915514000000000168e-03 7.707530299999999779e-02 -5.604110000000000254e-04 9.970129730000000245e-01
1.703784398279427767e+09 7.734063300000000585e-02 -7.352711999999999963e-03 2.930401086999999904e+00 4.022195999999999584e-03 5.769273999999999930e-02 -4.888390000000000270e-04 9.983261820000000064e-01
1.703784398698381901e+09 7.872932400000000330e-02 -7.651251000000000406e-03 2.962928534000000003e+00 2.891746000000000160e-03 3.771237300000000042e-02 -1.062042999999999928e-03 9.992839100000000530e-01
1.703784399235906363e+09 7.927076500000000692e-02 -7.472811000000000210e-03 3.005271435000000047e+00 1.082403999999999918e-03 1.375484700000000060e-02 -1.479990000000000038e-04 9.999048109999999490e-01
1.703784399781708479e+09 7.715662600000000593e-02 -8.093081000000000233e-03 3.046361923000000083e+00 8.347660000000000236e-04 -1.039011400000000064e-02 -8.627199999999999799e-04 9.999453430000000420e-01
1.703784400237555027e+09 7.383082800000000112e-02 -7.749563000000000111e-03 3.080473422999999933e+00 6.791930000000000276e-04 -2.629807400000000114e-02 2.887289999999999930e-04 9.996538759999999968e-01
1.703784400736188650e+09 7.151808599999999461e-02 -7.386066999999999633e-03 3.119015454999999992e+00 -8.507169999999999663e-04 -2.947360499999999994e-02 -3.880490000000000111e-04 9.995651250000000543e-01
1.703784401233673334e+09 6.832940099999999795e-02 -6.645871000000000244e-03 3.157423495999999830e+00 -1.234534999999999929e-03 -2.893723000000000128e-02 -1.953792000000000202e-03 9.995785360000000175e-01
1.703784401732774973e+09 6.652043000000000539e-02 -7.063456000000000075e-03 3.194523334999999964e+00 7.853009999999999678e-04 -2.558973100000000098e-02 -1.860693000000000069e-03 9.996705059999999587e-01
1.703784402400260448e+09 6.365163599999999755e-02 -7.144708999999999956e-03 3.245820761000000054e+00 1.643383999999999904e-03 -3.860239299999999874e-02 -1.203197999999999941e-03 9.992526170000000096e-01
1.703784402859660625e+09 6.078327800000000308e-02 -7.447121999999999596e-03 3.280642747999999997e+00 -9.997230000000001046e-04 -3.163553000000000198e-02 -1.793136000000000079e-03 9.994973539999999490e-01
1.703784403439827204e+09 5.859620100000000054e-02 -7.095119999999999899e-03 3.324189185999999907e+00 -5.747659999999999922e-04 -2.654544099999999948e-02 -9.856509999999999317e-04 9.996469620000000278e-01
1.703784404108601332e+09 5.592228500000000213e-02 -6.718535999999999779e-03 3.375272512000000003e+00 -1.186764000000000091e-03 -2.851912800000000123e-02 -8.616540000000000006e-04 9.995921850000000219e-01
1.703784404688832998e+09 5.295197299999999940e-02 -7.463573999999999729e-03 3.417017459999999840e+00 2.426423000000000035e-03 -2.731031399999999873e-02 -6.310929999999999969e-04 9.996238950000000401e-01
1.703784405438164949e+09 5.209295099999999845e-02 -7.498435000000000343e-03 3.474638699999999858e+00 2.434785000000000074e-03 -1.014250199999999942e-02 -1.819310000000000035e-04 9.999455809999999722e-01
1.703784406027163982e+09 5.189142000000000060e-02 -7.295448999999999858e-03 3.519024610999999858e+00 5.819609999999999801e-04 -5.011322000000000346e-03 -4.153200000000000148e-05 9.999873040000000213e-01
1.703784406644793749e+09 5.169277600000000278e-02 -7.184343000000000153e-03 3.565694332000000077e+00 1.343970000000000104e-03 2.385258999999999817e-03 8.055500000000000377e-05 9.999963050000000298e-01
1.703784407272746086e+09 5.342053199999999974e-02 -6.756701999999999847e-03 3.613553523999999850e+00 1.811164999999999997e-03 1.100534899999999934e-02 -8.442000000000000285e-04 9.999374749999999645e-01
1.703784407812036753e+09 5.515244999999999870e-02 -7.273233999999999949e-03 3.654367684999999977e+00 2.475087999999999854e-03 1.791962600000000100e-02 -1.265646999999999953e-03 9.998356099999999858e-01
1.703784408478985310e+09 5.736628199999999761e-02 -7.342992999999999916e-03 3.704416512999999966e+00 1.930012000000000047e-03 2.458829800000000149e-02 -1.475481000000000058e-03 9.996947050000000168e-01
1.703784409060400963e+09 5.783174900000000174e-02 -7.011181000000000010e-03 3.748834847999999997e+00 5.409279999999999818e-04 1.586804500000000076e-02 -1.797760999999999934e-03 9.998723859999999464e-01
1.703784409645672083e+09 5.740609399999999779e-02 -7.037777999999999742e-03 3.791880131000000098e+00 1.855925000000000023e-03 -3.248855000000000146e-03 -1.763852999999999905e-03 9.999914770000000175e-01
1.703784410231238842e+09 6.012712399999999707e-02 -6.684553000000000196e-03 3.835600852999999866e+00 -1.268985999999999942e-03 2.175298300000000004e-02 -1.627603999999999943e-03 9.997612830000000006e-01
1.703784410810256481e+09 5.640128600000000186e-02 -7.228593000000000171e-03 3.855771541999999830e+00 6.771499999999999796e-05 -7.485221000000000235e-03 -1.966593999999999894e-03 9.999700780000000400e-01
1.703784411390934706e+09 6.086733600000000105e-02 -7.582898999999999716e-03 3.896342278000000103e+00 1.919532999999999960e-03 2.105806799999999923e-02 -1.002351999999999974e-03 9.997758869999999742e-01
1.703784411974627018e+09 6.474596999999999991e-02 -7.478143999999999937e-03 3.940303801999999855e+00 9.157139999999999811e-04 3.396664199999999828e-02 -9.068330000000000097e-04 9.994221330000000458e-01
1.703784412601685047e+09 7.069111599999999829e-02 -7.608339999999999895e-03 3.986654043000000147e+00 1.296433999999999954e-03 5.779954000000000341e-02 1.850750000000000127e-04 9.983273740000000451e-01
1.703784413183355808e+09 7.867261799999999972e-02 -7.821688999999999725e-03 4.029769421000000129e+00 8.213100000000000088e-04 8.712426600000000576e-02 3.469710000000000090e-04 9.961970449999999477e-01
1.703784413765698195e+09 8.981803800000000282e-02 -7.956757000000000066e-03 4.071661949000000114e+00 1.584043000000000040e-03 1.117805909999999986e-01 1.091114999999999923e-03 9.937310809999999606e-01
1.703784414307645082e+09 1.013553739999999981e-01 -8.808269999999999988e-03 4.110126018999999964e+00 2.390540000000000026e-03 1.360343250000000115e-01 -1.214681999999999915e-03 9.907004830000000206e-01
1.703784414806374550e+09 1.131708470000000050e-01 -8.244094999999999895e-03 4.145958423999999809e+00 2.404981000000000046e-03 1.452957689999999913e-01 -1.059812000000000037e-03 9.893847700000000245e-01
1.703784415347641706e+09 1.257407369999999913e-01 -9.094039999999999416e-03 4.184694290000000372e+00 4.626809999999999972e-04 1.592939790000000022e-01 -6.215539999999999650e-04 9.872308969999999961e-01
1.703784415889281034e+09 1.371602710000000003e-01 -8.631789000000000822e-03 4.222354411999999613e+00 2.363018000000000150e-03 1.530240029999999918e-01 -1.064695000000000051e-03 9.882190819999999709e-01
1.703784416386694670e+09 1.472710369999999935e-01 -9.139726000000000794e-03 4.258452414999999824e+00 -4.062199999999999833e-05 1.443232889999999935e-01 -1.969101000000000011e-03 9.895286559999999509e-01
1.703784416887102604e+09 1.542319060000000019e-01 -8.812211000000000349e-03 4.293045044000000310e+00 -1.606706000000000063e-03 1.193894890000000014e-01 -1.616334000000000087e-03 9.928448800000000407e-01
1.703784418551609993e+09 1.475212130000000121e-01 -7.882019999999999998e-03 4.388414860000000139e+00 2.676534999999999852e-03 -4.221802599999999878e-02 -8.593910000000000394e-04 9.991044999999999510e-01
1.703784419135595322e+09 1.384328159999999863e-01 -7.269890999999999680e-03 4.425905703999999830e+00 1.465600000000000062e-04 -8.905362299999999842e-02 -3.371410000000000032e-04 9.960268140000000381e-01
1.703784419675698280e+09 1.268445250000000135e-01 -7.679387999999999666e-03 4.464258194000000124e+00 -1.470430999999999908e-03 -1.148307550000000066e-01 2.363099999999999923e-04 9.933840040000000426e-01
1.703784420216517210e+09 1.147110239999999948e-01 -6.700944000000000345e-03 4.504556656000000103e+00 -1.843692999999999981e-03 -1.384005100000000044e-01 1.752240000000000015e-04 9.903746249999999529e-01
1.703784420767301798e+09 9.986680700000000188e-02 -6.238864999999999689e-03 4.542314529000000434e+00 -2.535635000000000059e-03 -1.639171839999999936e-01 2.044939999999999974e-04 9.864708189999999988e-01
1.703784421340877533e+09 8.310522100000000689e-02 -6.068193999999999845e-03 4.583417415999999633e+00 1.350280000000000089e-04 -1.895684300000000100e-01 -6.793460000000000514e-04 9.818673129999999638e-01
1.703784421883907318e+09 6.412269199999999503e-02 -6.968585000000000231e-03 4.619396209999999670e+00 -2.686149000000000089e-03 -2.136840670000000053e-01 -1.186051000000000032e-03 9.768984320000000388e-01
1.703784422385559797e+09 4.560594300000000295e-02 -6.231287999999999758e-03 4.653234004999999840e+00 -2.813594999999999898e-03 -2.359367759999999870e-01 -1.120050999999999946e-03 9.717637300000000478e-01
1.703784422969085217e+09 2.312821099999999921e-02 -7.288122999999999650e-03 4.689795494000000176e+00 -4.020812999999999818e-03 -2.619364559999999842e-01 -1.309084999999999980e-03 9.650758499999999573e-01
1.703784423548917055e+09 -2.023875999999999974e-03 -6.758008000000000244e-03 4.726851463000000031e+00 -4.527896000000000004e-03 -2.878675159999999900e-01 -9.671019999999999573e-04 9.576590659999999477e-01
1.703784424131547451e+09 -2.956074499999999938e-02 -6.348280999999999889e-03 4.761396884999999912e+00 -2.381175000000000132e-03 -3.165068329999999874e-01 -4.937309999999999659e-04 9.485871200000000059e-01
1.703784424676917553e+09 -5.681723400000000118e-02 -6.401658999999999648e-03 4.791420936999999824e+00 -1.603110999999999946e-03 -3.391986790000000029e-01 3.258259999999999802e-04 9.407133460000000058e-01
1.703784425213565111e+09 -8.546823300000000456e-02 -6.808442999999999960e-03 4.819678782999999633e+00 -2.139629000000000097e-03 -3.660318850000000013e-01 9.839140000000000125e-04 9.305993320000000013e-01
1.703784425631005287e+09 -1.088548299999999996e-01 -6.979935999999999953e-03 4.841848373000000372e+00 -2.871592999999999975e-03 -3.876346949999999736e-01 -1.952430000000000008e-04 9.218085999999999780e-01
1.703784426090009689e+09 -1.356198789999999987e-01 -6.898513999999999688e-03 4.863673209999999969e+00 -3.278931000000000120e-03 -4.112759530000000274e-01 6.957079999999999601e-04 9.115047450000000051e-01
1.703784426587561846e+09 -1.659184690000000129e-01 -6.714142999999999674e-03 4.885821341999999845e+00 -4.220970000000000104e-03 -4.380156099999999997e-01 2.403010000000000020e-04 8.989574310000000290e-01
1.703784427043894053e+09 -1.950584649999999864e-01 -5.701575000000000393e-03 4.903935909000000315e+00 -3.400643999999999976e-03 -4.641630649999999858e-01 9.386499999999999662e-05 8.857432600000000322e-01
1.703784427505342245e+09 -2.244091029999999987e-01 -6.099394999999999643e-03 4.920024395000000439e+00 -3.079508999999999806e-03 -4.971579019999999849e-01 5.480360000000000092e-04 8.676544430000000530e-01
1.703784428006715298e+09 -2.582147120000000129e-01 -5.865035999999999687e-03 4.933946609000000372e+00 -4.949033999999999725e-03 -5.332244040000000407e-01 2.059759999999999944e-04 8.459593650000000187e-01
1.703784428461382151e+09 -2.870144840000000142e-01 -6.213154999999999720e-03 4.943327426999999830e+00 -3.322807000000000104e-03 -5.638086799999999510e-01 2.190581000000000039e-03 8.258958459999999890e-01
1.703784428918350220e+09 -3.179113860000000180e-01 -5.897107000000000390e-03 4.950308800000000176e+00 -4.464209999999999706e-03 -5.991501809999999484e-01 1.253718999999999927e-03 8.006232380000000148e-01
1.703784429334627867e+09 -3.444156649999999820e-01 -5.171847999999999723e-03 4.953915119000000367e+00 -5.116192000000000309e-03 -6.281910539999999710e-01 4.130210000000000153e-04 7.780421969999999909e-01
1.703784429792152643e+09 -3.671700949999999741e-01 -4.929783000000000082e-03 4.954155444999999602e+00 -3.924320999999999712e-03 -6.606549619999999567e-01 1.318034000000000046e-03 7.506783009999999923e-01
1.703784430249609232e+09 -3.852357860000000245e-01 -4.876819999999999593e-03 4.953916073000000253e+00 -3.671363999999999878e-03 -6.788878440000000181e-01 2.102478999999999980e-03 7.342298029999999587e-01
1.703784430712677002e+09 -4.149689670000000219e-01 -4.604796000000000410e-03 4.955178737999999861e+00 -4.502436000000000285e-03 -6.894909139999999548e-01 1.820765000000000014e-03 7.242780330000000433e-01
1.703784431250886679e+09 -4.563326839999999884e-01 -4.520274999999999814e-03 4.957556248000000387e+00 -4.843450000000000012e-03 -6.852862240000000549e-01 2.695980000000000164e-04 7.282577159999999994e-01
1.703784431710804939e+09 -4.909667970000000103e-01 -4.023923000000000430e-03 4.961387634000000268e+00 -4.451100999999999842e-03 -6.792690160000000033e-01 9.848549999999999752e-04 7.338752149999999697e-01
1.703784432207219601e+09 -5.287041660000000309e-01 -4.060514000000000311e-03 4.961019516000000351e+00 -4.638828999999999696e-03 -7.002319099999999574e-01 8.042109999999999884e-04 7.138999099999999709e-01
1.703784432668577433e+09 -5.625886919999999458e-01 -3.754860000000000055e-03 4.959700107999999830e+00 -3.762959000000000182e-03 -7.127087119999999665e-01 1.496179999999999949e-03 7.014485000000000303e-01
1.703784433205733538e+09 -6.032896039999999793e-01 -3.197479999999999940e-03 4.959242343999999747e+00 -4.202937000000000339e-03 -7.044562699999999955e-01 5.897699999999999861e-04 7.097346780000000077e-01
1.703784433621816158e+09 -6.341557500000000180e-01 -3.299630999999999918e-03 4.958091736000000083e+00 -4.806068999999999619e-03 -7.178232669999999871e-01 9.809230000000000813e-04 6.962081190000000142e-01
1.703784434163047791e+09 -6.748237609999999664e-01 -3.004614000000000069e-03 4.955251216999999819e+00 -4.395267999999999918e-03 -7.154977319999999974e-01 -9.026050000000000089e-04 6.986007090000000419e-01
1.703784434621040821e+09 -7.091097830000000490e-01 -2.915692000000000110e-03 4.957427025000000320e+00 -4.496858999999999752e-03 -7.019788620000000368e-01 -5.491759999999999611e-04 7.121833560000000451e-01
1.703784435088060379e+09 -7.430543899999999535e-01 -3.039221999999999844e-03 4.959899902000000083e+00 -2.807596999999999784e-03 -6.872155070000000032e-01 8.058920000000000016e-04 7.264478210000000491e-01
1.703784435579657555e+09 -7.797782420000000103e-01 -3.419326999999999783e-03 4.964888096000000139e+00 -3.212419000000000212e-03 -6.675752999999999826e-01 2.835326999999999899e-03 7.445299629999999613e-01
1.703784436036767483e+09 -8.141002659999999613e-01 -2.709852000000000007e-03 4.969631672000000222e+00 -2.345336999999999856e-03 -6.560617690000000168e-01 9.487719999999999617e-04 7.547030449999999613e-01
1.703784436535271168e+09 -8.517987729999999535e-01 -2.200802999999999874e-03 4.974535942000000155e+00 -4.531883999999999912e-03 -6.641672849999999961e-01 1.393225000000000106e-03 7.475689650000000297e-01
1.703784436994940519e+09 -8.858439919999999690e-01 -2.100031999999999940e-03 4.976005076999999943e+00 -3.866193999999999881e-03 -6.814763550000000336e-01 -3.075320000000000093e-04 7.318299409999999838e-01
1.703784437494896173e+09 -9.230065349999999613e-01 -1.873527000000000048e-03 4.979549884999999954e+00 -3.542212999999999785e-03 -6.753752229999999690e-01 1.297207999999999998e-03 7.374646070000000497e-01
1.703784438042197227e+09 -9.634375570000000000e-01 -1.649599999999999981e-03 4.985515118000000356e+00 -3.317815999999999908e-03 -6.591716410000000304e-01 7.121350000000000249e-04 7.519848940000000148e-01
1.703784438495180845e+09 -9.978153709999999510e-01 -1.110667000000000078e-03 4.987267494000000134e+00 -3.711802000000000157e-03 -6.745166179999999567e-01 6.860299999999999352e-05 7.382503750000000142e-01
1.703784439122312546e+09 -1.043387413000000041e+00 -1.511280000000000045e-03 4.992748737000000325e+00 -2.479452000000000045e-03 -6.620392200000000393e-01 3.987139999999999912e-04 7.494649890000000259e-01
1.703784439662810087e+09 -1.083150625000000034e+00 -1.889424000000000008e-03 4.999799728000000165e+00 -2.478346000000000195e-03 -6.417029499999999942e-01 2.394979000000000205e-03 7.669455410000000084e-01
1.703784440158388376e+09 -1.118892430999999910e+00 -1.575879999999999989e-03 5.008236408000000139e+00 -1.956202000000000201e-03 -6.271002289999999535e-01 1.062273999999999987e-03 7.789354920000000071e-01
1.703784440739946604e+09 -1.160412073000000044e+00 -1.208431999999999952e-03 5.020133494999999613e+00 -3.533886999999999879e-03 -6.089267130000000083e-01 6.159369999999999949e-04 7.932183739999999483e-01
1.703784441365162849e+09 -1.204392671999999997e+00 -4.882220000000000158e-04 5.035202026000000330e+00 -3.591703999999999817e-03 -5.886926049999999799e-01 -4.236509999999999864e-04 8.083488939999999845e-01
1.703784441865336657e+09 -1.238833665999999889e+00 1.539029999999999934e-04 5.048397540999999933e+00 -3.670975999999999840e-03 -5.696993470000000226e-01 -3.293889999999999730e-04 8.218449349999999987e-01
1.703784442369630575e+09 -1.272454976999999987e+00 -1.352500000000000078e-04 5.063210010999999788e+00 -2.314459000000000048e-03 -5.528535839999999535e-01 9.472769999999999498e-04 8.332746619999999993e-01
1.703784442866893768e+09 -1.306792616999999934e+00 4.705210000000000035e-04 5.078605652000000248e+00 -2.886313000000000160e-03 -5.471358899999999581e-01 1.201683000000000048e-03 8.370379810000000420e-01
1.703784443530623913e+09 -1.351176739000000016e+00 8.338240000000000452e-04 5.100289345000000196e+00 -2.056209999999999885e-04 -5.332893730000000110e-01 3.398631999999999955e-03 8.459260459999999870e-01
1.703784444238937140e+09 -1.398805140999999974e+00 1.122486000000000013e-03 5.122326851000000403e+00 -1.288782999999999943e-03 -5.384319419999999967e-01 2.181726000000000151e-03 8.426651950000000335e-01
1.703784444742005587e+09 -1.431724548000000041e+00 1.014396000000000091e-03 5.137268065999999855e+00 -2.298900999999999896e-03 -5.437647100000000400e-01 3.207431000000000171e-03 8.392285109999999548e-01
1.703784445238239288e+09 -1.463998318000000021e+00 1.424604000000000105e-03 5.155624866000000139e+00 -2.447812000000000165e-03 -5.220199229999999968e-01 2.215936999999999855e-03 8.529269699999999510e-01
1.703784445653929472e+09 -1.491301894000000017e+00 2.045935000000000028e-03 5.170780181999999670e+00 -2.467425000000000087e-03 -5.025026799999999794e-01 1.044341999999999970e-03 8.645715120000000420e-01
1.703784446072621107e+09 -1.518501996999999992e+00 1.727786000000000035e-03 5.184704780999999763e+00 -3.429945000000000216e-03 -5.154753920000000322e-01 1.321689999999999931e-03 8.568965200000000504e-01
1.703784446536723137e+09 -1.549059152999999966e+00 3.048757999999999937e-03 5.201021193999999959e+00 -3.984480999999999787e-03 -5.205219389999999891e-01 1.832248000000000080e-03 8.538370730000000020e-01
1.703784446903414726e+09 -1.572611093999999987e+00 3.573517999999999920e-03 5.214349269999999592e+00 -2.327033999999999960e-03 -5.117232800000000026e-01 2.291435999999999994e-03 8.591441509999999671e-01
1.703784447402036190e+09 -1.603966235999999990e+00 5.272324000000000108e-03 5.234304427999999731e+00 -3.699490000000000048e-04 -4.937539989999999990e-01 3.412860000000000199e-03 8.695948719999999632e-01
1.703784447739020109e+09 -1.623894452999999904e+00 4.667761000000000306e-03 5.247478007999999861e+00 -2.853740000000000226e-04 -4.839738009999999813e-01 3.455800000000000191e-03 8.750756379999999890e-01
1.703784448154274225e+09 -1.648199320000000023e+00 4.248983999999999921e-03 5.266154289000000155e+00 3.129000000000000162e-04 -4.625963869999999978e-01 5.570429000000000005e-03 8.865514989999999651e-01
1.703784448526508331e+09 -1.669722914999999919e+00 4.000873999999999750e-03 5.282873153999999793e+00 -5.385960000000000183e-04 -4.511275590000000113e-01 4.504046000000000265e-03 8.924479480000000464e-01
1.703784449024666309e+09 -1.697786688999999960e+00 4.044050000000000422e-03 5.307332515999999778e+00 -1.325163999999999986e-03 -4.242860969999999732e-01 5.370859000000000397e-03 9.055113200000000084e-01
1.703784449441694260e+09 -1.718755959999999972e+00 4.143041000000000085e-03 5.329084873000000222e+00 -2.777680000000000145e-04 -4.011087720000000023e-01 6.384161000000000176e-03 9.160081740000000083e-01
1.703784449774978876e+09 -1.734708667000000037e+00 3.856398000000000031e-03 5.348047732999999582e+00 -1.434111000000000066e-03 -3.741808529999999799e-01 5.021824999999999727e-03 9.273410439999999477e-01
1.703784450191892624e+09 -1.753247022999999905e+00 4.012256999999999976e-03 5.373073101000000129e+00 -1.920974999999999896e-03 -3.366122249999999871e-01 5.071454999999999887e-03 9.416278000000000148e-01
1.703784450565627098e+09 -1.767397880999999948e+00 4.286650000000000356e-03 5.396409034999999577e+00 -1.103093000000000086e-03 -3.025029300000000032e-01 4.724904999999999730e-03 9.531361459999999619e-01
1.703784450940934896e+09 -1.780316352999999907e+00 4.301186000000000245e-03 5.421151161000000052e+00 -1.185400000000000082e-03 -2.714452450000000017e-01 4.179737999999999683e-03 9.624440669999999587e-01
1.703784451277209044e+09 -1.791679143999999946e+00 4.715139000000000136e-03 5.443387507999999819e+00 -2.236853000000000018e-03 -2.552163299999999913e-01 3.607559000000000200e-03 9.668747189999999936e-01
1.703784451647371531e+09 -1.804708361999999955e+00 3.873711000000000168e-03 5.466627597999999644e+00 6.016510000000000304e-04 -2.447932359999999974e-01 4.217104999999999639e-03 9.695659880000000452e-01
1.703784451984267950e+09 -1.815777779000000036e+00 4.105646000000000122e-03 5.488687514999999628e+00 -2.197439999999999886e-04 -2.367327660000000111e-01 5.171219999999999810e-03 9.715610740000000245e-01
1.703784452316517591e+09 -1.825853109000000085e+00 5.155841000000000417e-03 5.511921883000000300e+00 -4.754213000000000189e-03 -2.288302480000000139e-01 7.600049000000000214e-03 9.734250899999999929e-01
1.703784452647825956e+09 -1.838026523999999995e+00 5.356348999999999833e-03 5.535232544000000310e+00 -7.416556999999999837e-03 -2.277871670000000126e-01 9.472525000000000736e-03 9.736366269999999767e-01
1.703784452985441208e+09 -1.847737074000000090e+00 6.079610000000000049e-03 5.557645798000000248e+00 -1.028140500000000040e-02 -2.228608430000000029e-01 9.029100999999999447e-03 9.747542740000000316e-01
1.703784453313257694e+09 -1.860789060999999966e+00 6.202113000000000417e-03 5.578884125000000083e+00 -7.405413999999999920e-03 -2.205067280000000129e-01 1.225787000000000100e-03 9.753565789999999458e-01
1.703784453647200108e+09 -1.873943925000000066e+00 5.721043000000000309e-03 5.599203586999999871e+00 -3.025681000000000117e-03 -2.293334599999999890e-01 -6.044764999999999687e-03 9.733244779999999929e-01
1.703784453983546019e+09 -1.883775234000000021e+00 4.889548999999999979e-03 5.618344307000000093e+00 3.337823000000000179e-03 -2.386063039999999913e-01 -3.279223999999999854e-03 9.711050989999999716e-01
1.703784454686831474e+09 -1.905552863999999902e+00 3.256428000000000014e-03 5.658272265999999995e+00 8.317566000000000195e-03 -2.351794090000000059e-01 8.862380000000000214e-04 9.719160199999999916e-01
1.703784455686884880e+09 -1.930420398999999954e+00 3.679041999999999989e-03 5.725885867999999768e+00 6.497738999999999772e-03 -1.823125780000000029e-01 4.872969999999999797e-04 9.832190870000000471e-01
1.703784456061742783e+09 -1.939169048999999978e+00 3.506431999999999865e-03 5.752902508000000026e+00 3.384811000000000156e-03 -1.627172379999999863e-01 1.351502999999999993e-03 9.866660240000000304e-01
1.703784456813607693e+09 -1.951510190999999894e+00 3.849848999999999806e-03 5.807108879000000279e+00 -2.115690999999999839e-03 -1.230338220000000010e-01 3.604209999999999836e-04 9.924001690000000542e-01
1.703784457146387815e+09 -1.955352068000000054e+00 4.026257999999999573e-03 5.831826210000000010e+00 -3.397383999999999821e-03 -1.070987060000000018e-01 3.217999999999999937e-06 9.942426090000000549e-01
1.703784457561182261e+09 -1.960119962999999910e+00 4.584707999999999839e-03 5.861784457999999809e+00 -1.932778000000000013e-03 -8.769512899999999667e-02 1.826309999999999934e-04 9.961454870000000517e-01
1.703784457933409452e+09 -1.964519142999999968e+00 3.940500999999999900e-03 5.888525963000000196e+00 -2.083614000000000126e-03 -6.642748399999999498e-02 -5.146140000000000436e-04 9.977889659999999994e-01
1.703784458767321110e+09 -1.967271328000000041e+00 4.736828999999999693e-03 5.948815823000000336e+00 -1.135813000000000057e-03 -3.469920900000000169e-02 -1.151519999999999980e-04 9.993971590000000349e-01
1.703784459188069105e+09 -1.970857263000000081e+00 4.598698000000000022e-03 5.978799819999999876e+00 -3.204740000000000084e-04 -4.612920400000000004e-02 -2.478159999999999868e-04 9.989354010000000006e-01
1.703784459563506842e+09 -1.974757195000000021e+00 4.324638999999999914e-03 6.004508018000000114e+00 9.925999999999999494e-05 -5.683400100000000205e-02 4.904350000000000029e-04 9.983835220000000232e-01
1.703784460015856266e+09 -1.979828238000000074e+00 4.369910999999999761e-03 6.038358687999999752e+00 6.432000000000000420e-06 -6.953964399999999768e-02 -4.285730000000000182e-04 9.975790979999999974e-01
1.703784460436073303e+09 -1.985179067000000019e+00 4.253919999999999577e-03 6.067648411000000408e+00 9.947739999999999187e-04 -7.969188700000000292e-02 7.665740000000000097e-04 9.968187809999999871e-01
1.703784460890478611e+09 -1.990380763999999969e+00 4.901306000000000239e-03 6.100629330000000294e+00 -5.045330000000000431e-04 -7.410130600000000567e-02 7.184000000000000065e-04 9.972503190000000517e-01
1.703784461348533154e+09 -1.995920539000000105e+00 5.438758000000000134e-03 6.133647919000000392e+00 -5.727310000000000430e-04 -7.238556399999999946e-02 3.754440000000000056e-04 9.973765020000000536e-01
1.703784461850237608e+09 -2.000768660999999948e+00 5.336900000000000324e-03 6.169205189000000367e+00 -1.490868999999999918e-03 -6.988758600000000154e-02 3.790500000000000249e-04 9.975537060000000400e-01
1.703784462431539297e+09 -2.005193709999999907e+00 5.295132999999999611e-03 6.210439205000000129e+00 -1.273955000000000009e-03 -5.405884600000000068e-02 4.531749999999999971e-04 9.985368249999999612e-01
1.703784462889260530e+09 -2.008012533000000044e+00 5.234731999999999753e-03 6.242951393000000238e+00 -1.631075999999999967e-03 -4.906322800000000039e-02 6.413159999999999564e-04 9.987941380000000535e-01
1.703784463348644257e+09 -2.010084629000000067e+00 5.051774000000000195e-03 6.275853157000000238e+00 -8.043199999999999699e-04 -3.642197700000000121e-02 9.671740000000000068e-04 9.993357059999999903e-01
1.703784463887480974e+09 -2.011665583000000090e+00 5.208317999999999975e-03 6.314407348999999670e+00 -7.788199999999999464e-04 -2.578808700000000120e-02 1.225827999999999987e-03 9.996663930000000420e-01
1.703784464387882471e+09 -2.012427806999999902e+00 5.837046999999999722e-03 6.351635932999999845e+00 -2.152157000000000028e-03 -1.678156499999999829e-02 5.692089999999999910e-04 9.998567099999999819e-01
1.703784464887270451e+09 -2.011726379000000176e+00 5.839191999999999994e-03 6.386583328000000392e+00 -1.342113000000000030e-03 3.278973000000000131e-03 8.558860000000000383e-04 9.999933840000000407e-01
1.703784465387210131e+09 -2.009544133999999982e+00 5.814444000000000209e-03 6.421964168999999778e+00 5.606559999999999799e-04 1.726132799999999939e-02 5.864499999999999704e-04 9.998506900000000419e-01
1.703784465888251305e+09 -2.008380175000000101e+00 5.554693999999999778e-03 6.457892418000000134e+00 -6.218019999999999667e-04 2.611377299999999985e-02 1.129619999999999935e-04 9.996587630000000058e-01
1.703784466385027885e+09 -2.006208657999999811e+00 5.753628000000000214e-03 6.493175029999999737e+00 2.544639999999999814e-04 2.596368099999999887e-02 6.800279999999999476e-04 9.996626379999999923e-01
1.703784466928097725e+09 -2.006073951999999938e+00 5.586647000000000141e-03 6.531715870000000201e+00 -8.579600000000000323e-05 1.499725200000000085e-02 3.474940000000000038e-04 9.998875259999999709e-01
1.703784467467177391e+09 -2.006359577000000005e+00 5.833248000000000079e-03 6.570149422000000072e+00 7.577659999999999951e-04 3.166814000000000000e-03 -3.714069999999999763e-04 9.999946360000000478e-01
1.703784468053055048e+09 -2.007834434999999917e+00 5.954603999999999626e-03 6.609990119999999969e+00 -1.343919999999999967e-03 -1.640130199999999955e-02 -6.656330000000000016e-04 9.998643990000000148e-01
1.703784468635155916e+09 -2.008563518999999964e+00 6.308888999999999816e-03 6.645349503000000269e+00 3.156000000000000276e-05 -1.062256999999999958e-02 -2.501900000000000152e-04 9.999435540000000122e-01
1.703784469220406055e+09 -2.006337403999999935e+00 6.110184000000000275e-03 6.686730862000000108e+00 -1.525345999999999907e-03 1.597519600000000053e-02 -8.155149999999999465e-04 9.998708960000000090e-01
1.703784469764560223e+09 -2.002294302000000137e+00 6.402236000000000385e-03 6.725389004000000170e+00 -5.507980000000000211e-04 3.946770699999999771e-02 -5.576189999999999749e-04 9.992205499999999851e-01
1.703784470301055193e+09 -1.995971441000000013e+00 6.838287000000000185e-03 6.764820098999999587e+00 -7.655459999999999782e-04 6.353452800000000678e-02 -1.070084999999999916e-03 9.979788059999999961e-01
1.703784470838977337e+09 -1.990453242999999928e+00 7.169987000000000062e-03 6.803717136000000387e+00 -1.530611999999999988e-03 7.039158800000000493e-02 -1.398581000000000086e-03 9.975172879999999465e-01
1.703784471381677866e+09 -1.986042738000000085e+00 7.269747000000000015e-03 6.842260361000000124e+00 5.685609999999999796e-04 6.131572600000000095e-02 5.738200000000000050e-05 9.981182809999999961e-01
1.703784471922800779e+09 -1.979197620999999963e+00 7.168657999999999628e-03 6.880803108000000279e+00 -4.051750000000000230e-04 8.126328100000000665e-02 -8.818590000000000283e-04 9.966921810000000104e-01
1.703784472426494360e+09 -1.971454620000000046e+00 6.948466000000000364e-03 6.915419578999999928e+00 2.339452000000000111e-03 9.857985399999999454e-02 -1.287960000000000049e-04 9.951264260000000084e-01
1.703784473134749651e+09 -1.964394688999999916e+00 5.989284000000000101e-03 6.965290546000000305e+00 1.905671999999999965e-03 6.448246500000000270e-02 9.069200000000000514e-05 9.979170560000000245e-01
1.703784473671675205e+09 -1.957315683000000028e+00 5.604892000000000207e-03 7.002792835000000160e+00 6.225770000000000262e-04 8.874148900000000673e-02 -6.568799999999999856e-05 9.960545299999999935e-01
1.703784474259268045e+09 -1.947999476999999979e+00 5.362328999999999880e-03 7.044028758999999695e+00 -5.741199999999999852e-05 1.053786800000000023e-01 3.663480000000000100e-04 9.944321510000000419e-01
1.703784474794952154e+09 -1.943195938999999983e+00 5.473656999999999828e-03 7.082082748000000372e+00 -2.874889999999999846e-04 8.307755699999999632e-02 -8.910400000000000612e-05 9.965430499999999858e-01
1.703784475337672949e+09 -1.938929080999999943e+00 5.373641999999999655e-03 7.120252608999999566e+00 -2.040371000000000025e-03 5.816792700000000121e-02 9.734830000000000306e-04 9.983042479999999497e-01
1.703784475969640017e+09 -1.937333822000000039e+00 5.382375000000000007e-03 7.164692879000000403e+00 -1.012141999999999946e-03 3.016093200000000141e-02 1.508138000000000013e-03 9.995434279999999561e-01
1.703784476543632269e+09 -1.936527013999999935e+00 5.110848999999999774e-03 7.206365585000000351e+00 -2.617851999999999939e-03 8.733110000000000525e-03 7.506299999999999605e-04 9.999581579999999859e-01
1.703784477125076532e+09 -1.937584876999999928e+00 5.154569999999999812e-03 7.248598098999999628e+00 -1.662064999999999897e-03 -8.228361999999999482e-03 2.009078000000000079e-03 9.999627469999999851e-01
1.703784477833156347e+09 -1.939180136000000054e+00 5.067923000000000219e-03 7.298759460000000310e+00 -3.034953999999999864e-03 -4.951248999999999581e-03 1.426734999999999939e-03 9.999821190000000026e-01
1.703784478499704361e+09 -1.940523028000000094e+00 5.202326999999999646e-03 7.344624996000000294e+00 -2.375440999999999837e-03 -7.530039999999999997e-03 5.057840000000000079e-04 9.999687080000000394e-01
1.703784479082295179e+09 -1.939730286999999942e+00 5.247953999999999987e-03 7.385543346000000398e+00 -2.000811999999999816e-03 -8.083823999999999871e-03 1.071728999999999998e-03 9.999647739999999452e-01
1.703784479664964437e+09 -1.942087649999999943e+00 5.031246999999999976e-03 7.427528381000000124e+00 -1.518679999999999900e-03 -1.128592200000000031e-02 3.234050000000000249e-04 9.999351499999999948e-01
1.703784480250138998e+09 -1.945289016000000037e+00 5.589921000000000299e-03 7.468954562999999602e+00 -2.634407000000000068e-03 -3.211176000000000308e-02 4.375170000000000057e-04 9.994807239999999871e-01
1.703784480873137951e+09 -1.946553229999999912e+00 5.527449999999999725e-03 7.513502121000000145e+00 -4.696338999999999896e-03 -1.486169399999999995e-02 2.720460000000000174e-04 9.998785260000000452e-01
1.703784481665628910e+09 -1.946354984999999926e+00 6.151860999999999788e-03 7.569606303999999675e+00 -2.249600000000000037e-03 -9.897299000000000027e-03 -1.457519999999999964e-04 9.999485019999999613e-01
1.703784482415234089e+09 -1.947655558999999981e+00 6.432252000000000282e-03 7.623278617999999618e+00 -3.083955000000000203e-03 -1.286853800000000055e-02 -1.231471999999999949e-03 9.999117260000000007e-01
1.703784482995504379e+09 -1.947903751999999988e+00 7.039357000000000426e-03 7.664810181000000000e+00 -2.702440999999999871e-03 -8.174445000000000669e-03 7.373250000000000463e-04 9.999626870000000167e-01
1.703784483620043993e+09 -1.948004365000000071e+00 6.977681999999999808e-03 7.709447383999999737e+00 -2.651436999999999978e-03 -1.298396800000000025e-02 1.042615999999999899e-03 9.999116660000000323e-01
1.703784484165051460e+09 -1.949808001999999929e+00 6.651561999999999752e-03 7.747302531999999964e+00 -2.029957000000000202e-03 -1.005585800000000085e-02 6.165899999999999766e-04 9.999471899999999858e-01
1.703784484746025801e+09 -1.950029849999999954e+00 7.216466000000000373e-03 7.788195133000000325e+00 -2.008789999999999990e-04 -1.186344500000000024e-02 1.917208000000000107e-03 9.999278190000000510e-01
1.703784485327947378e+09 -1.951328157999999924e+00 7.328396000000000042e-03 7.829585074999999783e+00 1.222109999999999993e-04 -1.221561200000000069e-02 1.014350000000000017e-03 9.999248389999999542e-01
1.703784485869262218e+09 -1.951220154999999901e+00 7.595817999999999841e-03 7.868453978999999876e+00 -3.364644999999999875e-03 -8.851180000000000159e-03 8.533570000000000088e-04 9.999548200000000220e-01
1.703784486368240833e+09 -1.950854300999999902e+00 7.891814000000000467e-03 7.904049872999999948e+00 -3.640157000000000202e-03 -6.898645999999999598e-03 8.711539999999999605e-04 9.999692439999999793e-01
1.703784486867035866e+09 -1.950966597000000080e+00 8.572384000000000601e-03 7.939921855999999778e+00 -5.140305000000000395e-03 -9.284344999999999404e-03 1.174256000000000041e-03 9.999430179999999613e-01
1.703784487578389645e+09 -1.951901196999999977e+00 8.580528999999999934e-03 7.989692687999999876e+00 -3.973204000000000145e-03 -8.115257000000000720e-03 1.029636000000000006e-03 9.999586339999999574e-01
1.703784488118276119e+09 -1.952748299000000021e+00 8.330591999999999511e-03 8.026767730999999628e+00 -1.910629999999999967e-03 -1.052994299999999994e-02 2.109516999999999989e-03 9.999405150000000297e-01
1.703784488534416437e+09 -1.953819036000000064e+00 8.049053000000000457e-03 8.056755065999999132e+00 -1.467144000000000087e-03 -1.700366299999999872e-02 1.744277999999999931e-03 9.998528359999999671e-01
1.703784489010343075e+09 -1.955708980999999902e+00 7.438550000000000370e-03 8.084235190999999432e+00 -3.229968000000000162e-03 -1.931726200000000171e-02 1.540771000000000024e-03 9.998070000000000013e-01
1.703784489365447283e+09 -1.955428004000000053e+00 8.729964999999999253e-03 8.091325760000000145e+00 -3.286979000000000203e-03 -2.003132399999999966e-02 2.400171999999999896e-03 9.997910859999999955e-01
1.703784489950663567e+09 -1.955191254999999906e+00 8.691397999999999485e-03 8.090925217000000558e+00 -2.246206000000000157e-03 -2.019756500000000066e-02 2.493751000000000214e-03 9.997903700000000393e-01
