1.703784360022506237e+09 0.000000000000000000e+00 0.000000000000000000e+00 0.000000000000000000e+00 -0.000000000000000000e+00 -0.000000000000000000e+00 -0.000000000000000000e+00 1.000000000000000000e+00
1.703784360186384916e+09 -5.021599999999999762e-04 5.129509999999999886e-04 1.835032199999999877e-02 1.593909999999999923e-04 2.844900000000000155e-05 -1.700039999999999939e-04 1.000000000000000000e+00
1.703784360351946354e+09 -1.445822999999999943e-03 -2.165629999999999931e-04 3.481009599999999871e-02 8.184159999999999786e-04 -9.328249999999999736e-04 -7.543359999999999822e-04 9.999989270000000374e-01
1.703784360520680428e+09 -1.579798000000000096e-03 -1.035699999999999994e-04 5.121171499999999793e-02 8.529800000000000359e-04 -1.407758000000000056e-03 -1.327113999999999898e-03 9.999977949999999671e-01
1.703784360768077612e+09 -1.792441999999999994e-03 2.066819999999999974e-04 7.609198200000000245e-02 1.289720999999999966e-03 -1.878619999999999899e-03 -1.714121000000000091e-03 9.999959470000000517e-01
1.703784361145807505e+09 -2.033361000000000023e-03 8.348099999999999575e-04 1.132519319999999996e-01 1.674483000000000048e-03 -1.665580000000000055e-03 -1.316012000000000084e-03 9.999963640000000265e-01
1.703784361602182865e+09 -1.662407999999999985e-03 -4.891039999999999711e-04 1.578574929999999876e-01 2.534321999999999877e-03 -4.855098000000000399e-03 -6.163930000000000190e-04 9.999848599999999754e-01
1.703784361852280140e+09 -3.240254000000000138e-03 2.260399999999999907e-05 1.820577230000000046e-01 3.951408000000000004e-03 -7.871497999999999343e-03 -3.000600000000000036e-05 9.999611969999999683e-01
1.703784362061129808e+09 -1.667924000000000099e-03 -2.730540000000000050e-04 2.030104100000000023e-01 2.704347000000000174e-03 -7.624866999999999582e-03 3.948429999999999735e-04 9.999672170000000193e-01
1.703784362309725046e+09 -2.702077000000000211e-03 -5.115150000000000382e-04 2.286388729999999925e-01 1.429011999999999904e-03 -7.943043000000000325e-03 -6.472370000000000510e-04 9.999672170000000193e-01
1.703784362558959246e+09 -3.552717999999999848e-03 -1.528289999999999965e-04 2.530223129999999987e-01 2.667773999999999927e-03 -8.763218999999999176e-03 -1.184647999999999951e-03 9.999573830000000330e-01
1.703784362850620508e+09 -4.331833999999999685e-03 -3.383489999999999957e-04 2.822766299999999728e-01 2.862916999999999979e-03 -8.898780999999999705e-03 -1.943059999999999926e-04 9.999563099999999594e-01
1.703784363061388016e+09 -3.984857999999999977e-03 -5.085989999999999869e-04 3.031536939999999736e-01 1.778098999999999999e-03 -9.058925000000000657e-03 2.363920000000000095e-04 9.999573830000000330e-01
1.703784363565286398e+09 -5.722604000000000059e-03 -7.870410000000000426e-04 3.529216050000000271e-01 8.299890000000000522e-04 -8.544828000000000839e-03 -4.613840000000000129e-04 9.999630449999999948e-01
1.703784363848690271e+09 -5.885346999999999974e-03 -1.078919000000000015e-03 3.818993270000000106e-01 9.297889999999999844e-04 -9.136353999999999309e-03 -3.055380000000000010e-04 9.999578000000000078e-01
1.703784364100067854e+09 -7.330887000000000341e-03 -1.218188000000000040e-03 4.059376120000000032e-01 2.224479000000000126e-03 -8.772771000000000388e-03 -5.827690000000000170e-04 9.999588729999999703e-01
1.703784364639459133e+09 -7.894711999999999910e-03 -1.369311000000000009e-03 4.579632579999999842e-01 2.364882000000000008e-03 -1.016108800000000041e-02 -4.960299999999999925e-05 9.999455809999999722e-01
1.703784364974314451e+09 -1.018095299999999953e-02 -1.144522999999999938e-03 4.912202660000000165e-01 2.606394000000000159e-03 -1.346926499999999936e-02 5.397400000000000196e-05 9.999058840000000226e-01
1.703784365309163809e+09 -1.038298300000000014e-02 -1.281533000000000064e-03 5.250562429999999781e-01 2.517472000000000199e-03 -1.597114999999999993e-02 1.564330000000000115e-04 9.998692869999999955e-01
1.703784365638894320e+09 -1.020690200000000034e-02 -9.394030000000000045e-04 5.580544469999999535e-01 2.066713999999999878e-03 -1.611939999999999901e-02 3.937030000000000217e-04 9.998679160000000232e-01
1.703784365933474064e+09 -1.328783400000000010e-02 -9.819430000000000953e-04 5.856671329999999509e-01 1.504895000000000017e-03 -1.776561700000000091e-02 -1.183899999999999964e-05 9.998410939999999858e-01
1.703784366266849279e+09 -1.461256900000000060e-02 -6.964140000000000174e-04 6.193942430000000110e-01 4.572120000000000264e-04 -1.870826100000000033e-02 -2.082829999999999979e-04 9.998248819999999704e-01
1.703784366556204796e+09 -1.593209199999999839e-02 -9.835230000000000361e-04 6.487097739999999613e-01 5.867819999999999937e-04 -1.978136200000000025e-02 -6.674409999999999545e-04 9.998039600000000471e-01
1.703784367221304893e+09 -1.935090899999999947e-02 -1.247416000000000106e-03 7.135982509999999612e-01 -5.396259999999999729e-04 -2.070421899999999940e-02 -1.238374999999999893e-03 9.997847079999999664e-01
1.703784367637887716e+09 -2.106899400000000061e-02 -1.310435999999999893e-03 7.543142440000000226e-01 6.628390000000000280e-04 -2.375351800000000124e-02 -1.536734000000000103e-03 9.997164610000000007e-01
1.703784367970803738e+09 -2.198555300000000143e-02 -1.522696000000000032e-03 7.872311469999999645e-01 -6.248290000000000311e-04 -2.200717500000000035e-02 -1.025831999999999959e-03 9.997571109999999761e-01
1.703784368346679211e+09 -2.446235000000000076e-02 -1.361709000000000010e-03 8.236512540000000548e-01 -1.576141000000000087e-03 -2.302496700000000035e-02 -1.586252000000000018e-03 9.997324349999999749e-01
1.703784368719784498e+09 -2.621567799999999920e-02 -2.025055999999999905e-03 8.604323860000000490e-01 -8.590969999999999640e-04 -2.632445500000000008e-02 -5.531699999999999909e-05 9.996531010000000439e-01
1.703784369095667124e+09 -2.814976500000000020e-02 -2.013593000000000154e-03 8.966969849999999465e-01 -4.775040000000000144e-04 -2.118480000000000016e-02 8.324540000000000498e-04 9.997751120000000213e-01
1.703784369513425827e+09 -2.834079600000000143e-02 -1.667997999999999963e-03 9.380893710000000052e-01 -1.206105000000000068e-03 -1.733276799999999840e-02 1.557563000000000090e-03 9.998478889999999897e-01
1.703784369926893234e+09 -2.998940599999999970e-02 -2.000580000000000067e-03 9.776999950000000439e-01 8.457820000000000008e-04 -1.858993800000000030e-02 2.322909000000000172e-03 9.998241070000000175e-01
1.703784370344884157e+09 -3.283807999999999866e-02 -2.615530999999999932e-03 1.017588138999999892e+00 2.539646000000000004e-03 -2.758589399999999969e-02 1.759747000000000091e-03 9.996147159999999587e-01
1.703784370762403011e+09 -3.438552100000000222e-02 -3.095969999999999972e-03 1.058365226000000048e+00 3.489108999999999787e-03 -2.679258199999999882e-02 1.661923000000000046e-03 9.996335509999999536e-01
1.703784371219134569e+09 -3.601510799999999707e-02 -2.676407999999999912e-03 1.103238343999999982e+00 2.999336000000000016e-03 -1.617718699999999912e-02 1.129077000000000032e-03 9.998640420000000084e-01
1.703784371592410803e+09 -3.676805600000000035e-02 -3.387873999999999920e-03 1.136825203999999978e+00 4.023470000000000345e-03 -1.295603099999999980e-02 -2.083470000000000027e-04 9.999079699999999793e-01
1.703784372009742737e+09 -4.108174099999999801e-02 -3.496316000000000181e-03 1.174476861999999899e+00 3.263209999999999895e-03 -3.357539300000000199e-02 5.022559999999999698e-04 9.994307759999999652e-01
1.703784372467851639e+09 -4.669807499999999861e-02 -3.809041999999999897e-03 1.218178511000000075e+00 4.563717000000000121e-03 -5.336331899999999934e-02 1.163350000000000034e-04 9.985647199999999613e-01
1.703784372923496246e+09 -5.191945299999999736e-02 -2.561440999999999805e-03 1.262075901000000000e+00 4.437052000000000357e-03 -5.843769399999999836e-02 1.326411999999999904e-03 9.982802870000000439e-01
1.703784373385427237e+09 -5.760185799999999884e-02 -3.425063999999999800e-03 1.306958317999999952e+00 2.242212999999999845e-03 -6.174178799999999884e-02 1.517483000000000026e-03 9.980884789999999729e-01
1.703784373841645241e+09 -6.291317899999999963e-02 -2.844362000000000019e-03 1.352030872999999911e+00 1.424658000000000087e-03 -6.132572099999999971e-02 2.122794999999999804e-03 9.981145259999999464e-01
1.703784374340732574e+09 -6.716310999999999809e-02 -2.635171999999999862e-03 1.402069926000000022e+00 -9.496279999999999956e-04 -4.599265799999999876e-02 7.525929999999999686e-04 9.989410640000000452e-01
1.703784374924986124e+09 -7.133816900000000683e-02 -3.407772999999999792e-03 1.457657218000000032e+00 8.229760000000000027e-04 -3.277971999999999830e-02 1.099329999999999925e-03 9.994616509999999510e-01
1.703784375547644615e+09 -7.319236499999999535e-02 -3.197807999999999901e-03 1.518186926999999908e+00 1.638223000000000066e-03 -2.138932199999999881e-02 4.068249999999999818e-04 9.997698069999999548e-01
1.703784376214995623e+09 -7.660374000000000350e-02 -2.969934000000000029e-03 1.581976652000000039e+00 4.440900000000000121e-04 -2.253766000000000103e-02 -5.951450000000000490e-04 9.997457269999999729e-01
1.703784376880298138e+09 -8.004163200000000145e-02 -2.348754000000000206e-03 1.646009445000000015e+00 -5.822450000000000065e-04 -1.446971799999999947e-02 -1.071405000000000100e-03 9.998945590000000161e-01
1.703784377546495438e+09 -8.100200400000000245e-02 -2.152062000000000159e-03 1.709998727000000107e+00 -2.210339999999999983e-04 -1.409361400000000084e-02 -1.828041999999999992e-03 9.998990300000000220e-01
1.703784378214006901e+09 -8.321785900000000513e-02 -2.085301999999999815e-03 1.775158167000000065e+00 -1.632189999999999943e-03 -1.851730799999999968e-02 -1.162435000000000074e-03 9.998265499999999806e-01
1.703784378879904985e+09 -8.610591300000000614e-02 -2.073841999999999786e-03 1.838664531999999907e+00 -5.894659999999999700e-04 -2.015331799999999993e-02 -3.773310000000000097e-04 9.997966889999999607e-01
1.703784379544730425e+09 -8.837087500000000151e-02 -1.398818999999999931e-03 1.903710723000000105e+00 -1.586748000000000021e-03 -1.572381700000000104e-02 -1.615237000000000053e-03 9.998738169999999981e-01
1.703784380088070154e+09 -8.948108600000000135e-02 -1.662166999999999985e-03 1.955424070000000070e+00 -5.460559999999999503e-04 -1.594781899999999850e-02 -1.129795000000000061e-03 9.998720880000000477e-01
1.703784380717088223e+09 -9.265248500000000664e-02 -1.846755999999999962e-03 2.015049696000000168e+00 -9.401439999999999624e-04 -2.501625199999999924e-02 7.305399999999999546e-05 9.996865990000000091e-01
1.703784381375265837e+09 -9.555210199999999987e-02 -1.922871000000000042e-03 2.077399492000000070e+00 1.456490000000000009e-04 -2.563319000000000014e-02 1.096039999999999948e-03 9.996708039999999684e-01
1.703784381916450739e+09 -9.555652000000000590e-02 -1.572030999999999993e-03 2.131099938999999832e+00 -3.406339999999999780e-04 -2.113728999999999955e-03 1.155086000000000047e-03 9.999970790000000109e-01
1.703784382586634398e+09 -9.082309199999999416e-02 -1.802280999999999979e-03 2.194873571000000023e+00 1.370492000000000064e-03 3.142770799999999864e-02 5.408700000000000443e-04 9.995049830000000135e-01
1.703784383166155815e+09 -8.353735499999999370e-02 -2.727166999999999959e-03 2.249964236999999923e+00 1.821090000000000035e-03 5.527203199999999872e-02 6.732499999999999661e-05 9.984697099999999548e-01
1.703784383792031050e+09 -7.384154900000000632e-02 -3.040216000000000099e-03 2.309514999000000124e+00 2.587476999999999919e-03 7.670869700000000624e-02 -3.123040000000000104e-04 9.970501659999999600e-01
1.703784384413910627e+09 -6.442626599999999593e-02 -2.928574000000000194e-03 2.370734929999999796e+00 7.303439999999999585e-04 7.407612399999999320e-02 9.147460000000000270e-04 9.972519279999999542e-01
1.703784385040447712e+09 -5.550883300000000048e-02 -3.213750000000000027e-03 2.430784701999999964e+00 -2.933880000000000038e-04 6.920384599999999942e-02 1.287240000000000096e-04 9.976025219999999916e-01
1.703784385710191727e+09 -4.749648599999999748e-02 -4.095169000000000066e-03 2.493224144000000031e+00 2.719580000000000088e-03 6.405133000000000354e-02 3.952240000000000093e-04 9.979428049999999883e-01
1.703784386458184004e+09 -3.821217300000000205e-02 -3.180741999999999858e-03 2.566380738999999966e+00 -7.294399999999999821e-05 6.295552100000000040e-02 -2.377740000000000040e-04 9.980162980000000239e-01
1.703784387208406925e+09 -2.965237600000000112e-02 -3.763232000000000035e-03 2.637005328999999954e+00 1.167639000000000047e-03 5.923366199999999943e-02 2.631469999999999794e-04 9.982434510000000039e-01
1.703784387787056684e+09 -2.434692299999999948e-02 -3.815410999999999889e-03 2.693149089999999912e+00 1.468838000000000088e-03 5.958494500000000027e-02 -8.089730000000000488e-04 9.982218739999999535e-01
1.703784388495809317e+09 -1.368526699999999922e-02 -4.261591000000000337e-03 2.760680913999999930e+00 9.856310000000000505e-04 6.670448199999999550e-02 3.289470000000000068e-04 9.977722759999999580e-01
1.703784389206003189e+09 -7.667606000000000421e-03 -4.114495000000000131e-03 2.826780080999999889e+00 1.107525000000000046e-03 5.422714000000000006e-02 3.395410000000000073e-04 9.985279440000000006e-01
1.703784389952585697e+09 -5.009366999999999813e-03 -4.485130999999999840e-03 2.898255586999999966e+00 1.824269000000000108e-03 2.517221899999999915e-02 1.638193999999999935e-03 9.996801020000000149e-01
1.703784390536484957e+09 1.818579999999999925e-04 -4.716187999999999630e-03 2.954041719000000121e+00 1.756453000000000051e-03 4.436490299999999720e-02 5.646050000000000331e-04 9.990137220000000484e-01
1.703784391209605694e+09 5.695078999999999593e-03 -4.342430999999999895e-03 3.018451214000000160e+00 -7.287520000000000456e-04 4.620350899999999678e-02 2.983400000000000201e-04 9.989317659999999988e-01
1.703784391866294384e+09 1.219909800000000023e-02 -4.772746999999999927e-03 3.080548762999999912e+00 8.844760000000000339e-04 4.701649399999999895e-02 8.361720000000000437e-04 9.988933800000000529e-01
1.703784392540158510e+09 1.864155899999999852e-02 -4.903051000000000284e-03 3.144432544999999912e+00 1.839979000000000050e-03 5.077352400000000043e-02 5.511140000000000093e-04 9.987083669999999858e-01
1.703784392952522278e+09 2.209633999999999904e-02 -5.351825999999999632e-03 3.182666778999999835e+00 3.590466000000000057e-03 4.810055299999999728e-02 1.277897999999999968e-03 9.988352059999999755e-01
1.703784393408438206e+09 2.714562400000000014e-02 -5.486055999999999572e-03 3.226761579999999796e+00 3.432188999999999986e-03 5.132841700000000118e-02 2.084920999999999996e-03 9.986737369999999503e-01
1.703784393823554993e+09 3.056453500000000031e-02 -5.594290000000000027e-03 3.267060995000000023e+00 3.580532999999999893e-03 4.937047099999999911e-02 1.200504000000000024e-03 9.987733960000000355e-01
1.703784394448632002e+09 3.754856100000000113e-02 -5.111136999999999972e-03 3.327574252999999871e+00 2.289764000000000122e-03 5.854120100000000104e-02 5.546750000000000248e-04 9.982821939999999561e-01
1.703784394823397875e+09 4.086027999999999882e-02 -5.470473000000000002e-03 3.363556147000000163e+00 3.299420000000000065e-04 5.886322299999999924e-02 7.094300000000000432e-04 9.982658030000000071e-01
1.703784395406479836e+09 4.961841200000000063e-02 -5.080168999999999831e-03 3.419380187999999876e+00 1.042381999999999901e-03 7.029854500000000395e-02 -3.970730000000000114e-04 9.975253939999999542e-01
1.703784395862843037e+09 5.770230999999999971e-02 -5.958073000000000362e-03 3.462919949999999858e+00 1.040555000000000082e-03 8.302004600000000012e-02 4.698510000000000251e-04 9.965472220000000103e-01
1.703784396280067444e+09 6.493470099999999745e-02 -5.551518000000000078e-03 3.502482176000000003e+00 1.246443999999999981e-03 9.186600899999999847e-02 3.895999999999999629e-06 9.957706330000000161e-01
1.703784396696077585e+09 7.343454700000000279e-02 -5.881083999999999964e-03 3.542263269000000214e+00 1.237028999999999950e-03 9.663718899999999834e-02 -1.042946000000000107e-03 9.953183530000000445e-01
1.703784397074020147e+09 7.972019199999999528e-02 -6.118038000000000122e-03 3.577616691999999876e+00 7.386030000000000026e-04 9.626614999999999478e-02 -1.061171999999999983e-03 9.953548309999999955e-01
1.703784397487721920e+09 8.627936199999999833e-02 -6.332270000000000086e-03 3.616775512999999886e+00 2.595591999999999865e-03 8.835914000000000268e-02 -1.163984000000000069e-03 9.960846300000000264e-01
1.703784397906198263e+09 9.174701600000000068e-02 -6.639907999999999921e-03 3.656539439999999974e+00 3.006098000000000017e-03 7.374873799999999424e-02 -5.426709999999999954e-04 9.972721930000000290e-01
1.703784398361955643e+09 9.522245799999999594e-02 -5.967196999999999606e-03 3.700436591999999969e+00 2.984461999999999792e-03 5.484696099999999963e-02 -1.246127000000000085e-03 9.984895590000000265e-01
1.703784398740839243e+09 9.729706500000000202e-02 -6.313209000000000182e-03 3.737688780000000044e+00 1.158530000000000063e-03 3.632909799999999717e-02 -1.260660999999999943e-03 9.993384480000000458e-01
1.703784399153213501e+09 9.764932799999999358e-02 -6.323554000000000327e-03 3.777878999999999987e+00 4.580470000000000006e-04 1.807386399999999851e-02 -2.500620000000000056e-04 9.998365040000000148e-01
1.703784399567852020e+09 9.647396199999999644e-02 -6.944806999999999890e-03 3.817866087000000075e+00 -4.605930000000000267e-04 -7.036800000000000390e-04 -7.868999999999999910e-04 9.999993440000000122e-01
1.703784400028630495e+09 9.294005499999999365e-02 -6.457418000000000359e-03 3.861656426999999780e+00 4.456490000000000017e-04 -2.079268700000000067e-02 -6.243419999999999526e-04 9.997835160000000387e-01
1.703784400568147182e+09 8.917526200000000514e-02 -5.965912999999999772e-03 3.913822412000000028e+00 -9.003789999999999797e-04 -2.776715899999999959e-02 -7.377349999999999967e-04 9.996137619999999613e-01
1.703784401025223494e+09 8.641336099999999409e-02 -6.241383999999999994e-03 3.958543301000000181e+00 -1.775183999999999963e-03 -2.870698799999999926e-02 -8.841269999999999598e-04 9.995859270000000407e-01
1.703784401401805162e+09 8.347097800000000123e-02 -5.974669999999999634e-03 3.994574307999999796e+00 -2.153860999999999970e-03 -2.803863599999999873e-02 -2.076327000000000207e-03 9.996023769999999864e-01
1.703784401863027573e+09 8.264871699999999655e-02 -6.199490999999999682e-03 4.038150310999999881e+00 -1.006984000000000047e-03 -2.188208900000000040e-02 -1.625010999999999990e-03 9.997587799999999580e-01
1.703784402275722980e+09 7.938542199999999716e-02 -6.658523999999999866e-03 4.077521800999999613e+00 -1.193390000000000038e-04 -3.514586000000000099e-02 -8.460149999999999832e-04 9.993818399999999658e-01
1.703784402774344921e+09 7.437962300000000582e-02 -5.181210999999999803e-03 4.126080512999999783e+00 -1.264558000000000045e-03 -3.233145500000000200e-02 -1.751030999999999898e-03 9.994748829999999806e-01
1.703784403274768114e+09 7.257675399999999333e-02 -5.589567999999999620e-03 4.173546314000000201e+00 -1.498098999999999915e-03 -2.321890700000000043e-02 -1.095831000000000019e-03 9.997286800000000362e-01
1.703784403733187675e+09 7.068771100000000029e-02 -5.689386999999999743e-03 4.216860771000000341e+00 -1.176346999999999896e-03 -2.740130799999999922e-02 -1.057891000000000040e-03 9.996232990000000207e-01
1.703784404231219769e+09 6.937583499999999681e-02 -5.678380000000000233e-03 4.264644622999999690e+00 -2.571817000000000113e-03 -2.494675999999999838e-02 -1.277899999999999999e-03 9.996846910000000141e-01
1.703784404732118130e+09 6.650336099999999695e-02 -5.591487000000000020e-03 4.311774730999999861e+00 1.999529999999999797e-03 -2.793007200000000023e-02 -9.243040000000000327e-04 9.996074440000000116e-01
1.703784405233093262e+09 6.463982199999999956e-02 -5.848016999999999625e-03 4.359414100999999597e+00 7.246769999999999601e-04 -1.875390099999999990e-02 -3.066000000000000122e-05 9.998238680000000045e-01
1.703784405735160589e+09 6.454719600000000113e-02 -5.452163000000000322e-03 4.406488419000000434e+00 -1.681053999999999968e-03 -6.239722999999999971e-03 -6.714240000000000009e-04 9.999789000000000039e-01
1.703784406312803268e+09 6.540856500000000184e-02 -5.652014999999999817e-03 4.461542129999999773e+00 5.276459999999999961e-04 -2.067088999999999819e-03 -8.121339999999999462e-04 9.999973770000000206e-01
1.703784406815135241e+09 6.542795899999999387e-02 -6.104301000000000345e-03 4.509676932999999721e+00 -3.814639999999999784e-04 3.270668999999999920e-03 1.650579999999999907e-04 9.999945759999999684e-01
1.703784407353454590e+09 6.750701400000000407e-02 -5.675714999999999580e-03 4.560335159000000083e+00 2.710100000000000226e-04 1.231140399999999975e-02 -8.837860000000000117e-04 9.999238249999999883e-01
1.703784407852996111e+09 6.957791000000000670e-02 -5.669958000000000116e-03 4.607594966999999819e+00 7.181750000000000416e-04 1.813710099999999922e-02 -1.473733999999999982e-03 9.998341800000000168e-01
1.703784408353765011e+09 7.157057499999999739e-02 -6.046382000000000319e-03 4.654929637999999592e+00 6.823229999999999790e-04 2.307122199999999887e-02 -1.362439000000000011e-03 9.997326730000000161e-01
1.703784408811273813e+09 7.274007100000000337e-02 -5.258808999999999706e-03 4.700120926000000310e+00 -6.262719999999999832e-04 1.805994699999999981e-02 -2.064157000000000058e-03 9.998345969999999916e-01
1.703784409310340643e+09 7.174626700000000246e-02 -5.634491000000000152e-03 4.746800900000000212e+00 -6.405290000000000332e-04 4.614199999999999725e-03 -2.074981999999999955e-03 9.999870060000000116e-01
1.703784409810660124e+09 7.257884000000000557e-02 -6.251572000000000379e-03 4.794010638999999685e+00 -3.295010000000000018e-04 8.904185999999999698e-03 -1.917480999999999960e-03 9.999584559999999955e-01
1.703784410516478539e+09 7.138072700000000492e-02 -4.366992999999999570e-03 4.847222327999999969e+00 -2.321525000000000064e-03 -1.065398199999999934e-02 -2.002059999999999951e-03 9.999385480000000381e-01
1.703784411062462091e+09 7.315538800000000175e-02 -4.751257000000000050e-03 4.878493785999999943e+00 1.017859000000000081e-03 4.842021000000000172e-03 -1.637655999999999921e-03 9.999864699999999607e-01
1.703784411559430838e+09 7.779237599999999642e-02 -5.201899000000000280e-03 4.926502704999999871e+00 -5.388860000000000308e-04 2.963585599999999862e-02 -9.344579999999999900e-04 9.995601769999999942e-01
1.703784412099360943e+09 8.186452099999999565e-02 -4.924058999999999728e-03 4.977204799999999985e+00 -1.092295000000000071e-03 3.557784499999999683e-02 -1.144735999999999931e-03 9.993656869999999470e-01
1.703784412640306711e+09 8.851354599999999850e-02 -4.941410999999999720e-03 5.027898311999999592e+00 3.064930000000000215e-04 6.019900400000000040e-02 -4.280630000000000112e-04 9.981862900000000316e-01
1.703784413266340971e+09 9.894281600000000287e-02 -5.189682000000000149e-03 5.086404324000000088e+00 -1.491392999999999929e-03 9.225501899999999367e-02 -1.584880000000000045e-04 9.957342740000000303e-01
1.703784413930820465e+09 1.155574550000000034e-01 -5.549021999999999809e-03 5.146614551999999954e+00 3.361530000000000052e-04 1.171872540000000046e-01 6.596430000000000132e-04 9.931095840000000452e-01
1.703784414513478518e+09 1.312367769999999989e-01 -6.611070000000000141e-03 5.198766231999999654e+00 1.282268999999999944e-03 1.433262230000000026e-01 -1.785490999999999944e-03 9.896730780000000394e-01
1.703784415055097342e+09 1.475258769999999997e-01 -5.766440000000000281e-03 5.248079777000000057e+00 -8.553249999999999872e-04 1.547905209999999865e-01 -1.611653999999999908e-03 9.879456159999999709e-01
1.703784415638027430e+09 1.661342379999999896e-01 -7.320814000000000141e-03 5.299736023000000351e+00 -2.173078000000000162e-03 1.613778919999999950e-01 -5.401540000000000464e-04 9.868901970000000246e-01
1.703784416179543018e+09 1.802276670000000081e-01 -6.885862000000000406e-03 5.348670958999999669e+00 -3.581300000000000152e-04 1.532436010000000071e-01 -2.271538999999999937e-03 9.881857630000000503e-01
1.703784416720911980e+09 1.929972769999999949e-01 -6.473818000000000107e-03 5.397419929999999866e+00 -2.534007999999999920e-03 1.335267719999999880e-01 -1.936718999999999941e-03 9.910400510000000329e-01
1.703784417263200283e+09 1.942638459999999900e-01 -6.337299000000000231e-03 5.433238982999999855e+00 -8.976169999999999679e-04 8.051633800000000674e-02 -9.827639999999999033e-04 9.967523809999999651e-01
1.703784418342986584e+09 1.885061120000000034e-01 -5.061463000000000420e-03 5.514262199000000031e+00 -9.383339999999999780e-04 -2.361635299999999965e-02 -3.102569999999999807e-04 9.997206330000000252e-01
1.703784419550582886e+09 1.636371909999999874e-01 -3.546748000000000175e-03 5.617342949000000196e+00 -3.134741999999999824e-03 -1.099756729999999960e-01 2.019400000000000012e-05 9.939293860000000258e-01
1.703784420050364256e+09 1.500341890000000122e-01 -3.597267999999999820e-03 5.662775993000000341e+00 -3.925905999999999840e-03 -1.316232830000000076e-01 1.134479000000000086e-03 9.912914040000000426e-01
1.703784420634862900e+09 1.303635539999999926e-01 -2.341184999999999967e-03 5.715610503999999814e+00 -5.323284999999999649e-03 -1.579539779999999949e-01 2.296570000000000002e-04 9.874321219999999677e-01
1.703784421136337996e+09 1.124784050000000035e-01 -1.459369999999999981e-03 5.758084296999999907e+00 -2.652171999999999950e-03 -1.805526020000000065e-01 -4.628699999999999915e-05 9.835617540000000103e-01
1.703784421715471506e+09 8.973030699999999527e-02 -1.371664000000000086e-03 5.808534145000000315e+00 -3.453392999999999914e-03 -2.063317149999999989e-01 6.221010000000000125e-04 9.784758089999999742e-01
1.703784422258692980e+09 6.429859999999999742e-02 -1.939074000000000049e-03 5.853352547000000072e+00 -5.098522999999999770e-03 -2.312736810000000087e-01 -8.399450000000000362e-04 9.728749989999999626e-01
1.703784422717180490e+09 4.336228999999999778e-02 -1.826286000000000099e-03 5.890765667000000150e+00 -6.034455999999999674e-03 -2.519270780000000265e-01 4.083110000000000146e-04 9.677273039999999549e-01
1.703784423215050459e+09 1.757585999999999871e-02 -1.328444999999999930e-03 5.931918621000000336e+00 -5.396640999999999765e-03 -2.744876150000000181e-01 5.559799999999999860e-05 9.615755080000000232e-01
1.703784424131547451e+09 -3.535234899999999819e-02 -7.382759999999999496e-04 6.000229835999999928e+00 -4.475159000000000255e-03 -3.175142409999999749e-01 4.197599999999999791e-04 9.482428429999999464e-01
1.703784424589291811e+09 -6.328171500000000227e-02 -2.088974999999999860e-03 6.033404349999999638e+00 -5.292024999999999681e-03 -3.367862999999999829e-01 1.358866000000000024e-03 9.415652749999999793e-01
1.703784425046931982e+09 -9.234636999999999707e-02 -2.656261000000000039e-03 6.064393996999999814e+00 -3.278263000000000010e-03 -3.604188260000000255e-01 2.440012000000000084e-03 9.327816370000000523e-01
1.703784425547460079e+09 -1.285117859999999890e-01 -1.123321999999999949e-03 6.096508026000000413e+00 -4.273184999999999657e-03 -3.846388760000000184e-01 1.679717000000000059e-03 9.230557080000000303e-01
1.703784425964196682e+09 -1.581119300000000116e-01 -1.402999999999999950e-03 6.122567176999999639e+00 -4.248911000000000181e-03 -4.069416820000000268e-01 8.644259999999999531e-04 9.134439229999999910e-01
1.703784426378826380e+09 -1.898468729999999993e-01 -5.218780000000000337e-04 6.145520687000000315e+00 -6.540452999999999892e-03 -4.285131099999999749e-01 1.672403000000000041e-03 9.035103920000000510e-01
1.703784426851080894e+09 -2.255678180000000033e-01 8.115789999999999896e-04 6.168534755999999675e+00 -6.265624000000000020e-03 -4.524035450000000180e-01 8.706309999999999657e-04 8.917909259999999838e-01
1.703784427212206841e+09 -2.560353280000000065e-01 1.032593000000000052e-03 6.186268806000000176e+00 -6.697513999999999898e-03 -4.784647229999999807e-01 4.155060000000000025e-04 8.780811429999999529e-01
1.703784427586580038e+09 -2.840945719999999897e-01 4.506989999999999890e-04 6.199913978999999742e+00 -5.540098000000000245e-03 -5.047904850000000110e-01 1.587786000000000102e-03 8.632226589999999478e-01
1.703784428006715298e+09 -3.201844690000000271e-01 1.157789999999999904e-03 6.214262962000000279e+00 -6.628056999999999699e-03 -5.341192479999999909e-01 1.914256000000000030e-03 8.453810809999999787e-01
1.703784428376793385e+09 -3.492643830000000116e-01 5.964170000000000192e-04 6.225301743000000165e+00 -5.772570000000000305e-03 -5.600593689999999736e-01 3.207263000000000128e-03 8.284261819999999554e-01
1.703784428754289627e+09 -3.780665400000000065e-01 1.166513000000000098e-03 6.232045173999999577e+00 -4.804366000000000018e-03 -5.857468839999999677e-01 2.486011000000000210e-03 8.104760050000000549e-01
1.703784429126624584e+09 -4.126133920000000233e-01 1.302655999999999909e-03 6.237978457999999726e+00 -6.336299000000000098e-03 -6.155662539999999794e-01 1.895999999999999899e-03 7.880573870000000536e-01
1.703784429542188883e+09 -4.400725360000000141e-01 1.313790999999999917e-03 6.239205837000000088e+00 -6.052614999999999905e-03 -6.468961829999999580e-01 2.070277000000000141e-03 7.625512479999999593e-01
1.703784429963727713e+09 -4.641103739999999922e-01 1.188627999999999950e-03 6.239299774000000021e+00 -6.230778000000000184e-03 -6.701819300000000368e-01 2.694370000000000185e-03 7.421658039999999845e-01
1.703784430344179153e+09 -4.809513089999999935e-01 1.014289000000000033e-03 6.239671229999999902e+00 -4.674804999999999759e-03 -6.808024049999999994e-01 4.448058000000000393e-03 7.324387430000000032e-01
1.703784430750503540e+09 -5.186071399999999665e-01 1.790967000000000080e-03 6.240330696000000010e+00 -7.425924999999999887e-03 -6.907440419999999470e-01 2.852770000000000132e-03 7.230556009999999922e-01
1.703784431124406576e+09 -5.544652939999999974e-01 2.418190000000000183e-03 6.241756915999999933e+00 -6.646904999999999827e-03 -6.881096960000000484e-01 2.541160000000000207e-03 7.255718110000000109e-01
1.703784431542207718e+09 -5.927252769999999948e-01 2.336949000000000057e-03 6.245818137999999742e+00 -6.743527000000000028e-03 -6.763694879999999632e-01 2.786977999999999851e-03 7.365263699999999858e-01
1.703784432002441168e+09 -6.359586720000000026e-01 2.871938000000000095e-03 6.247006415999999618e+00 -6.293772999999999902e-03 -6.934748290000000148e-01 2.395313999999999950e-03 7.204493880000000239e-01
1.703784432374034405e+09 -6.710748669999999638e-01 2.723011999999999915e-03 6.245866775999999732e+00 -6.205976999999999674e-03 -7.068076129999999457e-01 2.445820000000000025e-03 7.073743940000000174e-01
1.703784432874265671e+09 -7.169313430000000542e-01 2.953547999999999851e-03 6.242945671000000196e+00 -6.093376999999999648e-03 -7.128050919999999735e-01 2.555832999999999976e-03 7.013310790000000239e-01
1.703784433288340807e+09 -7.568922040000000129e-01 4.311780999999999774e-03 6.244046688000000067e+00 -6.743172000000000402e-03 -7.076069710000000290e-01 2.184600000000000083e-03 7.065706849999999761e-01
1.703784433789597988e+09 -8.030977249999999845e-01 4.259311000000000000e-03 6.240233421000000114e+00 -6.721663000000000117e-03 -7.214016319999999594e-01 2.770984000000000207e-03 6.924787759999999626e-01
1.703784434204754829e+09 -8.418388369999999510e-01 4.338632999999999726e-03 6.239393233999999566e+00 -6.140455000000000392e-03 -7.159231310000000459e-01 1.188533999999999988e-03 6.981511120000000181e-01
1.703784434705048084e+09 -8.874073030000000362e-01 4.360883999999999767e-03 6.241692543000000093e+00 -6.290730999999999927e-03 -7.006199360000000542e-01 2.479246999999999961e-03 7.135026450000000464e-01
1.703784435205577612e+09 -9.332232480000000052e-01 4.032698000000000359e-03 6.243994713000000196e+00 -5.113557000000000345e-03 -6.822667119999999974e-01 3.210063999999999886e-03 7.310784460000000484e-01
1.703784435711984396e+09 -9.796419140000000025e-01 3.799245000000000139e-03 6.250963687999999685e+00 -4.895955999999999919e-03 -6.614217159999999929e-01 3.735596999999999789e-03 7.499889140000000065e-01
1.703784436162327051e+09 -1.021937370000000067e+00 4.476634999999999642e-03 6.257651806000000150e+00 -5.043053999999999940e-03 -6.573188300000000206e-01 3.129116999999999836e-03 7.535892130000000355e-01
1.703784436577383995e+09 -1.060962200000000077e+00 5.273729999999999911e-03 6.261866093000000077e+00 -7.133434000000000129e-03 -6.644058819999999477e-01 2.783031999999999954e-03 7.473326919999999651e-01
1.703784436994940519e+09 -1.099395275000000005e+00 5.766142000000000142e-03 6.262946129000000361e+00 -5.611114999999999853e-03 -6.823279260000000290e-01 2.562295000000000024e-03 7.310202120000000026e-01
1.703784437494896173e+09 -1.145413398999999943e+00 5.609644999999999909e-03 6.266692638000000315e+00 -5.326408000000000358e-03 -6.759487990000000446e-01 4.111224999999999602e-03 7.369178530000000116e-01
1.703784437952537298e+09 -1.188008785000000067e+00 6.178821000000000140e-03 6.273170947999999747e+00 -5.166831999999999675e-03 -6.608775260000000484e-01 3.537333000000000144e-03 7.504676580000000374e-01
1.703784438368616819e+09 -1.226470946999999923e+00 6.954108999999999985e-03 6.275967598000000258e+00 -5.423863000000000122e-03 -6.722101569999999748e-01 3.148248000000000192e-03 7.403337960000000439e-01
1.703784438869476080e+09 -1.272267341999999912e+00 7.001592000000000059e-03 6.279048920000000145e+00 -4.011062000000000134e-03 -6.697855000000000336e-01 3.589455999999999983e-03 7.425351140000000516e-01
1.703784439367735624e+09 -1.317700147999999905e+00 6.146215000000000012e-03 6.286024570000000367e+00 -4.052286999999999903e-03 -6.536431310000000439e-01 4.282882000000000008e-03 7.567799689999999968e-01
1.703784439824687243e+09 -1.358953714000000090e+00 6.068796000000000433e-03 6.295614718999999582e+00 -5.290391999999999664e-03 -6.374719140000000284e-01 3.427031999999999995e-03 7.704478500000000452e-01
1.703784440367158890e+09 -1.406726836999999897e+00 6.699054000000000293e-03 6.307306289999999649e+00 -4.284597999999999705e-03 -6.218348150000000407e-01 3.835170000000000159e-03 7.831273079999999664e-01
1.703784440871211767e+09 -1.452173710000000062e+00 6.903588999999999906e-03 6.319967746999999747e+00 -5.171438000000000423e-03 -6.048473720000000498e-01 3.912909000000000005e-03 7.963150140000000432e-01
1.703784441411372185e+09 -1.499777555000000095e+00 7.926512999999999615e-03 6.335613250999999835e+00 -5.639248999999999824e-03 -5.873646139999999516e-01 2.289048000000000124e-03 8.092995880000000142e-01
1.703784441918869734e+09 -1.540963410999999894e+00 8.087949000000000527e-03 6.353231430000000124e+00 -5.425814000000000158e-03 -5.692496299999999509e-01 2.427739999999999846e-03 8.221433160000000129e-01
1.703784442448030710e+09 -1.585392952000000077e+00 8.368321999999999219e-03 6.373951435000000387e+00 -5.073199999999999932e-03 -5.532945390000000296e-01 3.703121000000000190e-03 8.329619769999999646e-01
1.703784442990433455e+09 -1.631259561000000025e+00 8.726716000000000681e-03 6.393617629999999608e+00 -4.876517000000000351e-03 -5.410825609999999619e-01 4.102719000000000331e-03 8.409453630000000013e-01
1.703784443617331028e+09 -1.682859539999999932e+00 8.721136000000000860e-03 6.417782783999999907e+00 -3.029458000000000064e-03 -5.331707599999999658e-01 5.202650999999999977e-03 8.459862470000000245e-01
1.703784444198184967e+09 -1.731862186999999942e+00 9.385018000000000180e-03 6.440376281999999897e+00 -4.068923999999999805e-03 -5.388415460000000046e-01 4.114150999999999919e-03 8.423872589999999994e-01
1.703784444778610468e+09 -1.778934360000000048e+00 9.507758999999999308e-03 6.462425232000000186e+00 -4.592877000000000418e-03 -5.407975320000000252e-01 4.634056000000000113e-03 8.411275150000000478e-01
1.703784445280934811e+09 -1.819834589999999919e+00 1.084523599999999942e-02 6.484736919000000377e+00 -4.954319000000000431e-03 -5.199744109999999697e-01 4.948333000000000072e-03 8.541532160000000484e-01
1.703784445694954634e+09 -1.853056191999999935e+00 1.123902599999999918e-02 6.504373550000000392e+00 -5.014784999999999902e-03 -5.022500159999999658e-01 2.929922000000000169e-03 8.647029400000000310e-01
1.703784446072621107e+09 -1.883442521000000092e+00 1.096950799999999934e-02 6.518870353999999701e+00 -5.519310000000000362e-03 -5.156236889999999962e-01 3.363118000000000010e-03 8.567907809999999458e-01
1.703784446536723137e+09 -1.921380757999999966e+00 1.129297800000000039e-02 6.538439751000000300e+00 -6.623549000000000277e-03 -5.204816460000000200e-01 3.867666000000000073e-03 8.538384439999999742e-01
1.703784446903414726e+09 -1.951388359000000072e+00 1.182319800000000004e-02 6.554690360999999577e+00 -5.031227999999999569e-03 -5.114478470000000110e-01 4.005794000000000021e-03 8.592902420000000374e-01
1.703784447281284571e+09 -1.980416893999999983e+00 1.188357200000000023e-02 6.571169852999999783e+00 -3.992998000000000207e-03 -4.999644160000000226e-01 4.206872000000000389e-03 8.660265799999999903e-01
1.703784447691877365e+09 -2.011451720999999804e+00 1.277869899999999927e-02 6.592306613999999954e+00 -4.038261999999999928e-03 -4.859510360000000029e-01 4.732164999999999982e-03 8.739639519999999884e-01
1.703784448067498684e+09 -2.037743807000000018e+00 1.268669799999999973e-02 6.614477157999999690e+00 -3.485395000000000073e-03 -4.660412369999999971e-01 6.655198999999999664e-03 8.847311140000000407e-01
1.703784448484217644e+09 -2.068418503000000186e+00 1.318936799999999993e-02 6.637048721000000207e+00 -3.534171000000000014e-03 -4.521527590000000152e-01 6.846889999999999574e-03 8.919072749999999994e-01
1.703784448904161215e+09 -2.097262859000000201e+00 1.428157499999999948e-02 6.662188529999999886e+00 -3.448636000000000149e-03 -4.312857990000000252e-01 6.931388000000000132e-03 9.021821620000000097e-01
1.703784449363819361e+09 -2.126007318000000090e+00 1.298255499999999979e-02 6.691524028999999985e+00 -4.149128000000000191e-03 -4.060574169999999761e-01 7.459584000000000006e-03 9.138077500000000297e-01
1.703784449774978876e+09 -2.151945114000000103e+00 1.362319700000000008e-02 6.719591617999999933e+00 -3.968715000000000263e-03 -3.733588460000000220e-01 6.507114999999999948e-03 9.276556969999999458e-01
1.703784450191892624e+09 -2.174507617999999809e+00 1.390035300000000071e-02 6.750616550000000160e+00 -4.626347000000000272e-03 -3.361769319999999839e-01 6.576173000000000261e-03 9.417645340000000420e-01
1.703784450525881529e+09 -2.190239667999999806e+00 1.422972999999999946e-02 6.775762558000000269e+00 -3.976862000000000279e-03 -3.055289689999999836e-01 6.290127999999999865e-03 9.521536830000000284e-01
1.703784450857978582e+09 -2.205629349000000072e+00 1.454135999999999970e-02 6.802034378000000103e+00 -3.779080000000000199e-03 -2.769821579999999783e-01 6.205666000000000307e-03 9.608476160000000155e-01
1.703784451249475956e+09 -2.222267151000000052e+00 1.482292500000000068e-02 6.833235741000000196e+00 -5.286624999999999658e-03 -2.540147300000000219e-01 4.405412000000000043e-03 9.671759009999999490e-01
1.703784451565189600e+09 -2.235439300999999990e+00 1.463103099999999920e-02 6.859242916000000356e+00 -2.688324000000000182e-03 -2.455150779999999977e-01 5.271211999999999946e-03 9.693747759999999936e-01
1.703784451898451805e+09 -2.247966528000000075e+00 1.490811400000000009e-02 6.885619164000000403e+00 -2.280261000000000007e-03 -2.392335529999999877e-01 6.037609000000000205e-03 9.709405899999999923e-01
1.703784452232605457e+09 -2.262285708999999922e+00 1.578925499999999857e-02 6.913182735000000356e+00 -5.924002000000000261e-03 -2.287584249999999875e-01 7.271556000000000200e-03 9.734380249999999846e-01
1.703784452563009024e+09 -2.275178193999999987e+00 1.617225300000000102e-02 6.942708968999999897e+00 -1.031717499999999961e-02 -2.273235170000000027e-01 9.069732000000000488e-03 9.737223980000000445e-01
1.703784453189680576e+09 -2.299664259000000044e+00 1.795630499999999879e-02 6.993854046000000046e+00 -1.263865399999999917e-02 -2.240742149999999933e-01 6.023034000000000027e-03 9.744715090000000135e-01
1.703784453523366690e+09 -2.315716028000000204e+00 1.802050300000000022e-02 7.018570900000000279e+00 -7.247268000000000286e-03 -2.224284410000000045e-01 -4.433666000000000169e-03 9.749119880000000071e-01
1.703784453857730627e+09 -2.330041409000000119e+00 1.768904599999999994e-02 7.042623042999999861e+00 -2.253443999999999846e-03 -2.392214540000000000e-01 -2.450968999999999891e-03 9.709593650000000187e-01
1.703784454187937260e+09 -2.340945243999999814e+00 1.546889400000000039e-02 7.064785480000000284e+00 7.480473999999999977e-03 -2.472536120000000115e-01 1.972892999999999869e-03 9.689199330000000110e-01
1.703784454482977629e+09 -2.349118233000000000e+00 1.610147199999999862e-02 7.082555293999999613e+00 1.021456599999999958e-02 -2.508691849999999945e-01 6.341555999999999929e-03 9.679463510000000381e-01
1.703784454813486338e+09 -2.362445592999999899e+00 1.634854800000000094e-02 7.110722065000000036e+00 4.839867999999999774e-03 -2.295934109999999972e-01 1.926416000000000022e-03 9.732726809999999729e-01
1.703784455519612789e+09 -2.385078668999999874e+00 1.575388800000000061e-02 7.170982361000000083e+00 3.482096000000000063e-03 -1.900624330000000028e-01 1.841500999999999945e-03 9.817641379999999529e-01
1.703784455894773245e+09 -2.393112182999999948e+00 1.634373500000000159e-02 7.203531264999999628e+00 1.371306999999999995e-03 -1.721648869999999887e-01 2.552614999999999832e-03 9.850639100000000425e-01
1.703784456269688845e+09 -2.403964043000000217e+00 1.663284400000000079e-02 7.236402511999999732e+00 -9.320710000000000280e-04 -1.510052080000000019e-01 2.013376999999999788e-03 9.885304569999999735e-01
1.703784456644861698e+09 -2.411922693000000173e+00 1.663948800000000089e-02 7.269790172999999633e+00 -3.754375999999999807e-03 -1.320523769999999986e-01 1.624159000000000019e-03 9.912343030000000388e-01
1.703784457022609949e+09 -2.418258189999999974e+00 1.755513800000000138e-02 7.303470135000000418e+00 -5.165684000000000248e-03 -1.094063069999999943e-01 7.539870000000000166e-04 9.939834480000000472e-01
1.703784457354820967e+09 -2.423815250000000088e+00 1.778550400000000059e-02 7.332364559000000170e+00 -5.042757000000000142e-03 -9.717299000000000075e-02 1.033468999999999968e-03 9.952542189999999955e-01
1.703784457729942560e+09 -2.430090665999999899e+00 1.826411899999999880e-02 7.364393233999999566e+00 -4.652868000000000108e-03 -7.741580900000000209e-02 5.800070000000000052e-04 9.969878789999999658e-01
1.703784458059218645e+09 -2.432899236999999992e+00 1.759803700000000040e-02 7.392720222000000341e+00 -5.155902000000000401e-03 -5.909556900000000057e-02 1.392090000000000016e-04 9.982390399999999664e-01
1.703784458434899569e+09 -2.433645487000000163e+00 1.791727499999999987e-02 7.426954269000000330e+00 -4.344004000000000268e-03 -4.070743899999999804e-02 -2.551109999999999771e-04 9.991616610000000342e-01
1.703784458810730696e+09 -2.435035467000000065e+00 1.884130800000000105e-02 7.460091591000000300e+00 -4.918175999999999798e-03 -3.427722300000000250e-02 1.275260000000000120e-04 9.994002579999999858e-01
1.703784459188069105e+09 -2.438775063000000021e+00 1.929012899999999961e-02 7.493161677999999881e+00 -3.325283000000000058e-03 -4.532740999999999854e-02 1.536060000000000062e-04 9.989666339999999645e-01
1.703784459603581667e+09 -2.443847179000000036e+00 1.923873599999999934e-02 7.528881550000000367e+00 -2.599292999999999916e-03 -5.692040500000000031e-02 1.316195999999999946e-03 9.983745219999999865e-01
1.703784460015856266e+09 -2.450226306999999881e+00 2.023205499999999879e-02 7.565266131999999644e+00 -2.682225999999999794e-03 -6.867393099999999362e-02 1.117406999999999949e-03 9.976349469999999942e-01
1.703784460436073303e+09 -2.456604718999999992e+00 1.988863199999999984e-02 7.601086139999999602e+00 -1.887285999999999955e-03 -7.891748099999999766e-02 1.677282999999999899e-03 9.968779679999999477e-01
1.703784460890478611e+09 -2.462407826999999827e+00 2.127013399999999957e-02 7.641356467999999680e+00 -3.313665999999999834e-03 -7.378835200000000150e-02 1.684595000000000103e-03 9.972670080000000103e-01
1.703784461309705019e+09 -2.467191457999999837e+00 2.137263299999999852e-02 7.677788257999999644e+00 -3.263569999999999926e-03 -7.209903700000000470e-02 1.107841000000000034e-03 9.973915220000000303e-01
1.703784461809442043e+09 -2.474153279999999899e+00 2.186161099999999954e-02 7.721344947999999597e+00 -4.364592999999999945e-03 -7.049678299999999342e-02 1.448435999999999994e-03 9.975014330000000484e-01
1.703784462308709383e+09 -2.479823112000000052e+00 2.235131900000000144e-02 7.765085219999999566e+00 -4.588484999999999786e-03 -5.902487800000000284e-02 6.724640000000000045e-04 9.982457160000000052e-01
1.703784462766255617e+09 -2.482648611000000116e+00 2.237820399999999876e-02 7.805432320000000423e+00 -4.308822000000000346e-03 -4.978799099999999672e-02 1.386616999999999928e-03 9.987495539999999838e-01
1.703784463265739918e+09 -2.485928058999999912e+00 2.266424900000000089e-02 7.849166870000000351e+00 -2.484164000000000077e-03 -3.756110700000000330e-02 1.398209000000000084e-03 9.992902869999999993e-01
1.703784463721227407e+09 -2.487714766999999938e+00 2.353400699999999915e-02 7.888543129000000320e+00 -2.038237999999999942e-03 -2.839506600000000006e-02 2.380052000000000122e-03 9.995918870000000123e-01
1.703784464224749088e+09 -2.489588021999999956e+00 2.393617699999999945e-02 7.932974814999999680e+00 -3.128455000000000038e-03 -1.864340700000000073e-02 1.716908000000000063e-03 9.998198149999999451e-01
1.703784464719865561e+09 -2.488970517999999910e+00 2.398091899999999985e-02 7.977042198000000361e+00 -3.912462999999999705e-03 -2.656968999999999911e-03 1.982032999999999798e-03 9.999868870000000465e-01
1.703784465179252625e+09 -2.487488747000000000e+00 2.461956100000000161e-02 8.016874313000000640e+00 -2.728721999999999832e-03 1.141511899999999961e-02 1.339218000000000092e-03 9.999302629999999859e-01
1.703784465637840748e+09 -2.484792232999999850e+00 2.444726399999999980e-02 8.056355476000000237e+00 -3.185674999999999792e-03 2.391720899999999830e-02 1.541117999999999958e-03 9.997076990000000052e-01
1.703784466180708170e+09 -2.481527090000000157e+00 2.462795400000000051e-02 8.103926659000000754e+00 -1.605387000000000003e-03 2.703481199999999834e-02 1.866438999999999902e-03 9.996314640000000251e-01
1.703784466716826916e+09 -2.480851411999999812e+00 2.516959599999999894e-02 8.151861191000000062e+00 -2.000590000000000007e-03 2.084992600000000126e-02 1.755105999999999984e-03 9.997791050000000013e-01
1.703784467219866276e+09 -2.481161594000000026e+00 2.548288199999999837e-02 8.195592879999999525e+00 -1.457336000000000048e-03 7.575565999999999724e-03 1.072662999999999959e-03 9.999696609999999541e-01
1.703784467680591106e+09 -2.481847763000000207e+00 2.569769699999999851e-02 8.236215591000000558e+00 -2.463176999999999988e-03 -9.025689999999999841e-04 6.618579999999999776e-04 9.999963640000000265e-01
1.703784468219374418e+09 -2.484899997999999943e+00 2.616713000000000025e-02 8.278968811000000372e+00 -3.513792999999999864e-03 -2.430025300000000082e-02 5.031330000000000090e-04 9.996983999999999870e-01
1.703784468757772684e+09 -2.484082699000000005e+00 2.619407899999999859e-02 8.321543694000000713e+00 -3.496073000000000149e-03 -2.897723999999999960e-03 8.661400000000000522e-04 9.999893309999999813e-01
1.703784469299648285e+09 -2.481573581999999778e+00 2.663391600000000053e-02 8.369188309000000103e+00 -3.653677000000000140e-03 2.041522000000000128e-02 3.324150000000000217e-04 9.997848870000000110e-01
1.703784469842635870e+09 -2.477082967999999941e+00 2.712297300000000161e-02 8.416325568999999618e+00 -2.609063000000000007e-03 4.453191199999999988e-02 3.788619999999999922e-04 9.990044829999999987e-01
1.703784470301055193e+09 -2.470241547000000093e+00 2.760388500000000161e-02 8.456543921999999824e+00 -2.738729000000000077e-03 6.475128199999999334e-02 1.209770000000000040e-04 9.978976849999999787e-01
1.703784470715982437e+09 -2.464463471999999822e+00 2.802468099999999920e-02 8.492808342000000010e+00 -3.546174000000000028e-03 7.125560200000000122e-02 -4.037059999999999867e-04 9.974517229999999568e-01
1.703784471217145205e+09 -2.459690332000000090e+00 2.793505799999999872e-02 8.535967827000000341e+00 -2.791404999999999841e-03 6.030210099999999684e-02 1.195937999999999906e-03 9.981755610000000445e-01
1.703784471671898365e+09 -2.453012227999999961e+00 2.775851299999999855e-02 8.575777053999999566e+00 -2.959444999999999784e-03 7.135686300000000648e-02 6.484320000000000014e-04 9.974462990000000362e-01
1.703784472133710146e+09 -2.445054530999999809e+00 2.756365399999999993e-02 8.613656044000000733e+00 -1.691687000000000095e-03 9.144527500000000642e-02 8.358519999999999926e-04 9.958083030000000058e-01
1.703784472589518070e+09 -2.437273502000000036e+00 2.782265100000000033e-02 8.652009963999999442e+00 3.906099999999999752e-05 8.998139900000000357e-02 3.437900000000000135e-04 9.959434270000000478e-01
1.703784473134749651e+09 -2.432332276999999987e+00 2.810874400000000148e-02 8.700421332999999535e+00 -4.239930000000000044e-04 6.623099699999999979e-02 7.968170000000000114e-04 9.978039260000000077e-01
1.703784473671675205e+09 -2.421431065000000160e+00 2.783026400000000039e-02 8.746231078999999298e+00 -1.283817999999999938e-03 8.940653499999999532e-02 4.420760000000000141e-04 9.959943289999999561e-01
1.703784474215915918e+09 -2.413169861000000083e+00 2.763918799999999856e-02 8.792810440000000227e+00 -2.962933000000000060e-03 1.077381069999999996e-01 6.068030000000000515e-04 9.941747189999999845e-01
1.703784474720718145e+09 -2.404719829999999892e+00 2.766140900000000138e-02 8.835698128000000651e+00 -2.812535000000000122e-03 8.735158299999999654e-02 8.124369999999999465e-04 9.961732629999999755e-01
1.703784475171024323e+09 -2.401171683999999917e+00 2.825855999999999854e-02 8.875720023999999597e+00 -3.969063999999999579e-03 6.722491999999999357e-02 8.822609999999999611e-04 9.977295990000000225e-01
1.703784475636332989e+09 -2.398191214000000127e+00 2.788478700000000116e-02 8.914060593000000310e+00 -3.235426999999999921e-03 4.579946399999999807e-02 1.459306000000000058e-03 9.989443420000000406e-01
1.703784476250406981e+09 -2.396995067999999840e+00 2.723075599999999832e-02 8.968881607000000145e+00 -4.110004999999999908e-03 1.862710199999999955e-02 1.183709000000000020e-03 9.998173710000000103e-01
1.703784476757904530e+09 -2.396045922999999966e+00 2.716292400000000148e-02 9.012209891999999556e+00 -5.820409999999999820e-03 2.667632999999999983e-03 1.869121999999999971e-03 9.999777669999999619e-01
1.703784477211759329e+09 -2.396436690999999897e+00 2.720862599999999965e-02 9.052446364999999773e+00 -5.219864999999999748e-03 -7.921378999999999226e-03 2.585509000000000158e-03 9.999516609999999917e-01
1.703784477667499781e+09 -2.396306515000000026e+00 2.762163800000000044e-02 9.092779159999999194e+00 -5.409441000000000076e-03 -4.997401999999999747e-03 2.161062999999999960e-03 9.999705549999999832e-01
1.703784478171817064e+09 -2.397283316000000220e+00 2.856536999999999965e-02 9.136415482000000310e+00 -5.582580999999999655e-03 -5.662366999999999748e-03 1.833166999999999913e-03 9.999667410000000478e-01
1.703784478623809338e+09 -2.398722171999999819e+00 2.750220899999999968e-02 9.175016403000000764e+00 -5.280031999999999608e-03 -8.424170999999999396e-03 1.773473000000000020e-03 9.999490380000000123e-01
1.703784479167057753e+09 -2.399155855000000059e+00 2.766021000000000105e-02 9.221071243000000806e+00 -4.391527999999999578e-03 -7.685250999999999715e-03 1.459812999999999909e-03 9.999597669999999994e-01
1.703784479664964437e+09 -2.399957179999999912e+00 2.808785999999999922e-02 9.262706757000000124e+00 -4.565645000000000120e-03 -1.175718800000000001e-02 1.218827999999999925e-03 9.999197130000000433e-01
1.703784480165881872e+09 -2.403471231000000152e+00 2.980617099999999936e-02 9.306595802000000361e+00 -5.454012000000000270e-03 -2.950202099999999980e-02 1.425281000000000031e-03 9.995488519999999877e-01
1.703784480664410830e+09 -2.406517266999999904e+00 2.870376800000000103e-02 9.348506927000000744e+00 -6.382315000000000384e-03 -2.674506000000000105e-02 1.606804000000000088e-03 9.996206159999999619e-01
1.703784481330193520e+09 -2.403828858999999873e+00 2.910957700000000106e-02 9.406630515999999886e+00 -7.030749999999999673e-03 -4.076709999999999882e-03 2.932070000000000271e-04 9.999669190000000096e-01
1.703784481914654732e+09 -2.406604052000000049e+00 2.957074000000000161e-02 9.456316947999999556e+00 -5.368867999999999731e-03 -1.267591600000000061e-02 8.559140000000000454e-04 9.999048710000000284e-01
1.703784482497716188e+09 -2.406200171000000054e+00 3.203528700000000257e-02 9.508067131000000671e+00 -5.461688999999999607e-03 -1.301835900000000018e-02 -4.919499999999999909e-05 9.999003410000000258e-01
1.703784482995504379e+09 -2.406114577999999948e+00 3.144039199999999756e-02 9.550413131999999194e+00 -6.055528999999999600e-03 -8.522431000000000451e-03 7.911660000000000480e-04 9.999450450000000323e-01
1.703784483537739992e+09 -2.406858920999999985e+00 3.118317899999999837e-02 9.597277640999999804e+00 -5.495080999999999750e-03 -1.344807200000000015e-02 9.873180000000000497e-04 9.998940229999999652e-01
1.703784484165051460e+09 -2.408028126000000047e+00 3.154654400000000275e-02 9.650202751000000134e+00 -5.429614000000000142e-03 -1.089026700000000035e-02 7.287030000000000330e-04 9.999256730000000148e-01
1.703784484704849005e+09 -2.408981322999999897e+00 3.140877899999999778e-02 9.695516586000000103e+00 -3.783860000000000001e-03 -1.157569399999999922e-02 1.467226999999999984e-03 9.999247789999999858e-01
1.703784485204777002e+09 -2.408226490000000108e+00 3.314220899999999886e-02 9.737843512999999618e+00 -3.029051999999999960e-03 -1.395781200000000000e-02 1.857134999999999992e-03 9.998962879999999664e-01
1.703784485745387793e+09 -2.409030675999999982e+00 3.310519099999999909e-02 9.784331321999999886e+00 -6.516186000000000200e-03 -1.068950100000000056e-02 8.801769999999999993e-04 9.999212619999999774e-01
1.703784486201499939e+09 -2.409561871999999827e+00 3.367220199999999830e-02 9.823715209999999587e+00 -8.654564999999999481e-03 -6.574578999999999666e-03 7.435960000000000139e-04 9.999406929999999916e-01
1.703784486659743547e+09 -2.411620617000000077e+00 3.367846099999999981e-02 9.862473487999999122e+00 -7.895322999999999231e-03 -5.982872000000000190e-03 3.684550000000000086e-04 9.999508860000000388e-01
1.703784487243299723e+09 -2.411797523000000165e+00 3.421669799999999678e-02 9.912239075000000454e+00 -8.335601999999999248e-03 -7.656332000000000068e-03 8.777099999999999702e-04 9.999355669999999696e-01
1.703784487743228912e+09 -2.412343739999999848e+00 3.444875000000000020e-02 9.954341888000000083e+00 -6.126023999999999879e-03 -8.638361000000000650e-03 1.809636000000000100e-03 9.999423029999999768e-01
1.703784488200548172e+09 -2.413681269000000018e+00 3.550730600000000237e-02 9.993700026999999153e+00 -6.031909999999999702e-03 -1.006331000000000066e-02 1.524921999999999953e-03 9.999300239999999729e-01
1.703784488578035593e+09 -2.416435003000000137e+00 3.380595499999999864e-02 1.002477645899999992e+01 -5.484310000000000053e-03 -1.609549099999999996e-02 1.413710000000000097e-03 9.998544449999999806e-01
1.703784489120184183e+09 -2.416321516000000003e+00 3.532456199999999685e-02 1.005975151099999998e+01 -6.772028999999999722e-03 -1.960110300000000166e-02 1.819777999999999977e-03 9.997832779999999975e-01
1.703784489909689188e+09 -2.417035818000000003e+00 3.637531000000000098e-02 1.006305217699999943e+01 -5.946846999999999897e-03 -1.858530599999999935e-02 1.963588999999999959e-03 9.998076559999999890e-01
