1703784360022506240.000000 0.000000000 0.000000000 0.000000000 -0.000000000 -0.000000000 -0.000000000 1.000000000
1703784360143980544.000000 -0.000202138 0.000126412 0.010566444 0.000383332 0.000315377 -0.000265185 0.999999821
1703784360228603648.000000 -0.000184975 0.000070606 0.016652785 0.000731570 -0.000474267 -0.000528381 0.999999464
1703784360312967936.000000 -0.000513891 0.000049985 0.023110114 0.001274695 -0.001258664 -0.000740966 0.999998152
1703784360481251840.000000 -0.000917766 -0.000055205 0.036285836 0.001236778 -0.001562073 -0.001270133 0.999997199
1703784360647872000.000000 -0.001076169 -0.000100086 0.049259149 0.001223685 -0.001487315 -0.001573609 0.999996901
1703784360892391680.000000 -0.001122824 -0.000174746 0.068705305 0.001368059 -0.002334490 -0.001404224 0.999995410
1703784361145807616.000000 -0.001356707 -0.000022863 0.088294961 0.001603976 -0.001799926 -0.001323687 0.999996245
1703784361893409280.000000 -0.001544663 -0.000381417 0.145900071 0.003781996 -0.008177328 0.000264932 0.999959409
1703784362641940480.000000 -0.003656141 -0.000575589 0.204675958 0.002603912 -0.008727430 -0.000492272 0.999958396
1703784362936779008.000000 -0.003257819 -0.000392639 0.227801830 0.002384667 -0.008907341 0.000138885 0.999957502
1703784363226043136.000000 -0.003775412 -0.000196933 0.250784248 0.001711033 -0.008442705 -0.000088126 0.999962926
1703784363516011520.000000 -0.003353131 -0.000053034 0.273928225 0.001492388 -0.008891974 0.000908713 0.999958932
1703784363809858816.000000 -0.004917567 -0.000493920 0.296530783 -0.000062205 -0.008972580 0.000048791 0.999959767
1703784364390092800.000000 -0.005661085 -0.000769274 0.341271698 0.002931327 -0.009037471 0.000020991 0.999954879
1703784364683399168.000000 -0.006061890 -0.000863343 0.364519745 0.002658214 -0.010363415 0.000375599 0.999942720
1703784365309163776.000000 -0.007745123 -0.000483518 0.413408279 0.002957479 -0.015922870 0.000726702 0.999868572
1703784365638894336.000000 -0.008350777 -0.000924679 0.439840943 0.002191277 -0.015491538 0.000726570 0.999877393
1703784365971566080.000000 -0.009782990 -0.000794041 0.466588974 0.000902978 -0.018470256 0.000625141 0.999828815
1703784366311042816.000000 -0.011043589 -0.000997316 0.492367506 0.000837647 -0.019137250 0.000194494 0.999816537
1703784366681647104.000000 -0.012543092 -0.000441208 0.522692382 0.000685521 -0.019756941 -0.000324231 0.999804497
1703784367059148288.000000 -0.013854016 -0.001037221 0.551468372 -0.000424269 -0.020579329 -0.000125857 0.999788165
1703784367434090240.000000 -0.015999600 -0.000826819 0.580653012 0.000649925 -0.022337044 -0.000919635 0.999749899
1703784367764417024.000000 -0.017169492 -0.001033873 0.606788635 0.001420156 -0.023340909 -0.000348633 0.999726534
1703784368138531328.000000 -0.018920127 -0.000975180 0.636781991 -0.000391638 -0.020096874 -0.000788425 0.999797642
1703784368554965248.000000 -0.019809971 -0.000950480 0.668293834 0.000236196 -0.024758276 0.000331171 0.999693394
1703784368929229568.000000 -0.021285513 -0.000763647 0.697690666 0.000992526 -0.023299057 0.001225954 0.999727309
1703784369344375296.000000 -0.021473421 -0.000558751 0.730299354 0.000917012 -0.017001983 0.002017651 0.999853015
1703784369802297856.000000 -0.022991415 -0.000557213 0.766372144 -0.000034281 -0.018239463 0.001883542 0.999831915
1703784370302381568.000000 -0.024720985 -0.001288651 0.803480387 0.003337506 -0.026259894 0.002786385 0.999645710
1703784370842798336.000000 -0.026926642 -0.001479282 0.845455229 0.004438440 -0.025746055 0.002672951 0.999655128
1703784371384902144.000000 -0.028733538 -0.002069135 0.887694716 0.004450939 -0.009191981 -0.000198386 0.999947846
1703784371887056128.000000 -0.031093672 -0.002560250 0.921467066 0.005200319 -0.028662821 0.000368834 0.999575555
1703784372428327680.000000 -0.036647163 -0.003660749 0.963321984 0.006315471 -0.051453479 0.000007133 0.998655438
1703784372966301952.000000 -0.041321862 -0.003072301 1.004768014 0.004420794 -0.058448639 0.001167682 0.998279929
1703784373509178624.000000 -0.046720583 -0.002940540 1.046754122 0.003109344 -0.062805295 0.001262218 0.998020172
1703784374091551232.000000 -0.051424995 -0.002708177 1.092855334 -0.000245891 -0.051115800 0.001771138 0.998691142
1703784374672263680.000000 -0.055789333 -0.003070287 1.137461543 0.000761004 -0.043849517 0.000807955 0.999037504
1703784375256838144.000000 -0.056704417 -0.003294081 1.181998849 0.001351829 -0.021597181 0.000660436 0.999765635
1703784375881684480.000000 -0.059253812 -0.003090020 1.230436683 0.000551411 -0.025461882 0.000084877 0.999675632
1703784376506997504.000000 -0.060753927 -0.002913042 1.278904915 0.000322268 -0.014699614 -0.000929485 0.999891520
1703784377089193216.000000 -0.062826827 -0.002394572 1.324223161 -0.001246561 -0.014752232 -0.001654009 0.999889076
1703784377717765376.000000 -0.064127058 -0.002351640 1.372138143 -0.000099354 -0.015168236 -0.001090067 0.999884367
1703784378336669952.000000 -0.066539809 -0.002786036 1.420148134 -0.001270876 -0.018786177 -0.001294817 0.999821901
1703784379004719616.000000 -0.068200797 -0.002170122 1.470935345 -0.001002756 -0.019999022 -0.001265072 0.999798715
1703784379713393664.000000 -0.069982596 -0.002552758 1.523994923 -0.000825569 -0.016517697 -0.001261600 0.999862492
1703784380335616000.000000 -0.071371250 -0.002494784 1.571627378 -0.000407657 -0.016513878 -0.001896334 0.999861777
1703784381005775104.000000 -0.073141895 -0.002126046 1.622103572 0.000130124 -0.023648471 0.000707432 0.999720097
1703784381667000576.000000 -0.074669279 -0.002006444 1.674043179 -0.001112804 -0.010732904 0.000675604 0.999941587
1703784382334846976.000000 -0.072514206 -0.002185739 1.723066807 0.001699868 0.018756034 0.001230554 0.999821901
1703784383083300096.000000 -0.066024527 -0.002680063 1.780030966 0.002967610 0.050950527 0.000282636 0.998696744
1703784383749018624.000000 -0.057642996 -0.003500977 1.830157042 0.003020087 0.076144531 -0.000048111 0.997092247
1703784384413910528.000000 -0.050062280 -0.003151441 1.881663442 0.001399262 0.074035443 0.000521354 0.997254550
1703784385208757760.000000 -0.041902870 -0.003535976 1.941581249 0.001437855 0.069151953 0.000669942 0.997604907
1703784385957504256.000000 -0.034389097 -0.004192836 1.997581363 0.002889765 0.066688992 0.000309298 0.997769594
1703784386709031424.000000 -0.027002430 -0.004084737 2.054709673 0.002395637 0.062102877 -0.000028455 0.998066902
1703784387457654784.000000 -0.021416638 -0.004176380 2.111855507 0.001980903 0.060192969 0.000011850 0.998184800
1703784388161870592.000000 -0.014315560 -0.003993878 2.165538311 0.002441708 0.058826324 0.000282451 0.998265266
1703784389036600064.000000 -0.005677211 -0.004240560 2.231470108 0.002650676 0.060215700 0.000588396 0.998181701
1703784389909844224.000000 -0.001188067 -0.004907717 2.297489405 0.002924242 0.025291068 0.000923486 0.999675453
1703784390617540864.000000 0.002834429 -0.004715564 2.351160049 0.001915684 0.046288282 0.000155712 0.998926282
1703784391408921600.000000 0.008371736 -0.004688683 2.412310123 0.000283172 0.047017019 0.000186043 0.998894036
1703784392241395968.000000 0.015142104 -0.005248280 2.475005627 0.002229222 0.044500433 0.000217293 0.999006867
1703784393034204928.000000 0.020586994 -0.005805110 2.534746647 0.004167404 0.047614619 0.001238365 0.998856366
1703784393781375488.000000 0.026868345 -0.005791552 2.591875076 0.003755009 0.049597144 0.001164894 0.998761594
1703784394323126016.000000 0.030761326 -0.005893657 2.632936478 0.003516258 0.055633772 0.001421455 0.998444080
1703784394949903872.000000 0.037148587 -0.006500491 2.681295633 0.000940533 0.059767738 0.000674800 0.998211682
1703784395531915776.000000 0.043882925 -0.006271316 2.724286318 0.002245988 0.072365738 0.000298354 0.997375607
1703784396115387648.000000 0.052581288 -0.006384590 2.768456936 0.001613583 0.089253999 0.000486403 0.996007502
1703784396736968192.000000 0.060599487 -0.006981003 2.814513206 0.001515254 0.097149611 -0.000757212 0.995268345
1703784397324155392.000000 0.068525217 -0.006965419 2.858334780 0.002724163 0.091632716 -0.000825072 0.995788813
1703784397822288640.000000 0.074328005 -0.007615848 2.895118237 0.004915514 0.077075303 -0.000560411 0.997012973
1703784398279427840.000000 0.077340633 -0.007352712 2.930401087 0.004022196 0.057692740 -0.000488839 0.998326182
1703784398698381824.000000 0.078729324 -0.007651251 2.962928534 0.002891746 0.037712373 -0.001062043 0.999283910
1703784399235906304.000000 0.079270765 -0.007472811 3.005271435 0.001082404 0.013754847 -0.000147999 0.999904811
1703784399781708544.000000 0.077156626 -0.008093081 3.046361923 0.000834766 -0.010390114 -0.000862720 0.999945343
1703784400237554944.000000 0.073830828 -0.007749563 3.080473423 0.000679193 -0.026298074 0.000288729 0.999653876
1703784400736188672.000000 0.071518086 -0.007386067 3.119015455 -0.000850717 -0.029473605 -0.000388049 0.999565125
1703784401233673216.000000 0.068329401 -0.006645871 3.157423496 -0.001234535 -0.028937230 -0.001953792 0.999578536
1703784401732774912.000000 0.066520430 -0.007063456 3.194523335 0.000785301 -0.025589731 -0.001860693 0.999670506
1703784402400260352.000000 0.063651636 -0.007144709 3.245820761 0.001643384 -0.038602393 -0.001203198 0.999252617
1703784402859660544.000000 0.060783278 -0.007447122 3.280642748 -0.000999723 -0.031635530 -0.001793136 0.999497354
1703784403439827200.000000 0.058596201 -0.007095120 3.324189186 -0.000574766 -0.026545441 -0.000985651 0.999646962
1703784404108601344.000000 0.055922285 -0.006718536 3.375272512 -0.001186764 -0.028519128 -0.000861654 0.999592185
1703784404688833024.000000 0.052951973 -0.007463574 3.417017460 0.002426423 -0.027310314 -0.000631093 0.999623895
1703784405438164992.000000 0.052092951 -0.007498435 3.474638700 0.002434785 -0.010142502 -0.000181931 0.999945581
1703784406027163904.000000 0.051891420 -0.007295449 3.519024611 0.000581961 -0.005011322 -0.000041532 0.999987304
1703784406644793856.000000 0.051692776 -0.007184343 3.565694332 0.001343970 0.002385259 0.000080555 0.999996305
1703784407272745984.000000 0.053420532 -0.006756702 3.613553524 0.001811165 0.011005349 -0.000844200 0.999937475
1703784407812036864.000000 0.055152450 -0.007273234 3.654367685 0.002475088 0.017919626 -0.001265647 0.999835610
1703784408478985216.000000 0.057366282 -0.007342993 3.704416513 0.001930012 0.024588298 -0.001475481 0.999694705
1703784409060400896.000000 0.057831749 -0.007011181 3.748834848 0.000540928 0.015868045 -0.001797761 0.999872386
1703784409645672192.000000 0.057406094 -0.007037778 3.791880131 0.001855925 -0.003248855 -0.001763853 0.999991477
1703784410231238912.000000 0.060127124 -0.006684553 3.835600853 -0.001268986 0.021752983 -0.001627604 0.999761283
1703784410810256384.000000 0.056401286 -0.007228593 3.855771542 0.000067715 -0.007485221 -0.001966594 0.999970078
1703784411390934784.000000 0.060867336 -0.007582899 3.896342278 0.001919533 0.021058068 -0.001002352 0.999775887
1703784411974627072.000000 0.064745970 -0.007478144 3.940303802 0.000915714 0.033966642 -0.000906833 0.999422133
1703784412601684992.000000 0.070691116 -0.007608340 3.986654043 0.001296434 0.057799540 0.000185075 0.998327374
1703784413183355904.000000 0.078672618 -0.007821689 4.029769421 0.000821310 0.087124266 0.000346971 0.996197045
1703784413765698304.000000 0.089818038 -0.007956757 4.071661949 0.001584043 0.111780591 0.001091115 0.993731081
1703784414307645184.000000 0.101355374 -0.008808270 4.110126019 0.002390540 0.136034325 -0.001214682 0.990700483
1703784414806374656.000000 0.113170847 -0.008244095 4.145958424 0.002404981 0.145295769 -0.001059812 0.989384770
1703784415347641600.000000 0.125740737 -0.009094040 4.184694290 0.000462681 0.159293979 -0.000621554 0.987230897
1703784415889281024.000000 0.137160271 -0.008631789 4.222354412 0.002363018 0.153024003 -0.001064695 0.988219082
1703784416386694656.000000 0.147271037 -0.009139726 4.258452415 -0.000040622 0.144323289 -0.001969101 0.989528656
1703784416887102720.000000 0.154231906 -0.008812211 4.293045044 -0.001606706 0.119389489 -0.001616334 0.992844880
1703784418551610112.000000 0.147521213 -0.007882020 4.388414860 0.002676535 -0.042218026 -0.000859391 0.999104500
1703784419135595264.000000 0.138432816 -0.007269891 4.425905704 0.000146560 -0.089053623 -0.000337141 0.996026814
1703784419675698176.000000 0.126844525 -0.007679388 4.464258194 -0.001470431 -0.114830755 0.000236310 0.993384004
1703784420216517120.000000 0.114711024 -0.006700944 4.504556656 -0.001843693 -0.138400510 0.000175224 0.990374625
1703784420767301888.000000 0.099866807 -0.006238865 4.542314529 -0.002535635 -0.163917184 0.000204494 0.986470819
1703784421340877568.000000 0.083105221 -0.006068194 4.583417416 0.000135028 -0.189568430 -0.000679346 0.981867313
1703784421883907328.000000 0.064122692 -0.006968585 4.619396210 -0.002686149 -0.213684067 -0.001186051 0.976898432
1703784422385559808.000000 0.045605943 -0.006231288 4.653234005 -0.002813595 -0.235936776 -0.001120051 0.971763730
1703784422969085184.000000 0.023128211 -0.007288123 4.689795494 -0.004020813 -0.261936456 -0.001309085 0.965075850
1703784423548916992.000000 -0.002023876 -0.006758008 4.726851463 -0.004527896 -0.287867516 -0.000967102 0.957659066
1703784424131547392.000000 -0.029560745 -0.006348281 4.761396885 -0.002381175 -0.316506833 -0.000493731 0.948587120
1703784424676917504.000000 -0.056817234 -0.006401659 4.791420937 -0.001603111 -0.339198679 0.000325826 0.940713346
1703784425213565184.000000 -0.085468233 -0.006808443 4.819678783 -0.002139629 -0.366031885 0.000983914 0.930599332
1703784425631005184.000000 -0.108854830 -0.006979936 4.841848373 -0.002871593 -0.387634695 -0.000195243 0.921808600
1703784426090009600.000000 -0.135619879 -0.006898514 4.863673210 -0.003278931 -0.411275953 0.000695708 0.911504745
1703784426587561728.000000 -0.165918469 -0.006714143 4.885821342 -0.004220970 -0.438015610 0.000240301 0.898957431
1703784427043894016.000000 -0.195058465 -0.005701575 4.903935909 -0.003400644 -0.464163065 0.000093865 0.885743260
1703784427505342208.000000 -0.224409103 -0.006099395 4.920024395 -0.003079509 -0.497157902 0.000548036 0.867654443
1703784428006715392.000000 -0.258214712 -0.005865036 4.933946609 -0.004949034 -0.533224404 0.000205976 0.845959365
1703784428461382144.000000 -0.287014484 -0.006213155 4.943327427 -0.003322807 -0.563808680 0.002190581 0.825895846
1703784428918350336.000000 -0.317911386 -0.005897107 4.950308800 -0.004464210 -0.599150181 0.001253719 0.800623238
1703784429334627840.000000 -0.344415665 -0.005171848 4.953915119 -0.005116192 -0.628191054 0.000413021 0.778042197
1703784429792152576.000000 -0.367170095 -0.004929783 4.954155445 -0.003924321 -0.660654962 0.001318034 0.750678301
1703784430249609216.000000 -0.385235786 -0.004876820 4.953916073 -0.003671364 -0.678887844 0.002102479 0.734229803
1703784430712677120.000000 -0.414968967 -0.004604796 4.955178738 -0.004502436 -0.689490914 0.001820765 0.724278033
1703784431250886656.000000 -0.456332684 -0.004520275 4.957556248 -0.004843450 -0.685286224 0.000269598 0.728257716
1703784431710804992.000000 -0.490966797 -0.004023923 4.961387634 -0.004451101 -0.679269016 0.000984855 0.733875215
1703784432207219712.000000 -0.528704166 -0.004060514 4.961019516 -0.004638829 -0.700231910 0.000804211 0.713899910
1703784432668577536.000000 -0.562588692 -0.003754860 4.959700108 -0.003762959 -0.712708712 0.001496180 0.701448500
1703784433205733632.000000 -0.603289604 -0.003197480 4.959242344 -0.004202937 -0.704456270 0.000589770 0.709734678
1703784433621816064.000000 -0.634155750 -0.003299631 4.958091736 -0.004806069 -0.717823267 0.000980923 0.696208119
1703784434163047680.000000 -0.674823761 -0.003004614 4.955251217 -0.004395268 -0.715497732 -0.000902605 0.698600709
1703784434621040896.000000 -0.709109783 -0.002915692 4.957427025 -0.004496859 -0.701978862 -0.000549176 0.712183356
1703784435088060416.000000 -0.743054390 -0.003039222 4.959899902 -0.002807597 -0.687215507 0.000805892 0.726447821
1703784435579657472.000000 -0.779778242 -0.003419327 4.964888096 -0.003212419 -0.667575300 0.002835327 0.744529963
1703784436036767488.000000 -0.814100266 -0.002709852 4.969631672 -0.002345337 -0.656061769 0.000948772 0.754703045
1703784436535271168.000000 -0.851798773 -0.002200803 4.974535942 -0.004531884 -0.664167285 0.001393225 0.747568965
1703784436994940416.000000 -0.885843992 -0.002100032 4.976005077 -0.003866194 -0.681476355 -0.000307532 0.731829941
1703784437494896128.000000 -0.923006535 -0.001873527 4.979549885 -0.003542213 -0.675375223 0.001297208 0.737464607
1703784438042197248.000000 -0.963437557 -0.001649600 4.985515118 -0.003317816 -0.659171641 0.000712135 0.751984894
1703784438495180800.000000 -0.997815371 -0.001110667 4.987267494 -0.003711802 -0.674516618 0.000068603 0.738250375
1703784439122312448.000000 -1.043387413 -0.001511280 4.992748737 -0.002479452 -0.662039220 0.000398714 0.749464989
1703784439662810112.000000 -1.083150625 -0.001889424 4.999799728 -0.002478346 -0.641702950 0.002394979 0.766945541
1703784440158388480.000000 -1.118892431 -0.001575880 5.008236408 -0.001956202 -0.627100229 0.001062274 0.778935492
1703784440739946496.000000 -1.160412073 -0.001208432 5.020133495 -0.003533887 -0.608926713 0.000615937 0.793218374
1703784441365162752.000000 -1.204392672 -0.000488222 5.035202026 -0.003591704 -0.588692605 -0.000423651 0.808348894
1703784441865336576.000000 -1.238833666 0.000153903 5.048397541 -0.003670976 -0.569699347 -0.000329389 0.821844935
1703784442369630464.000000 -1.272454977 -0.000135250 5.063210011 -0.002314459 -0.552853584 0.000947277 0.833274662
1703784442866893824.000000 -1.306792617 0.000470521 5.078605652 -0.002886313 -0.547135890 0.001201683 0.837037981
1703784443530624000.000000 -1.351176739 0.000833824 5.100289345 -0.000205621 -0.533289373 0.003398632 0.845926046
1703784444238937088.000000 -1.398805141 0.001122486 5.122326851 -0.001288783 -0.538431942 0.002181726 0.842665195
1703784444742005504.000000 -1.431724548 0.001014396 5.137268066 -0.002298901 -0.543764710 0.003207431 0.839228511
1703784445238239232.000000 -1.463998318 0.001424604 5.155624866 -0.002447812 -0.522019923 0.002215937 0.852926970
1703784445653929472.000000 -1.491301894 0.002045935 5.170780182 -0.002467425 -0.502502680 0.001044342 0.864571512
1703784446072621056.000000 -1.518501997 0.001727786 5.184704781 -0.003429945 -0.515475392 0.001321690 0.856896520
1703784446536723200.000000 -1.549059153 0.003048758 5.201021194 -0.003984481 -0.520521939 0.001832248 0.853837073
1703784446903414784.000000 -1.572611094 0.003573518 5.214349270 -0.002327034 -0.511723280 0.002291436 0.859144151
1703784447402036224.000000 -1.603966236 0.005272324 5.234304428 -0.000369949 -0.493753999 0.003412860 0.869594872
1703784447739020032.000000 -1.623894453 0.004667761 5.247478008 -0.000285374 -0.483973801 0.003455800 0.875075638
1703784448154274304.000000 -1.648199320 0.004248984 5.266154289 0.000312900 -0.462596387 0.005570429 0.886551499
1703784448526508288.000000 -1.669722915 0.004000874 5.282873154 -0.000538596 -0.451127559 0.004504046 0.892447948
1703784449024666368.000000 -1.697786689 0.004044050 5.307332516 -0.001325164 -0.424286097 0.005370859 0.905511320
1703784449441694208.000000 -1.718755960 0.004143041 5.329084873 -0.000277768 -0.401108772 0.006384161 0.916008174
1703784449774978816.000000 -1.734708667 0.003856398 5.348047733 -0.001434111 -0.374180853 0.005021825 0.927341044
1703784450191892736.000000 -1.753247023 0.004012257 5.373073101 -0.001920975 -0.336612225 0.005071455 0.941627800
1703784450565627136.000000 -1.767397881 0.004286650 5.396409035 -0.001103093 -0.302502930 0.004724905 0.953136146
1703784450940934912.000000 -1.780316353 0.004301186 5.421151161 -0.001185400 -0.271445245 0.004179738 0.962444067
1703784451277209088.000000 -1.791679144 0.004715139 5.443387508 -0.002236853 -0.255216330 0.003607559 0.966874719
1703784451647371520.000000 -1.804708362 0.003873711 5.466627598 0.000601651 -0.244793236 0.004217105 0.969565988
1703784451984268032.000000 -1.815777779 0.004105646 5.488687515 -0.000219744 -0.236732766 0.005171220 0.971561074
1703784452316517632.000000 -1.825853109 0.005155841 5.511921883 -0.004754213 -0.228830248 0.007600049 0.973425090
1703784452647825920.000000 -1.838026524 0.005356349 5.535232544 -0.007416557 -0.227787167 0.009472525 0.973636627
1703784452985441280.000000 -1.847737074 0.006079610 5.557645798 -0.010281405 -0.222860843 0.009029101 0.974754274
1703784453313257728.000000 -1.860789061 0.006202113 5.578884125 -0.007405414 -0.220506728 0.001225787 0.975356579
1703784453647200000.000000 -1.873943925 0.005721043 5.599203587 -0.003025681 -0.229333460 -0.006044765 0.973324478
1703784453983546112.000000 -1.883775234 0.004889549 5.618344307 0.003337823 -0.238606304 -0.003279224 0.971105099
1703784454686831360.000000 -1.905552864 0.003256428 5.658272266 0.008317566 -0.235179409 0.000886238 0.971916020
1703784455686884864.000000 -1.930420399 0.003679042 5.725885868 0.006497739 -0.182312578 0.000487297 0.983219087
1703784456061742848.000000 -1.939169049 0.003506432 5.752902508 0.003384811 -0.162717238 0.001351503 0.986666024
1703784456813607680.000000 -1.951510191 0.003849849 5.807108879 -0.002115691 -0.123033822 0.000360421 0.992400169
1703784457146387712.000000 -1.955352068 0.004026258 5.831826210 -0.003397384 -0.107098706 0.000003218 0.994242609
1703784457561182208.000000 -1.960119963 0.004584708 5.861784458 -0.001932778 -0.087695129 0.000182631 0.996145487
1703784457933409536.000000 -1.964519143 0.003940501 5.888525963 -0.002083614 -0.066427484 -0.000514614 0.997788966
1703784458767321088.000000 -1.967271328 0.004736829 5.948815823 -0.001135813 -0.034699209 -0.000115152 0.999397159
1703784459188069120.000000 -1.970857263 0.004598698 5.978799820 -0.000320474 -0.046129204 -0.000247816 0.998935401
1703784459563506944.000000 -1.974757195 0.004324639 6.004508018 0.000099260 -0.056834001 0.000490435 0.998383522
1703784460015856384.000000 -1.979828238 0.004369911 6.038358688 0.000006432 -0.069539644 -0.000428573 0.997579098
1703784460436073216.000000 -1.985179067 0.004253920 6.067648411 0.000994774 -0.079691887 0.000766574 0.996818781
1703784460890478592.000000 -1.990380764 0.004901306 6.100629330 -0.000504533 -0.074101306 0.000718400 0.997250319
1703784461348533248.000000 -1.995920539 0.005438758 6.133647919 -0.000572731 -0.072385564 0.000375444 0.997376502
1703784461850237696.000000 -2.000768661 0.005336900 6.169205189 -0.001490869 -0.069887586 0.000379050 0.997553706
1703784462431539200.000000 -2.005193710 0.005295133 6.210439205 -0.001273955 -0.054058846 0.000453175 0.998536825
1703784462889260544.000000 -2.008012533 0.005234732 6.242951393 -0.001631076 -0.049063228 0.000641316 0.998794138
1703784463348644352.000000 -2.010084629 0.005051774 6.275853157 -0.000804320 -0.036421977 0.000967174 0.999335706
1703784463887481088.000000 -2.011665583 0.005208318 6.314407349 -0.000778820 -0.025788087 0.001225828 0.999666393
1703784464387882496.000000 -2.012427807 0.005837047 6.351635933 -0.002152157 -0.016781565 0.000569209 0.999856710
1703784464887270400.000000 -2.011726379 0.005839192 6.386583328 -0.001342113 0.003278973 0.000855886 0.999993384
1703784465387210240.000000 -2.009544134 0.005814444 6.421964169 0.000560656 0.017261328 0.000586450 0.999850690
1703784465888251392.000000 -2.008380175 0.005554694 6.457892418 -0.000621802 0.026113773 0.000112962 0.999658763
1703784466385027840.000000 -2.006208658 0.005753628 6.493175030 0.000254464 0.025963681 0.000680028 0.999662638
1703784466928097792.000000 -2.006073952 0.005586647 6.531715870 -0.000085796 0.014997252 0.000347494 0.999887526
1703784467467177472.000000 -2.006359577 0.005833248 6.570149422 0.000757766 0.003166814 -0.000371407 0.999994636
1703784468053054976.000000 -2.007834435 0.005954604 6.609990120 -0.001343920 -0.016401302 -0.000665633 0.999864399
1703784468635155968.000000 -2.008563519 0.006308889 6.645349503 0.000031560 -0.010622570 -0.000250190 0.999943554
1703784469220406016.000000 -2.006337404 0.006110184 6.686730862 -0.001525346 0.015975196 -0.000815515 0.999870896
1703784469764560128.000000 -2.002294302 0.006402236 6.725389004 -0.000550798 0.039467707 -0.000557619 0.999220550
1703784470301055232.000000 -1.995971441 0.006838287 6.764820099 -0.000765546 0.063534528 -0.001070085 0.997978806
1703784470838977280.000000 -1.990453243 0.007169987 6.803717136 -0.001530612 0.070391588 -0.001398581 0.997517288
1703784471381677824.000000 -1.986042738 0.007269747 6.842260361 0.000568561 0.061315726 0.000057382 0.998118281
1703784471922800896.000000 -1.979197621 0.007168658 6.880803108 -0.000405175 0.081263281 -0.000881859 0.996692181
1703784472426494464.000000 -1.971454620 0.006948466 6.915419579 0.002339452 0.098579854 -0.000128796 0.995126426
1703784473134749696.000000 -1.964394689 0.005989284 6.965290546 0.001905672 0.064482465 0.000090692 0.997917056
1703784473671675136.000000 -1.957315683 0.005604892 7.002792835 0.000622577 0.088741489 -0.000065688 0.996054530
1703784474259268096.000000 -1.947999477 0.005362329 7.044028759 -0.000057412 0.105378680 0.000366348 0.994432151
1703784474794952192.000000 -1.943195939 0.005473657 7.082082748 -0.000287489 0.083077557 -0.000089104 0.996543050
1703784475337672960.000000 -1.938929081 0.005373642 7.120252609 -0.002040371 0.058167927 0.000973483 0.998304248
1703784475969639936.000000 -1.937333822 0.005382375 7.164692879 -0.001012142 0.030160932 0.001508138 0.999543428
1703784476543632384.000000 -1.936527014 0.005110849 7.206365585 -0.002617852 0.008733110 0.000750630 0.999958158
1703784477125076480.000000 -1.937584877 0.005154570 7.248598099 -0.001662065 -0.008228362 0.002009078 0.999962747
1703784477833156352.000000 -1.939180136 0.005067923 7.298759460 -0.003034954 -0.004951249 0.001426735 0.999982119
1703784478499704320.000000 -1.940523028 0.005202327 7.344624996 -0.002375441 -0.007530040 0.000505784 0.999968708
1703784479082295296.000000 -1.939730287 0.005247954 7.385543346 -0.002000812 -0.008083824 0.001071729 0.999964774
1703784479664964352.000000 -1.942087650 0.005031247 7.427528381 -0.001518680 -0.011285922 0.000323405 0.999935150
1703784480250138880.000000 -1.945289016 0.005589921 7.468954563 -0.002634407 -0.032111760 0.000437517 0.999480724
1703784480873137920.000000 -1.946553230 0.005527450 7.513502121 -0.004696339 -0.014861694 0.000272046 0.999878526
1703784481665628928.000000 -1.946354985 0.006151861 7.569606304 -0.002249600 -0.009897299 -0.000145752 0.999948502
1703784482415234048.000000 -1.947655559 0.006432252 7.623278618 -0.003083955 -0.012868538 -0.001231472 0.999911726
1703784482995504384.000000 -1.947903752 0.007039357 7.664810181 -0.002702441 -0.008174445 0.000737325 0.999962687
1703784483620044032.000000 -1.948004365 0.006977682 7.709447384 -0.002651437 -0.012983968 0.001042616 0.999911666
1703784484165051392.000000 -1.949808002 0.006651562 7.747302532 -0.002029957 -0.010055858 0.000616590 0.999947190
1703784484746025728.000000 -1.950029850 0.007216466 7.788195133 -0.000200879 -0.011863445 0.001917208 0.999927819
1703784485327947264.000000 -1.951328158 0.007328396 7.829585075 0.000122211 -0.012215612 0.001014350 0.999924839
1703784485869262336.000000 -1.951220155 0.007595818 7.868453979 -0.003364645 -0.008851180 0.000853357 0.999954820
1703784486368240896.000000 -1.950854301 0.007891814 7.904049873 -0.003640157 -0.006898646 0.000871154 0.999969244
1703784486867035904.000000 -1.950966597 0.008572384 7.939921856 -0.005140305 -0.009284345 0.001174256 0.999943018
1703784487578389760.000000 -1.951901197 0.008580529 7.989692688 -0.003973204 -0.008115257 0.001029636 0.999958634
1703784488118276096.000000 -1.952748299 0.008330592 8.026767731 -0.001910630 -0.010529943 0.002109517 0.999940515
1703784488534416384.000000 -1.953819036 0.008049053 8.056755066 -0.001467144 -0.017003663 0.001744278 0.999852836
1703784489010343168.000000 -1.955708981 0.007438550 8.084235191 -0.003229968 -0.019317262 0.001540771 0.999807000
1703784489365447168.000000 -1.955428004 0.008729965 8.091325760 -0.003286979 -0.020031324 0.002400172 0.999791086
1703784489950663680.000000 -1.955191255 0.008691398 8.090925217 -0.002246206 -0.020197565 0.002493751 0.999790370
