1702688123750164736.000000 0.000000000 0.000000000 0.000000000 -0.000000000 -0.000000000 -0.000000000 1.000000000
1702688124081733120.000000 0.000109596 0.000072946 0.001391637 0.000155890 -0.000277765 0.000162122 0.999999940
1702688124121896448.000000 0.000132789 0.000105093 0.001547397 0.000286718 -0.000469068 0.000133023 0.999999821
1702688124414530048.000000 0.000051539 0.000093567 0.002760390 0.000642481 -0.000596179 -0.000584080 0.999999464
1702688124833318912.000000 -0.000166071 0.000120378 0.004457978 -0.000001057 -0.002821103 -0.000471995 0.999995887
1702688125120471808.000000 -0.000275603 0.000068365 0.005635886 -0.000437699 -0.003790647 -0.000735331 0.999992490
1702688125710803200.000000 -0.000094402 0.000050469 0.008031376 -0.000703601 -0.002543836 0.000099998 0.999996543
1702688125832619520.000000 -0.000124963 0.000062717 0.008519182 -0.000986326 -0.002324490 0.000650341 0.999996603
1702688126204810496.000000 -0.000196085 0.000022947 0.010079245 -0.000725524 -0.004687480 0.000512317 0.999988616
1702688126289400320.000000 -0.000157137 0.000028979 0.010387309 -0.000635274 -0.004824474 0.001107221 0.999987602
1702688126411633664.000000 -0.000194565 0.000024104 0.010894811 -0.001306280 -0.003915964 0.000504420 0.999991357
1702688126539796736.000000 -0.000143190 -0.000007132 0.011409458 -0.001515446 -0.004248659 0.000563696 0.999989688
1702688126913067264.000000 -0.000079007 -0.000094589 0.012864946 0.000351342 -0.004320080 0.001090263 0.999990046
1702688127166734848.000000 -0.000086615 -0.000054425 0.013847373 0.001509491 -0.003700383 0.000831431 0.999991655
1702688127289536512.000000 -0.000156677 -0.000089373 0.014362246 0.001283865 -0.004328003 0.000436298 0.999989748
1702688127580854528.000000 -0.000225239 -0.000035557 0.015519795 0.002439100 -0.013154413 0.000773920 0.999910235
1702688127748889600.000000 -0.000398618 -0.000079345 0.016197110 0.001560644 -0.015752563 0.000681419 0.999874473
1702688127959379968.000000 -0.000365231 -0.000061483 0.016996102 0.001923426 -0.020135034 0.000016801 0.999795437
1702688128287231488.000000 -0.000486246 -0.000123068 0.018339816 0.002577030 -0.017476961 -0.001496507 0.999842823
1702688128496362752.000000 -0.000466248 -0.000072994 0.019057892 0.003551939 -0.019204181 -0.000331165 0.999809206
1702688128746195200.000000 -0.000658128 -0.000059095 0.020164877 0.002329222 -0.027953917 -0.000362313 0.999606431
1702688128952136448.000000 -0.000723085 -0.000058863 0.020904474 0.003081745 -0.031612787 -0.000502670 0.999495327
1702688129200797952.000000 -0.000934526 -0.000045238 0.021872321 0.004617354 -0.029534753 0.000405314 0.999553025
1702688129451777280.000000 -0.000619880 -0.000079415 0.022858011 0.004633961 -0.024609337 -0.000181215 0.999686360
1702688129660533504.000000 -0.000804871 -0.000097967 0.023685588 0.003830224 -0.026148492 -0.000284311 0.999650717
1702688129868022784.000000 -0.000853408 -0.000136803 0.024540557 0.002976429 -0.029479148 0.000947715 0.999560535
1702688130076455168.000000 -0.000952656 -0.000104543 0.025405280 0.001906748 -0.030898280 0.000884493 0.999520361
1702688130283443456.000000 -0.001019268 -0.000080426 0.026225597 0.000489389 -0.029082352 0.000995693 0.999576390
1702688130494930944.000000 -0.000979889 -0.000072413 0.027049618 0.000009653 -0.025964785 0.000680188 0.999662638
1702688130748235264.000000 -0.001039939 -0.000056417 0.028056461 -0.001120727 -0.023228152 0.000020874 0.999729574
1702688130996082176.000000 -0.001147380 -0.000048097 0.029037887 -0.002112741 -0.019470623 0.000469163 0.999808073
1702688131241282304.000000 -0.001107643 -0.000035258 0.030026622 -0.000539779 -0.012321558 0.000059283 0.999923944
1702688131493935872.000000 -0.001002392 -0.000058322 0.030992474 -0.000945872 -0.010093957 -0.000032249 0.999948621
1702688131741484288.000000 -0.000921634 -0.000042893 0.031983767 -0.001094379 -0.007188677 0.000533995 0.999973416
1702688131994234624.000000 -0.000846944 -0.000017041 0.032949857 -0.000203085 -0.002010782 0.000627424 0.999997795
1702688132282315776.000000 -0.000806818 -0.000038584 0.034057453 -0.000032459 0.000484019 0.000061581 0.999999881
1702688132573621248.000000 -0.000833058 -0.000054792 0.035183091 -0.000026286 0.000296580 -0.000127419 1.000000000
1702688132868419328.000000 -0.000796830 -0.000058938 0.036295641 0.000251191 -0.000004058 -0.000149775 1.000000000
1702688133157733120.000000 -0.000865265 -0.000034972 0.037447032 0.000006661 0.001788577 -0.000750193 0.999998152
1702688133491797504.000000 -0.000981457 -0.000019771 0.038745072 -0.001347810 0.000217668 -0.001895428 0.999997258
1702688133824088320.000000 -0.000984161 -0.000011231 0.040066324 -0.002174049 0.000015545 -0.002070785 0.999995530
1702688134154682368.000000 -0.000985266 -0.000032210 0.041308485 -0.002134399 0.002766675 -0.003105248 0.999989092
1702688134492103680.000000 -0.000966262 -0.000004203 0.042632572 -0.001312399 0.002835539 -0.001576264 0.999993861
1702688134869007360.000000 -0.000978841 0.000019192 0.044072960 -0.002614197 0.001674325 -0.001988356 0.999993205
1702688135282037504.000000 -0.000941411 -0.000015002 0.045695648 -0.001454759 0.004501214 -0.001698676 0.999987364
1702688135619563264.000000 -0.000900682 -0.000017125 0.046938434 -0.000109638 0.000834344 -0.000793506 0.999999344
1702688135989392640.000000 -0.000963824 -0.000013894 0.048378296 -0.001955313 0.001871383 -0.001336327 0.999995470
1702688136196136448.000000 -0.000918187 -0.000000160 0.049230553 -0.002500655 0.005940598 -0.002327170 0.999976516
1702688136403514624.000000 -0.000922639 -0.000020358 0.049948730 -0.001659562 0.005254362 -0.002347141 0.999982059
1702688136656612096.000000 -0.000931077 0.000008063 0.050862163 -0.001024817 0.003388757 -0.001617882 0.999992430
1702688136862253568.000000 -0.000888087 -0.000003336 0.051639773 -0.000575141 0.003760324 -0.001856261 0.999991059
1702688137112512768.000000 -0.000865587 -0.000004499 0.052555840 -0.000101490 0.003218168 -0.001817146 0.999993145
1702688137365318144.000000 -0.000939050 -0.000036328 0.053513836 -0.001171358 -0.000744410 -0.000587582 0.999998868
1702688137614457856.000000 -0.000880641 -0.000022931 0.054448061 -0.001680039 -0.001507759 -0.000199012 0.999997437
1702688137860946944.000000 -0.000804483 -0.000033954 0.055311330 -0.002334534 -0.001592882 -0.000136192 0.999996006
1702688138115034624.000000 -0.000845259 -0.000041512 0.056247376 -0.001691939 -0.001597781 -0.000053815 0.999997318
1702688138362362880.000000 -0.000840034 -0.000044305 0.057181276 -0.002830049 -0.003398173 0.000570203 0.999990046
1702688138611531264.000000 -0.000865551 -0.000047174 0.058054727 -0.002837048 -0.007888217 0.000746198 0.999964595
1702688138860558592.000000 -0.000905388 0.000001040 0.059052989 -0.000515664 0.000063699 0.002021623 0.999997854
1702688139033727744.000000 -0.000804280 -0.000023543 0.059570689 -0.000183911 0.007982271 0.001072963 0.999967575
1702688139238245888.000000 -0.000769518 0.000014032 0.060361650 0.000998372 0.019414049 0.000993385 0.999810576
1702688139443001600.000000 -0.000702041 -0.000007709 0.061099194 0.001363376 0.030612566 0.000235446 0.999530375
1702688139651263488.000000 -0.000647286 -0.000034514 0.061874643 0.001337818 0.040645950 -0.000759651 0.999172449
1702688139859516160.000000 -0.000626230 -0.000050912 0.062602021 0.000811647 0.049742945 -0.000083446 0.998761714
1702688140192284672.000000 -0.000567696 -0.000084579 0.063707985 0.002232851 0.065369628 -0.001478089 0.997857571
1702688140357342464.000000 -0.000492539 -0.000045755 0.064288534 0.003059595 0.073215261 0.000020505 0.997311473
1702688140525100544.000000 -0.000420489 -0.000019018 0.064837128 0.002304473 0.079558782 -0.000163380 0.996827483
1702688140691154688.000000 -0.000279746 0.000004021 0.065502599 0.001734793 0.086579338 0.001350989 0.996242523
1702688141115162624.000000 0.000073838 -0.000001298 0.066994257 0.000357824 0.100376800 0.004353539 0.994939923
1702688141316156160.000000 0.000249166 -0.000029689 0.067471594 0.000750255 0.100720420 0.004920732 0.994902313
1702688141859485184.000000 0.000581076 -0.000030721 0.069366843 0.001033344 0.098113365 0.004221587 0.995165765
1702688142025368064.000000 0.000561159 -0.000047594 0.069968775 0.001250542 0.095470667 0.003345063 0.995425880
1702688142194232064.000000 0.000624273 -0.000037178 0.070567757 0.001293946 0.092636615 0.002869905 0.995695055
1702688142649562112.000000 0.000968858 -0.000087632 0.072067127 0.002811834 0.092264213 0.002835901 0.995726585
1702688143856527616.000000 0.001551074 -0.000066178 0.076213539 0.001616945 0.085634843 0.002968996 0.996320844
1702688144066212864.000000 0.001797167 -0.000081706 0.076908216 0.001095550 0.085209332 0.003383833 0.996356726
1702688144314835200.000000 0.001965815 -0.000143703 0.077708788 0.003044944 0.084837601 0.002904680 0.996385932
1702688144564672512.000000 0.002160312 -0.000080098 0.078536667 0.002314119 0.084588088 0.002339174 0.996410608
1702688144775765248.000000 0.002276831 -0.000063631 0.079276614 0.003343335 0.085506745 0.002867610 0.996327877
1702688144980602624.000000 0.002469263 -0.000128150 0.079997294 0.002161059 0.091964923 0.003500934 0.995753765
1702688145229413632.000000 0.002616595 -0.000079151 0.080840200 0.001883811 0.094218507 0.002968687 0.995545387
1702688145438950656.000000 0.002706665 -0.000117083 0.081529729 0.001366542 0.094482504 0.003022338 0.995521009
1702688145648256000.000000 0.002844771 -0.000095274 0.082259655 0.000954720 0.093128271 0.002645270 0.995650172
1702688145858375168.000000 0.003026060 -0.000071180 0.082907930 0.001570060 0.089140758 0.002081929 0.996015668
1702688146354391808.000000 0.003251182 -0.000088732 0.084672295 0.003845780 0.065312855 0.002645009 0.997853935
1702688146563861248.000000 0.003322129 -0.000084292 0.085434742 0.002472572 0.057213977 0.002499752 0.998355806
1702688146810797568.000000 0.003404994 -0.000041814 0.086306505 0.000958732 0.043587912 0.002587614 0.999045789
1702688147019739904.000000 0.003489024 -0.000038411 0.087007195 0.000607316 0.036441747 0.001735082 0.999334097
1702688147354245888.000000 0.003524195 -0.000081984 0.088100590 0.001552603 0.056118798 0.002880919 0.998418748
1702688147854380544.000000 0.003834749 -0.000100440 0.089884356 0.000975746 0.061934948 0.002383738 0.998076916
1702688148105138688.000000 0.003996987 -0.000081401 0.090775736 -0.000232396 0.060553774 0.000958517 0.998164475
1702688148935205888.000000 0.004304198 -0.000079628 0.093650296 0.002906638 0.062537529 0.001545204 0.998037159
1702688149183939072.000000 0.004417916 -0.000129608 0.094509721 0.002856212 0.064543061 0.001983015 0.997908890
1702688149558710272.000000 0.004510884 -0.000093750 0.095791176 0.003197177 0.063249819 0.001162427 0.997991920
1702688149892779264.000000 0.004675718 -0.000121161 0.096978880 0.003413298 0.064423509 0.002263724 0.997914255
1702688150226515200.000000 0.004853946 -0.000133878 0.098130167 0.004306826 0.067490257 0.002924304 0.997706354
1702688150520905728.000000 0.005057399 -0.000193975 0.099130370 0.003133964 0.070206247 0.003063952 0.997522891
1702688150931722752.000000 0.005248984 -0.000154739 0.100612484 0.003960391 0.073030524 0.002833563 0.997317791
1702688151266825728.000000 0.005451079 -0.000146887 0.101798475 0.002218616 0.075946681 0.001287993 0.997108638
1702688151600415744.000000 0.005635755 -0.000121489 0.103006855 0.001122243 0.078374714 0.000338841 0.996923268
1702688151933344256.000000 0.005829151 -0.000143519 0.104191214 0.001665894 0.079409488 0.000528099 0.996840596
1702688152227737600.000000 0.006107655 -0.000162051 0.105209164 0.002603922 0.079082645 -0.000881941 0.996864259
1702688152556785920.000000 0.006155771 -0.000112635 0.106357224 0.001895608 0.084085889 -0.000999448 0.996456206
1702688152894231296.000000 0.006476455 -0.000103658 0.107540667 0.001224569 0.096346281 -0.001536323 0.995345950
1702688153267913216.000000 0.006764187 -0.000097971 0.108803079 0.002254281 0.108491175 -0.001782916 0.994093299
1702688153649232640.000000 0.007100147 -0.000153779 0.110075615 0.002712296 0.112606078 -0.001529928 0.993634820
1702688154056604672.000000 0.007389710 -0.000123008 0.111528166 0.002947102 0.112258688 -0.002672880 0.993671060
1702688154430094080.000000 0.007645408 -0.000154948 0.112776279 0.004122785 0.106869534 -0.002994657 0.994260013
1702688154803680000.000000 0.007860173 -0.000146682 0.114079826 0.004502850 0.095461622 -0.002900084 0.995418727
1702688155225627136.000000 0.008073800 -0.000149945 0.115527652 0.004086936 0.084572740 -0.002777072 0.996405065
1702688155598209024.000000 0.008261586 -0.000127177 0.116820902 0.001974790 0.072961181 -0.003878122 0.997325301
1702688156013141760.000000 0.008413568 -0.000108685 0.118254609 0.001567329 0.054331098 -0.003086791 0.998516977
1702688156427106560.000000 0.008411583 -0.000117465 0.119643018 0.000791395 0.037448507 -0.003756426 0.999291241
1702688156846200832.000000 0.008429482 -0.000070485 0.121113598 0.003286130 0.015011175 -0.004752207 0.999870658
1702688157262421248.000000 0.008320343 -0.000121192 0.122489661 0.000482108 -0.002504139 -0.003244267 0.999991536
1702688157597278208.000000 0.008278118 -0.000106602 0.123679250 -0.000207440 -0.020499283 -0.004672626 0.999778926
1702688157926846208.000000 0.008147945 -0.000116048 0.124836408 -0.000519321 -0.026255777 -0.005378854 0.999640644
1702688158301247744.000000 0.008137822 -0.000131012 0.126182392 -0.000059924 -0.027744794 -0.005546766 0.999599636
1702688159013438720.000000 0.008069490 -0.000121164 0.128681511 -0.000538266 -0.017493322 -0.005237712 0.999833167
1702688159468450560.000000 0.007959152 -0.000100107 0.130277067 0.001228471 -0.027452653 -0.005016160 0.999609768
1702688159842390016.000000 0.007908518 -0.000076186 0.131614193 -0.000463337 -0.036934137 -0.003139052 0.999312699
1702688160174074880.000000 0.007800243 -0.000121551 0.132768124 -0.001246142 -0.035787921 -0.004560057 0.999348223
1702688160552303360.000000 0.007782383 -0.000070758 0.134110674 -0.000159110 -0.024290973 -0.005522497 0.999689698
1702688161637373696.000000 0.007700325 -0.000113574 0.137633845 0.001833462 -0.004103911 -0.004231694 0.999980927
1702688162130791424.000000 0.007791631 -0.000133151 0.139400318 0.001022658 0.000890124 -0.003735664 0.999992132
1702688162547846656.000000 0.007787909 -0.000131037 0.140868574 0.000729769 0.003731630 -0.003971865 0.999984860
1702688162921742336.000000 0.007880394 -0.000135492 0.142121896 0.001121423 0.008911975 -0.002968631 0.999955237
1702688163340105984.000000 0.007873904 -0.000140858 0.143514782 0.000355731 0.017857289 -0.004177446 0.999831796
1702688163716160000.000000 0.007898007 -0.000139750 0.144792795 0.000437717 0.023828791 -0.005067857 0.999703169
1702688164172136448.000000 0.007969748 -0.000138617 0.146327481 0.002139109 0.032774683 -0.004811354 0.999448895
1702688164462573056.000000 0.008100591 -0.000096637 0.147347972 0.002776071 0.035700131 -0.005254611 0.999344885
1702688164921075968.000000 0.008078515 -0.000102010 0.148886651 0.000426468 0.032351267 -0.005604524 0.999460757
1702688165465056512.000000 0.008200688 -0.000120668 0.150708765 0.001256005 0.033414181 -0.005593461 0.999425173
1702688165922464000.000000 0.008185424 -0.000086907 0.152320847 0.002097695 0.030912226 -0.007284512 0.999493361
1702688166214084864.000000 0.008215307 -0.000094071 0.153318390 0.001380135 0.041505069 -0.007670853 0.999107897
1702688166502873856.000000 0.008184102 -0.000052702 0.154164672 0.002348708 0.040356692 -0.007777610 0.999152362
1702688167086365696.000000 0.008262756 -0.000074183 0.156035185 -0.000512375 0.045777291 -0.008076494 0.998918891
1702688167377028096.000000 0.008453359 -0.000174439 0.156930640 -0.001044347 0.058220305 -0.006575118 0.998281538
1702688167712405760.000000 0.008340394 -0.000104896 0.158101574 0.001319156 0.062020030 -0.007650361 0.998044729
1702688168000709120.000000 0.008328360 -0.000118843 0.159024760 0.000661323 0.069812529 -0.005446839 0.997545063
1702688168294542592.000000 0.008386713 -0.000110246 0.159718141 0.001076903 0.075329028 -0.004785731 0.997146666
1702688168545539328.000000 0.008406154 -0.000119397 0.160380051 0.000715911 0.080293730 -0.005053991 0.996758223
1702688169131126528.000000 0.008494070 -0.000082289 0.162303030 0.002138214 0.098027483 -0.006534538 0.995159984
1702688169513985536.000000 0.008446366 -0.000119158 0.163534701 0.001066453 0.111799441 -0.005580479 0.993714571
1702688169875667968.000000 0.008537962 -0.000086883 0.165074125 0.001732252 0.126966819 -0.005685173 0.991889179
1702688170249803264.000000 0.008910953 -0.000537245 0.166286781 0.000091896 0.138902679 -0.002953988 0.990301609
1702688170543037184.000000 0.009027041 -0.001039523 0.167530134 -0.005744325 0.153701141 -0.002844169 0.988096595
1702688170874715648.000000 0.008958750 -0.001017288 0.167608500 -0.007085126 0.167722881 -0.003086644 0.985803902
1702688171124127744.000000 0.008872511 -0.001067996 0.167609349 -0.008665329 0.178510904 -0.001709715 0.983898282
1702688171372530688.000000 0.008771263 -0.001065558 0.168571606 -0.009502528 0.189624727 -0.002751695 0.981806815
1702688171625847808.000000 0.008777416 -0.001098327 0.168465152 -0.011321028 0.190344274 -0.003004988 0.981647551
1702688171874043904.000000 0.008771649 -0.001066019 0.168595031 -0.010379737 0.190276980 -0.003290773 0.981670082
1702688172080442880.000000 0.008760301 -0.001061554 0.168610632 -0.010333250 0.190359905 -0.003651855 0.981653214
1702688172290831360.000000 0.008752436 -0.001065585 0.168613300 -0.011692977 0.189653203 -0.004152623 0.981772780
1702688172502281472.000000 0.008742893 -0.001065272 0.168614089 -0.012352237 0.189202443 -0.004302713 0.981851041
1702688172913134592.000000 0.008663160 -0.001097333 0.168524757 -0.016962750 0.182047486 -0.007875851 0.983111918
1702688173121058816.000000 0.008696149 -0.001087593 0.168557212 -0.016992994 0.156942457 -0.007361916 0.987434089
1702688173288269312.000000 0.008599694 -0.001064610 0.168756396 -0.016283045 0.152128309 -0.012820330 0.988143444
1702688174294407680.000000 0.008668687 -0.001071281 0.169120118 -0.018322932 0.052216548 -0.010475176 0.998412728
1702688174456540416.000000 0.008666581 -0.001072607 0.169180840 -0.019220103 0.036892924 -0.009113691 0.999092817
1702688174871984128.000000 0.008683142 -0.001066512 0.169292808 -0.018671159 -0.000242572 -0.008427517 0.999790132
1702688175042083840.000000 0.008686225 -0.001065021 0.169339538 -0.018193208 -0.015253735 -0.005117435 0.999705017
1702688175285869824.000000 0.008697088 -0.001067670 0.169407085 -0.019925892 -0.038198356 -0.007011613 0.999046922
1702688175500180480.000000 0.008706749 -0.001060552 0.169462711 -0.019679049 -0.056546215 -0.006051527 0.998187661
1702688175705793792.000000 0.008705429 -0.001061769 0.169465110 -0.021127582 -0.057589613 -0.006564366 0.998095155
1702688175910892800.000000 0.008709239 -0.001064222 0.169499993 -0.023527386 -0.067430012 -0.007649724 0.997417212
1702688176089623552.000000 0.008714925 -0.001064006 0.169531286 -0.024237825 -0.078300416 -0.008738002 0.996596873
1702688176244094464.000000 0.008717063 -0.001064111 0.169553891 -0.026219286 -0.085265070 -0.008110235 0.995980263
1702688176578627072.000000 0.008721249 -0.001060838 0.169603065 -0.026635315 -0.101525187 -0.012109861 0.994402587
1702688176704164096.000000 0.008718722 -0.001060048 0.169614479 -0.025690470 -0.105173223 -0.013032438 0.994036615
1702688176872291840.000000 0.008726401 -0.001057795 0.169643566 -0.026773766 -0.116145767 -0.013329575 0.992781818
1702688177247349248.000000 0.008723006 -0.001056652 0.169661552 -0.026847716 -0.120567329 -0.012528331 0.992262959
1702688177408884480.000000 0.008723316 -0.001056411 0.169665396 -0.026514644 -0.121000670 -0.012707892 0.992216885
1702688177619721728.000000 0.008718682 -0.001055798 0.169671595 -0.026724858 -0.122322418 -0.012403014 0.992053032
1702688177827694848.000000 0.008713455 -0.001057586 0.169677034 -0.029690892 -0.124141917 -0.011573918 0.991752684
1702688178202335232.000000 0.008705875 -0.001057701 0.169691071 -0.031498846 -0.130972117 -0.011480830 0.990819037
1702688178408817152.000000 0.008702659 -0.001058475 0.169699013 -0.035190787 -0.135664642 -0.013829136 0.990033090
1702688178827101184.000000 0.008696934 -0.001061788 0.169707909 -0.039266773 -0.150875986 -0.015003605 0.987658620
1702688179245624576.000000 0.008690286 -0.001064879 0.169715494 -0.045637712 -0.163832709 -0.016438598 0.985294819
1702688179656943872.000000 0.008684644 -0.001065774 0.169727728 -0.050425015 -0.183230877 -0.014931594 0.981662273
1702688180034022912.000000 0.008678140 -0.001069772 0.169733241 -0.056969885 -0.193736941 -0.018700786 0.979219437
1702688180199259904.000000 0.008673638 -0.001072682 0.169733912 -0.061452564 -0.195580199 -0.020022228 0.978555620
1702688180782025984.000000 0.008663886 -0.001081242 0.169745743 -0.078245901 -0.218119219 -0.023602800 0.972493947
1702688181332196096.000000 0.008650248 -0.001086241 0.169753224 -0.087924413 -0.234471187 -0.025052018 0.967814565
1702688181907257600.000000 0.008634228 -0.001093688 0.169763535 -0.107672334 -0.252150774 -0.026775509 0.961306274
1702688182073513472.000000 0.008630873 -0.001094433 0.169767410 -0.110603675 -0.260560453 -0.027269764 0.958713472
1702688182282747648.000000 0.008626476 -0.001095154 0.169772848 -0.117233738 -0.270057470 -0.026430273 0.955314934
1702688182622808320.000000 0.008620571 -0.001097109 0.169783577 -0.127618566 -0.292559057 -0.024315484 0.947381377
1702688182823229696.000000 0.008615144 -0.001097399 0.169788852 -0.133105651 -0.303209782 -0.024996594 0.943250716
1702688183030571264.000000 0.008611325 -0.001096154 0.169795036 -0.134817362 -0.318046123 -0.022702003 0.938166082
1702688183239787008.000000 0.008607043 -0.001095995 0.169800445 -0.138706833 -0.330890417 -0.021016045 0.933182895
1702688183656378368.000000 0.008599009 -0.001092967 0.169809431 -0.138931558 -0.365563959 -0.015806874 0.920223475
1702688183905099264.000000 0.008594308 -0.001091486 0.169814125 -0.140151322 -0.384568512 -0.011887525 0.912317634
1702688184110902528.000000 0.008590646 -0.001089985 0.169817388 -0.138678029 -0.398940861 -0.010101940 0.906373322
1702688184328037632.000000 0.008586165 -0.001088858 0.169820026 -0.140265763 -0.415049493 -0.008297385 0.898882985
1702688184529604864.000000 0.008582380 -0.001087831 0.169821993 -0.139849111 -0.430785060 -0.005518212 0.891535759
1702688184737477120.000000 0.008578584 -0.001086783 0.169824585 -0.140127912 -0.449658304 -0.001705820 0.882138729
1702688184988913152.000000 0.008573890 -0.001085326 0.169827715 -0.139024422 -0.469977468 0.002366962 0.871658146
1702688185159322368.000000 0.008570775 -0.001084596 0.169829249 -0.138904721 -0.481952578 0.004722880 0.865103960
1702688185363918592.000000 0.008566581 -0.001083689 0.169831455 -0.139657021 -0.500446320 0.007478617 0.854396582
1702688185745023488.000000 0.008559145 -0.001082856 0.169833153 -0.141181350 -0.528253257 0.009229425 0.837216318
1702688185905757696.000000 0.008556351 -0.001081752 0.169835106 -0.141619861 -0.542406201 0.012897564 0.827993333
1702688187072584192.000000 0.008540489 -0.001078280 0.169838458 -0.139774695 -0.587929547 0.020217530 0.796488106
1702688187282107392.000000 0.008535638 -0.001077434 0.169840187 -0.140680000 -0.583182752 0.018282864 0.799857974
1702688187443505664.000000 0.008532181 -0.001076449 0.169841468 -0.139839634 -0.581271470 0.018099017 0.801399350
1702688187656475904.000000 0.008526877 -0.001075717 0.169841960 -0.140146375 -0.586213171 0.017997975 0.797740042
1702688188029271552.000000 0.008518443 -0.001073841 0.169844508 -0.139658481 -0.588728845 0.019056503 0.795946419
1702688188573563648.000000 0.008506298 -0.001071094 0.169848636 -0.139568448 -0.583307862 0.018414710 0.799958527
1702688188815922432.000000 0.008500881 -0.001069717 0.169850841 -0.139537349 -0.580430508 0.017365998 0.802077413
1702688189024328192.000000 0.008495934 -0.001068726 0.169851005 -0.138888851 -0.581843257 0.019292407 0.801121771
1702688189233677824.000000 0.008491300 -0.001067668 0.169852823 -0.138361990 -0.596416533 0.021112736 0.790378094
1702688189400793088.000000 0.008487485 -0.001067080 0.169853121 -0.138143361 -0.601976931 0.022098646 0.786162734
1702688189567132928.000000 0.008483469 -0.001066338 0.169853956 -0.138551116 -0.607095778 0.022376493 0.782136559
1702688190607600896.000000 0.008458987 -0.001061367 0.169858709 -0.136543766 -0.619558394 0.024029026 0.772609770
1702688190857692928.000000 0.008453146 -0.001060292 0.169860512 -0.137167126 -0.611716509 0.023622852 0.778736174
1702688191106841856.000000 0.008447349 -0.001058852 0.169861853 -0.136708915 -0.618191361 0.023654738 0.773686349
1702688191358403328.000000 0.008441895 -0.001058217 0.169862568 -0.136213169 -0.625826359 0.025672778 0.767546892
1702688191564374528.000000 0.008437172 -0.001057841 0.169863343 -0.137383074 -0.617004275 0.024628516 0.774483740
1702688191774575616.000000 0.008432403 -0.001056416 0.169865236 -0.135824144 -0.608532608 0.024451116 0.781435847
1702688191980682496.000000 0.008427829 -0.001055803 0.169865802 -0.135759473 -0.607373178 0.025640702 0.782310545
1702688192438267392.000000 0.008417539 -0.001053311 0.169869214 -0.136717647 -0.590914488 0.020842282 0.794791758
1702688192901882624.000000 0.008406982 -0.001050917 0.169873387 -0.138511136 -0.574889541 0.016846133 0.806246161
1702688193151263488.000000 0.008400843 -0.001049476 0.169875026 -0.139209837 -0.585145473 0.017758900 0.798692763
1702688193355458048.000000 0.008396551 -0.001048841 0.169875935 -0.138078913 -0.591716588 0.020056859 0.793979466
1702688193607238656.000000 0.008390948 -0.001047332 0.169878334 -0.138509884 -0.579546392 0.017008955 0.802902043
1702688193855952384.000000 0.008385554 -0.001046183 0.169880137 -0.136695519 -0.571450949 0.016555715 0.809001923
1702688194147161600.000000 0.008378856 -0.001044504 0.169882864 -0.136862472 -0.564684570 0.014760145 0.813745737
1702688194644421888.000000 0.008368015 -0.001042273 0.169886500 -0.137362108 -0.558628976 0.014074894 0.817843020
1702688195104681472.000000 0.008357957 -0.001039851 0.169890329 -0.136760399 -0.560532153 0.014542261 0.816632628
1702688195310521856.000000 0.008353524 -0.001039090 0.169892818 -0.136910871 -0.558261275 0.014578350 0.818160892
1702688195769635840.000000 0.008344017 -0.001037467 0.169896781 -0.137139931 -0.549476862 0.010491922 0.824110270
1702688195982508032.000000 0.008339234 -0.001036329 0.169898406 -0.136934623 -0.546127319 0.009377262 0.826381207
1702688196184642560.000000 0.008334890 -0.001034964 0.169900596 -0.137384236 -0.541844845 0.009041105 0.829124808
1702688196482151168.000000 0.008328564 -0.001033345 0.169903234 -0.136351407 -0.531434238 0.008566943 0.836009979
1702688196728017152.000000 0.008323416 -0.001032121 0.169905782 -0.135922655 -0.523363233 0.007289661 0.841167569
1702688197020501248.000000 0.008317195 -0.001030479 0.169909164 -0.137276456 -0.510715067 0.003926276 0.848710775
1702688197231165952.000000 0.008313097 -0.001029318 0.169911399 -0.138905808 -0.504847407 0.002871336 0.851954222
1702688197475346688.000000 0.008307964 -0.001027998 0.169913948 -0.138134241 -0.493737847 0.001783250 0.858567834
1702688197728724992.000000 0.008303456 -0.001026722 0.169917479 -0.138950735 -0.483959615 0.001192150 0.863987505
1702688197977220096.000000 0.008298822 -0.001025090 0.169920713 -0.138158426 -0.472719789 -0.000264536 0.870314956
1702688198486484480.000000 0.008289814 -0.001022365 0.169927299 -0.140039071 -0.450354517 -0.005165025 0.881784081
1702688198682045440.000000 0.008285966 -0.001021145 0.169930264 -0.137980551 -0.440130860 -0.006672086 0.887243867
1702688198852189184.000000 0.008283351 -0.001020091 0.169932991 -0.137736216 -0.435255051 -0.006316541 0.889686406
1702688199059116544.000000 0.008280057 -0.001019096 0.169935748 -0.137384996 -0.432289392 -0.006657149 0.891182899
1702688199726180608.000000 0.008268744 -0.001014836 0.169946000 -0.136154205 -0.419161707 -0.008667924 0.897602618
1702688199889508608.000000 0.008265775 -0.001014194 0.169947967 -0.135266811 -0.417031825 -0.009321304 0.898721635
1702688200227043072.000000 0.008259915 -0.001012620 0.169952646 -0.136828780 -0.420360416 -0.008937149 0.896936536
1702688200390556672.000000 0.008257195 -0.001011398 0.169954553 -0.135998785 -0.420997590 -0.008352081 0.896769524
1702688200598961920.000000 0.008253187 -0.001010196 0.169957459 -0.137284249 -0.422933012 -0.008085134 0.895664811
1702688200765596160.000000 0.008250222 -0.001009051 0.169959888 -0.136753127 -0.427111804 -0.006208650 0.893776059
1702688200931847936.000000 0.008247722 -0.001008583 0.169961691 -0.137695879 -0.425892949 -0.007158869 0.894205689
1702688201139844352.000000 0.008243777 -0.001006909 0.169965297 -0.137707263 -0.441571832 -0.004386468 0.886584342
1702688201305832704.000000 0.008240849 -0.001005987 0.169967890 -0.138368532 -0.448300749 -0.003506498 0.883101523
1702688201471807488.000000 0.008237366 -0.001005903 0.169968665 -0.139945924 -0.448292851 -0.004729476 0.882851243
1702688201679911424.000000 0.008233860 -0.001003966 0.169971645 -0.138885289 -0.448046714 -0.004283438 0.883145928
1702688201888040960.000000 0.008229874 -0.001002390 0.169974506 -0.138394237 -0.448197186 -0.005089525 0.883142352
1702688202514005504.000000 0.008217804 -0.000999581 0.169981495 -0.139755562 -0.456238955 -0.003907459 0.878805578
1702688202761994496.000000 0.008213788 -0.000997478 0.169985533 -0.139616698 -0.455619156 -0.004047418 0.879148424
1702688203012300800.000000 0.008208785 -0.000996215 0.169988453 -0.139182717 -0.448461711 -0.006192536 0.882877111
1702688203181320960.000000 0.008205514 -0.000995623 0.169990540 -0.139653310 -0.446006417 -0.006966711 0.884039998
1702688203554644736.000000 0.008199174 -0.000992825 0.169995695 -0.137946203 -0.428948283 -0.007646600 0.892701387
1702688203805482496.000000 0.008196004 -0.000991790 0.169999778 -0.136219949 -0.411082834 -0.010437248 0.901302457
1702688204010977024.000000 0.008192573 -0.000990452 0.170003071 -0.135993987 -0.402601570 -0.010580528 0.905155063
1702688204221483008.000000 0.008189023 -0.000989150 0.170005977 -0.135216668 -0.391650945 -0.012166791 0.910042822
1702688205057054464.000000 0.008176239 -0.000984396 0.170019671 -0.135288209 -0.344734371 -0.020630924 0.928670943
1702688205230297088.000000 0.008174269 -0.000983178 0.170022756 -0.134507120 -0.335573465 -0.020953801 0.932126224
1702688205428338688.000000 0.008171935 -0.000982398 0.170025930 -0.134741053 -0.322786331 -0.023008218 0.936549246
1702688205678390784.000000 0.008169098 -0.000980464 0.170030698 -0.134952098 -0.308540255 -0.024425922 0.941272676
1702688206635316736.000000 0.008160507 -0.000975079 0.170049354 -0.131367773 -0.218344420 -0.037739016 0.966252565
1702688206806217216.000000 0.008159745 -0.000974242 0.170052841 -0.131328180 -0.202991098 -0.039981678 0.969509661
1702688207341269504.000000 0.008156098 -0.000971104 0.170064211 -0.128946200 -0.151225552 -0.049395811 0.978807330
1702688208133293824.000000 0.008154023 -0.000966757 0.170081139 -0.126743421 -0.093472935 -0.056428596 0.985908091
1702688208344605184.000000 0.008153399 -0.000965112 0.170085579 -0.124064796 -0.082763880 -0.057483800 0.987144232
1702688208634181376.000000 0.008152525 -0.000963331 0.170091763 -0.124172024 -0.075690679 -0.058303520 0.987650216
1702688208966197248.000000 0.008152161 -0.000961541 0.170098841 -0.125838056 -0.073390253 -0.056160644 0.987737119
1702688209134292224.000000 0.008151804 -0.000960394 0.170102820 -0.127307132 -0.079212300 -0.053897284 0.987225115
1702688209301643264.000000 0.008151052 -0.000959392 0.170106873 -0.130696535 -0.082809620 -0.051398125 0.986620069
1702688209884615168.000000 0.008148129 -0.000955567 0.170118913 -0.131204545 -0.090914436 -0.058191858 0.985461175
1702688210091394048.000000 0.008146339 -0.000953990 0.170123279 -0.128279090 -0.100890495 -0.063380502 0.984555006
1702688210515516160.000000 0.008144028 -0.000951999 0.170131147 -0.124177933 -0.134400010 -0.057772473 0.981416762
1702688211213455104.000000 0.008141507 -0.000949102 0.170144856 -0.117255673 -0.119057938 -0.055900078 0.984353364
1702688211423400192.000000 0.008140368 -0.000947858 0.170148805 -0.116659015 -0.107901476 -0.057018556 0.985645413
1702688211630906880.000000 0.008139024 -0.000946393 0.170154810 -0.121929377 -0.091819160 -0.060626861 0.986421227
1702688212424245760.000000 0.008138373 -0.000942457 0.170170888 -0.115574941 -0.054405548 -0.062847108 0.989814460
1702688213050624256.000000 0.008138197 -0.000939001 0.170184627 -0.119278766 -0.021203283 -0.067349017 0.990346968
1702688213296007680.000000 0.008138023 -0.000937545 0.170190141 -0.120170988 -0.006946451 -0.070417598 0.990228295
1702688213508032512.000000 0.008138593 -0.000936912 0.170194805 -0.119692892 0.002932978 -0.072284468 0.990171671
1702688214295942144.000000 0.008140433 -0.000933079 0.170211643 -0.117396861 0.046883464 -0.077127390 0.988974869
1702688215417400576.000000 0.008144777 -0.000928095 0.170234889 -0.112073764 0.086476676 -0.081909001 0.986535430
1702688216001829888.000000 0.008146796 -0.000925186 0.170247018 -0.112362429 0.066419713 -0.079903230 0.988219917
1702688216211666944.000000 0.008147054 -0.000923993 0.170251667 -0.113520682 0.057960089 -0.078624099 0.988722384
1702688216834064384.000000 0.008147659 -0.000921161 0.170265019 -0.114162415 0.033935945 -0.076365337 0.989941239
1702688217083516416.000000 0.008148336 -0.000919756 0.170270264 -0.115655065 0.029823976 -0.074875601 0.990014195
1702688217290939904.000000 0.008148530 -0.000918519 0.170274630 -0.115884751 0.030919451 -0.075001344 0.989944220
1702688217501604096.000000 0.008148810 -0.000917585 0.170279264 -0.117085464 0.033364385 -0.075692341 0.989670932
1702688217708326144.000000 0.008149792 -0.000916600 0.170283899 -0.116340056 0.041032463 -0.076581873 0.989402175
1702688217915682560.000000 0.008150673 -0.000915803 0.170288295 -0.115328081 0.045246370 -0.077294029 0.989281476
1702688218125150208.000000 0.008150851 -0.000914942 0.170292392 -0.114344530 0.045676630 -0.077212892 0.989382207
1702688218581624832.000000 0.008151602 -0.000912340 0.170302168 -0.115100294 0.046902660 -0.077663444 0.989201903
1702688219582042112.000000 0.008154726 -0.000907145 0.170323238 -0.113656774 0.055461932 -0.078626178 0.988849878
1702688220045918464.000000 0.008156527 -0.000904902 0.170333162 -0.113062449 0.068898946 -0.079955183 0.987966061
1702688220250758144.000000 0.008157017 -0.000903765 0.170337334 -0.112305991 0.067739584 -0.080036350 0.988125980
1702688220541430528.000000 0.008158247 -0.000902569 0.170343742 -0.111933112 0.076340899 -0.080524817 0.987501323
1702688221539165440.000000 0.008163477 -0.000898229 0.170364648 -0.108033352 0.112882383 -0.084072575 0.984133184
1702688221786880000.000000 0.008164546 -0.000897486 0.170369729 -0.107613109 0.119402587 -0.084782101 0.983348608
1702688222040700672.000000 0.008166226 -0.000896378 0.170374811 -0.106857643 0.129812956 -0.087245598 0.981895268
1702688222537742080.000000 0.008169562 -0.000894437 0.170384809 -0.105162829 0.138125688 -0.087477848 0.980922878
1702688222871414784.000000 0.008171755 -0.000893194 0.170391560 -0.104998745 0.136405677 -0.087281980 0.981198549
1702688223202704640.000000 0.008173780 -0.000891871 0.170398384 -0.106123045 0.131619498 -0.086977661 0.981758177
1702688223499275008.000000 0.008174889 -0.000890676 0.170404375 -0.107283324 0.124391600 -0.085732847 0.982683539
1702688223830166528.000000 0.008176746 -0.000889114 0.170411557 -0.107276537 0.114503264 -0.084576324 0.983985543
1702688224161460992.000000 0.008177833 -0.000888294 0.170417279 -0.107867002 0.103979222 -0.082232304 0.985287189
1702688224499803904.000000 0.008178910 -0.000886777 0.170422852 -0.109116621 0.094862990 -0.081329070 0.986144125
1702688224785209088.000000 0.008180225 -0.000885994 0.170427412 -0.108025007 0.101159491 -0.081819735 0.985597730
1702688225830490624.000000 0.008186792 -0.000881757 0.170448884 -0.107111491 0.137631774 -0.086160235 0.980898082
1702688226491573248.000000 0.008191423 -0.000879050 0.170461655 -0.105625235 0.153756782 -0.090457410 0.978273809
1702688226783055616.000000 0.008193896 -0.000878013 0.170467287 -0.104502775 0.165195093 -0.089993469 0.976571023
1702688227076787712.000000 0.008195941 -0.000877206 0.170473233 -0.104989246 0.166703135 -0.089846104 0.976276100
1702688227373786880.000000 0.008198420 -0.000875940 0.170478866 -0.104560450 0.172329381 -0.089957923 0.975334466
1702688228032671488.000000 0.008203395 -0.000873345 0.170492023 -0.103752464 0.166173667 -0.089590982 0.976521969
1702688228704123136.000000 0.008209700 -0.000871848 0.170504749 -0.101228409 0.199288756 -0.094305061 0.970125437
1702688228952790016.000000 0.008211767 -0.000870913 0.170509458 -0.098528326 0.208569169 -0.095292360 0.968354523
1702688229280386304.000000 0.008214843 -0.000870088 0.170515954 -0.097335055 0.220534250 -0.097262777 0.965624452
1702688229531050752.000000 0.008217306 -0.000869255 0.170520708 -0.096043803 0.229699969 -0.097442470 0.963596642
1702688229825684992.000000 0.008220641 -0.000868448 0.170526296 -0.095308095 0.238625228 -0.097681604 0.961474240
1702688230113241856.000000 0.008223664 -0.000867895 0.170531332 -0.093821354 0.243298441 -0.098229393 0.960392833
1702688230365536768.000000 0.008226434 -0.000867273 0.170536175 -0.093098104 0.251038373 -0.098971590 0.958392978
1702688230613232128.000000 0.008228749 -0.000866566 0.170540988 -0.095181964 0.252767771 -0.099481203 0.957680702
1702688230866126336.000000 0.008231438 -0.000865574 0.170545623 -0.096469879 0.246113583 -0.098707214 0.959363639
1702688232030223616.000000 0.008241193 -0.000861648 0.170568600 -0.104154661 0.184745833 -0.091470912 0.972961366
1702688232327083520.000000 0.008243223 -0.000860477 0.170574501 -0.105835050 0.168309420 -0.090202577 0.975876212
1702688232574000128.000000 0.008244475 -0.000859276 0.170579940 -0.106588267 0.156377003 -0.088294514 0.977951586
1702688233154267904.000000 0.008248013 -0.000856664 0.170591891 -0.108930327 0.129561514 -0.084010519 0.981982827
1702688233487832320.000000 0.008249836 -0.000855668 0.170598596 -0.110132761 0.114542715 -0.082961693 0.983802915
1702688234073702144.000000 0.008250936 -0.000852716 0.170611143 -0.111908749 0.091024570 -0.080249712 0.986281395
1702688234776224256.000000 0.008254073 -0.000849539 0.170625836 -0.114282280 0.072974123 -0.078164406 0.987676442
1702688235070703616.000000 0.008254918 -0.000848644 0.170631424 -0.114646591 0.071624875 -0.078406490 0.987713754
1702688235734902272.000000 0.008256502 -0.000845614 0.170645252 -0.117722251 0.052324891 -0.077028282 0.988670945
1702688236108075264.000000 0.008257671 -0.000844239 0.170653045 -0.117548630 0.045638591 -0.076073550 0.989096701
1702688236734096384.000000 0.008258952 -0.000841186 0.170666039 -0.117411964 0.056916557 -0.077432975 0.988422513
1702688237028929024.000000 0.008260552 -0.000840086 0.170671985 -0.117595933 0.063144021 -0.079317831 0.987872839
1702688237358865152.000000 0.008260831 -0.000838468 0.170679495 -0.118227124 0.073234029 -0.080717586 0.986987233
1702688237783702272.000000 0.008262400 -0.000836368 0.170687869 -0.116135366 0.093579330 -0.081911385 0.985416651
1702688238108538624.000000 0.008264704 -0.000834952 0.170694530 -0.114622548 0.107413299 -0.084025033 0.984004021
1702688238441134848.000000 0.008266671 -0.000833677 0.170701519 -0.114058167 0.112999275 -0.085186295 0.983343899
1702688238775736832.000000 0.008267901 -0.000832077 0.170708612 -0.113769092 0.108436190 -0.083311372 0.984051585
1702688239148632320.000000 0.008270230 -0.000830552 0.170715973 -0.113730513 0.109876707 -0.084345944 0.983808041
1702688239480493568.000000 0.008273050 -0.000829229 0.170722440 -0.114000879 0.111367404 -0.084131949 0.983627439
1702688239815783424.000000 0.008274501 -0.000827681 0.170729414 -0.113363385 0.112209111 -0.084177792 0.983601511
1702688240189439488.000000 0.008275161 -0.000825891 0.170737579 -0.114287317 0.111676186 -0.084583253 0.983520508
1702688240604494080.000000 0.008278312 -0.000824563 0.170745507 -0.114077717 0.113435194 -0.084481075 0.983352244
1702688240983106816.000000 0.008280084 -0.000822943 0.170753300 -0.112714007 0.113544770 -0.083618216 0.983570576
1702688241313986816.000000 0.008280341 -0.000821828 0.170760334 -0.113094568 0.112752080 -0.083968587 0.983588278
1702688242771751936.000000 0.008289630 -0.000814934 0.170790315 -0.115431912 0.121529959 -0.086092547 0.982086539
1702688243103864832.000000 0.008292819 -0.000813894 0.170796022 -0.114464439 0.120146506 -0.085585028 0.982414365
1702688243476631808.000000 0.008293824 -0.000812042 0.170804635 -0.115395248 0.118240491 -0.084925078 0.982593954
1702688243851826432.000000 0.008293021 -0.000810160 0.170812577 -0.117027029 0.117628127 -0.084448323 0.982515574
1702688244186417408.000000 0.008292317 -0.000808031 0.170820221 -0.116849340 0.115851283 -0.084991910 0.982700944
1702688244518911232.000000 0.008296184 -0.000806631 0.170826182 -0.114188969 0.097735360 -0.081989445 0.985234201
1702688245227238400.000000 0.008298005 -0.000803927 0.170840904 -0.113976754 0.097458191 -0.080933549 0.985373497
1702688245851113728.000000 0.008299916 -0.000800788 0.170850888 -0.112157658 0.096501894 -0.080149852 0.985740364
1702688246142234368.000000 0.008300523 -0.000800752 0.170851603 -0.112767875 0.096754149 -0.080299623 0.985633790
1702688246433336064.000000 0.008300845 -0.000800867 0.170851439 -0.112596706 0.096525781 -0.080086797 0.985693097
1702688246683864320.000000 0.008301029 -0.000800832 0.170851380 -0.112369440 0.095918693 -0.080034733 0.985782564
