1703784360022506240.000000 0.000000000 0.000000000 0.000000000 -0.000000000 -0.000000000 -0.000000000 1.000000000
1703784360186384896.000000 -0.000075039 -0.000115003 0.014708367 0.000195716 -0.000199268 -0.000409727 0.999999881
1703784360228603648.000000 -0.000284838 0.000025362 0.017979249 0.000785353 -0.000587535 -0.000648276 0.999999344
1703784360312967936.000000 -0.000435501 -0.000153125 0.024669960 0.000994365 -0.001388343 -0.000726512 0.999998331
1703784360393128192.000000 -0.000868259 -0.000098415 0.031695645 0.001591053 -0.001479056 -0.000805434 0.999997318
1703784360520680448.000000 -0.000969441 -0.000019143 0.042005058 0.001363940 -0.001667229 -0.001342568 0.999996781
1703784360686978560.000000 -0.001332411 -0.000100275 0.056033093 0.001222492 -0.001548489 -0.001876347 0.999996305
1703784360850561024.000000 -0.001197964 -0.000060587 0.069913395 0.001447991 -0.002077469 -0.001456751 0.999995768
1703784361018845184.000000 -0.001593839 -0.000279943 0.083243459 0.001783884 -0.002002776 -0.001265753 0.999995649
1703784363146023680.000000 -0.003928806 -0.000735544 0.261473298 0.001387011 -0.008359075 0.000266427 0.999964118
1703784363312843008.000000 -0.004836827 -0.001030548 0.275437832 0.001607039 -0.008219221 -0.000063321 0.999964952
1703784363485483264.000000 -0.004683518 -0.000939745 0.289020330 0.001392932 -0.008377241 -0.000224567 0.999963939
1703784363891480576.000000 -0.004764135 -0.000972531 0.324246168 0.001570235 -0.008887934 -0.000397106 0.999959230
1703784364435055872.000000 -0.007286055 -0.001221882 0.368944854 0.002530769 -0.007822573 -0.001180975 0.999965489
1703784364639459072.000000 -0.006563328 -0.001507609 0.386292368 0.002487683 -0.010090235 -0.000498678 0.999945879
1703784364859025152.000000 -0.006797747 -0.001625075 0.403712481 0.003282107 -0.011884762 0.000058315 0.999924004
1703784365059247360.000000 -0.007544092 -0.001312899 0.421561837 0.002557202 -0.014834705 -0.000434247 0.999886632
1703784365764976384.000000 -0.008796343 -0.000978339 0.481011778 0.001409801 -0.016563781 0.000153931 0.999861836
1703784366014055680.000000 -0.010613384 -0.000875195 0.502288043 0.000289003 -0.018467147 0.000162412 0.999829412
1703784366431479808.000000 -0.012173004 -0.000935135 0.536893487 -0.000076767 -0.020152740 -0.000249265 0.999796867
1703784366681647104.000000 -0.013203088 -0.000697650 0.558131754 0.000126518 -0.020030512 -0.000253198 0.999799371
1703784367725350400.000000 -0.017936770 -0.000773659 0.644088745 0.001215040 -0.023617892 -0.000205503 0.999720335
1703784367970803712.000000 -0.018766388 -0.001044988 0.664874136 -0.000053550 -0.021796221 -0.000492625 0.999762356
1703784368179402240.000000 -0.020032581 -0.000848326 0.682568491 -0.000158061 -0.020609803 -0.001320109 0.999786735
1703784368431742720.000000 -0.020163750 -0.000493491 0.702768683 0.000276639 -0.025760364 -0.000010524 0.999668121
1703784368719784448.000000 -0.022493768 -0.000915252 0.727202654 -0.000270012 -0.026079910 0.000928590 0.999659419
1703784369137587968.000000 -0.023495806 -0.001064042 0.761712730 0.000025538 -0.020404553 0.001761602 0.999790251
1703784369430809344.000000 -0.024064254 -0.001094326 0.785644054 -0.000295098 -0.016487908 0.001830566 0.999862373
1703784369717911552.000000 -0.024805754 -0.000590232 0.810043693 -0.000457447 -0.017959720 0.001625613 0.999837279
1703784370344884224.000000 -0.026862269 -0.001747656 0.860366762 0.002920836 -0.028052066 0.002368478 0.999599397
1703784370683678976.000000 -0.029493928 -0.001902535 0.887737572 0.003882196 -0.026680820 0.002538417 0.999633253
1703784371012187904.000000 -0.029396255 -0.002174798 0.916167438 0.002540624 -0.023491392 0.002482228 0.999717772
1703784371342935040.000000 -0.030875342 -0.002299880 0.943448544 0.003546319 -0.010950557 0.000171326 0.999933779
1703784372009742848.000000 -0.034573592 -0.002674133 0.994103789 0.003894467 -0.034031741 0.000808370 0.999412835
1703784372262601472.000000 -0.037450422 -0.003528865 1.012839794 0.005961298 -0.044990715 0.000198424 0.998969615
1703784372592936448.000000 -0.041373827 -0.003877109 1.039828062 0.006206186 -0.052304227 0.000242699 0.998611927
1703784372923496192.000000 -0.044375386 -0.003234803 1.067676783 0.004097274 -0.057902042 0.000894653 0.998313487
1703784373634910464.000000 -0.051976420 -0.003360368 1.126376867 0.000931983 -0.062110588 0.001585710 0.998067558
1703784373922749184.000000 -0.054370154 -0.003260048 1.150820255 0.001276031 -0.057221677 0.002330875 0.998358011
1703784374258751744.000000 -0.056436915 -0.003314245 1.179225206 -0.000978316 -0.046478279 0.001425484 0.998917818
1703784374590418944.000000 -0.059503738 -0.003434091 1.206288218 0.000526195 -0.047329590 0.000327351 0.998879194
1703784375006464768.000000 -0.061191358 -0.003571376 1.241074562 0.001134482 -0.028688088 0.000548731 0.999587595
1703784375382414848.000000 -0.061560847 -0.004084955 1.271718979 0.000865004 -0.021702394 0.000517762 0.999763966
1703784375757398016.000000 -0.063394308 -0.003824296 1.302628517 0.000772365 -0.022809340 -0.000191382 0.999739528
1703784376214995712.000000 -0.064946897 -0.003223605 1.339946866 0.000562699 -0.022499532 -0.000435145 0.999746621
1703784376632402432.000000 -0.066547453 -0.003721771 1.373756766 -0.000572842 -0.013755770 -0.001358767 0.999904335
1703784377007226368.000000 -0.067532249 -0.003406353 1.405634165 -0.001996301 -0.015090987 -0.001308766 0.999883294
1703784377338755328.000000 -0.069140188 -0.002953147 1.433467984 -0.001518481 -0.012532650 -0.002983989 0.999915898
1703784377717765376.000000 -0.069061123 -0.003486782 1.463465214 -0.000694265 -0.015340501 -0.001350909 0.999881208
1703784378129213952.000000 -0.070590116 -0.003253325 1.498289108 -0.002152379 -0.017467842 -0.000667868 0.999844909
1703784378589584640.000000 -0.071704097 -0.003510002 1.536236048 -0.000157147 -0.019355157 -0.000929522 0.999812245
1703784379129968640.000000 -0.074521065 -0.002985024 1.581262946 -0.002444776 -0.019475885 -0.001166104 0.999806643
1703784379544730368.000000 -0.075362250 -0.002805872 1.614898562 -0.001431608 -0.015794715 -0.001284177 0.999873459
1703784379920032768.000000 -0.076422438 -0.003295845 1.645133376 -0.000290474 -0.015713450 -0.001112377 0.999875903
1703784380293656064.000000 -0.077449866 -0.003244691 1.675637960 -0.000603184 -0.015877446 -0.001782890 0.999872208
1703784380629065728.000000 -0.078246966 -0.002939925 1.702737451 -0.000600382 -0.023973817 -0.000214816 0.999712408
1703784381005775104.000000 -0.079810999 -0.002999817 1.732817173 -0.000160961 -0.023471782 0.000758907 0.999724209
1703784381418283776.000000 -0.081630357 -0.003405239 1.765470624 -0.000123593 -0.027894132 0.001057492 0.999610305
1703784381834243328.000000 -0.081217580 -0.002970518 1.800797224 -0.001106261 -0.006284116 0.000662606 0.999979436
1703784382208979712.000000 -0.079102434 -0.002936457 1.831093550 -0.000667266 0.014836611 0.001065915 0.999889135
1703784382586634496.000000 -0.076832905 -0.003270358 1.861251593 0.001807967 0.031713631 0.000474361 0.999495268
1703784383083300096.000000 -0.072384998 -0.003315276 1.901392460 0.002727701 0.051217418 0.000397894 0.998683751
1703784383624028672.000000 -0.064857364 -0.004004386 1.945144057 0.002748291 0.073966019 -0.000498208 0.997256875
1703784384122308608.000000 -0.057834089 -0.004246057 1.985898733 0.001438071 0.077889010 0.000424226 0.996960938
1703784384544103424.000000 -0.053780295 -0.004158147 2.020620584 0.000285397 0.073856890 -0.000300356 0.997268796
1703784384958669824.000000 -0.048981138 -0.004264083 2.053580999 0.000442294 0.069965847 0.000018511 0.997549295
1703784385539006208.000000 -0.042159777 -0.004162590 2.099658012 0.002539536 0.066009417 0.000558038 0.997815669
1703784385996535808.000000 -0.037879944 -0.004157247 2.137441635 0.003031944 0.066860929 0.000287039 0.997757673
1703784386413784576.000000 -0.034035355 -0.003811749 2.172187090 0.001252062 0.064928167 -0.000151248 0.997889161
1703784386914448896.000000 -0.029374504 -0.005219405 2.211415768 0.001628618 0.061670754 -0.000059511 0.998095214
1703784387330716160.000000 -0.024571657 -0.005131903 2.244817495 0.001691391 0.059426401 0.000582019 0.998231113
1703784387787056640.000000 -0.020961495 -0.004755562 2.282727957 0.002004832 0.059551492 -0.000276467 0.998223186
1703784388244051200.000000 -0.016657159 -0.004458185 2.319525719 0.002435490 0.059198488 0.000516751 0.998243153
1703784388576959488.000000 -0.012099055 -0.005011321 2.346350670 0.002441726 0.071164243 0.000388777 0.997461557
1703784388870057472.000000 -0.008588331 -0.004530883 2.369691133 0.002168168 0.073839277 0.000521028 0.997267723
1703784389452408320.000000 -0.005759860 -0.004977840 2.416491270 0.003593788 0.042468093 0.001389007 0.999090433
1703784389786021632.000000 -0.004484896 -0.004957401 2.442741871 0.003495737 0.029276378 0.001170992 0.999564588
1703784390118775808.000000 -0.003689653 -0.004799226 2.471236706 0.002326183 0.024016265 0.001568980 0.999707639
1703784390493805056.000000 -0.000218695 -0.005274345 2.501225471 0.003052255 0.043583598 0.000673358 0.999044895
1703784390868013824.000000 0.002284499 -0.005455365 2.531896830 0.002242097 0.047172818 0.000241776 0.998884201
1703784391209605632.000000 0.005341390 -0.005102484 2.559837103 0.000055667 0.045959551 0.000379233 0.998943269
1703784391580950016.000000 0.008644655 -0.005198900 2.589881182 0.001360704 0.047653776 0.000252051 0.998862982
1703784391907772416.000000 0.011421094 -0.005213788 2.617443323 0.001869037 0.046640284 0.000550491 0.998909831
1703784392241395968.000000 0.014209129 -0.005546592 2.644014120 0.002541328 0.045101210 0.000435995 0.998979092
1703784392577483776.000000 0.017051481 -0.005577480 2.671036720 0.002476577 0.051166393 0.000692052 0.998686850
1703784392952522240.000000 0.019930849 -0.006357510 2.700510263 0.004310113 0.048340190 0.000992765 0.998821139
1703784393364211712.000000 0.023480559 -0.007030428 2.734344959 0.004389315 0.050423585 0.002094785 0.998716056
1703784393702797824.000000 0.025725134 -0.006789859 2.761987448 0.003469876 0.051450320 0.001594673 0.998668253
1703784393995974912.000000 0.027694894 -0.006517072 2.784997463 0.004141494 0.050368082 0.000889040 0.998721778
1703784394285413376.000000 0.030085512 -0.006939827 2.808917761 0.003909522 0.055025775 0.001738811 0.998475790
1703784394658033664.000000 0.034256846 -0.007096897 2.840607882 0.002611194 0.059050649 0.000940797 0.998251140
1703784394990372608.000000 0.037962284 -0.007021732 2.868168116 0.001191947 0.061828002 0.000544493 0.998085976
1703784395326174464.000000 0.041951463 -0.006874304 2.894092321 0.001447205 0.069973692 0.000268014 0.997547746
1703784395616952576.000000 0.045784805 -0.007261761 2.917597294 0.003158580 0.077223703 -0.000013556 0.997008801
1703784395904792064.000000 0.050903041 -0.007258852 2.941233397 0.001751610 0.085028544 0.000720968 0.996376753
1703784396238164480.000000 0.056044586 -0.007479952 2.967856646 0.001640108 0.091396824 0.000165114 0.995813191
1703784396528453120.000000 0.059936672 -0.007479251 2.991214752 0.001971837 0.096987076 -0.000762817 0.995283425
1703784396861431552.000000 0.065885790 -0.007385983 3.018042564 0.002598464 0.098160975 -0.001372917 0.995166242
1703784397199155968.000000 0.070459224 -0.007381476 3.044640779 0.001776524 0.094063304 -0.000698859 0.995564401
1703784397528145664.000000 0.074701384 -0.007386114 3.070844889 0.004264336 0.087795578 -0.001318548 0.996128559
1703784397862036992.000000 0.078643695 -0.007998068 3.097562790 0.004841915 0.075679183 -0.000745763 0.997120202
1703784398153961984.000000 0.080901459 -0.008515883 3.121469975 0.003843789 0.063260272 -0.001053399 0.997989118
1703784398445918464.000000 0.082155541 -0.008669881 3.145543337 0.003198111 0.050979730 -0.000729183 0.998694301
1703784398740839168.000000 0.083030291 -0.008229824 3.169943333 0.002151229 0.036915638 -0.000892719 0.999315679
1703784399153213440.000000 0.083720550 -0.008179199 3.204499960 0.001311209 0.018715980 -0.000372314 0.999823928
1703784399489665280.000000 0.082666680 -0.008425748 3.232352734 0.000435300 0.004415370 -0.001147755 0.999989510
1703784399818071808.000000 0.081237994 -0.008857581 3.258508444 0.001431910 -0.011193273 -0.001038510 0.999935806
1703784400152051200.000000 0.079537965 -0.008798279 3.286257744 0.000200017 -0.024553746 0.000837306 0.999698162
1703784400485846528.000000 0.077224478 -0.008537703 3.313938141 -0.000047821 -0.028550889 -0.000601602 0.999592185
1703784400778054400.000000 0.076146223 -0.008170852 3.338502645 -0.000410412 -0.028383931 -0.000308055 0.999596953
1703784401109241856.000000 0.074328788 -0.008242511 3.365273952 -0.000120756 -0.026987048 -0.001561651 0.999634564
1703784401441408768.000000 0.072181374 -0.007877149 3.392457247 -0.000232157 -0.027915275 -0.002513219 0.999607086
1703784401819516160.000000 0.071338676 -0.008550853 3.422710419 0.000101148 -0.022099189 -0.001712000 0.999754310
1703784402234161152.000000 0.068369880 -0.008718103 3.455926418 0.000608028 -0.033458982 -0.001148223 0.999439299
1703784402530556416.000000 0.066770710 -0.009051948 3.479857206 0.001693115 -0.036809795 -0.001264588 0.999320090
1703784402859660544.000000 0.064872637 -0.008243986 3.507859945 -0.000502533 -0.030649139 -0.001850265 0.999528348
1703784403190059008.000000 0.064012818 -0.007814081 3.534907103 -0.001122178 -0.021274263 -0.001752770 0.999771535
1703784403526436096.000000 0.062669396 -0.008382030 3.561249495 -0.000478987 -0.024859093 -0.001396110 0.999689877
1703784403814462208.000000 0.061043128 -0.008616236 3.585025787 -0.000824133 -0.028457029 -0.000820907 0.999594331
1703784404108601344.000000 0.059893895 -0.008177366 3.609610319 -0.001365533 -0.027476201 -0.001172800 0.999620855
1703784404490992896.000000 0.057910193 -0.008379825 3.639187574 -0.001279598 -0.024358595 -0.001402696 0.999701500
1703784404900481024.000000 0.056292687 -0.009170341 3.672585964 0.002544453 -0.025672672 -0.000580864 0.999666989
1703784405270565120.000000 0.055278759 -0.009125995 3.702866077 0.001696547 -0.016365228 -0.000168539 0.999864638
1703784405689264896.000000 0.054966692 -0.009263599 3.736964703 0.000907857 -0.003739964 -0.000592296 0.999992430
1703784406027163904.000000 0.055029653 -0.009520286 3.764123201 0.000038413 -0.003897723 0.000112605 0.999992430
1703784406400655104.000000 0.054558333 -0.009274364 3.794748545 0.000408947 -0.000096371 0.000130956 0.999999940
1703784406732413696.000000 0.055357307 -0.009591200 3.821471453 0.000695882 0.003943456 0.000110205 0.999992013
1703784407061841664.000000 0.056336015 -0.009681294 3.848742485 0.000478854 0.008816198 -0.000278844 0.999961019
1703784407562146560.000000 0.057852503 -0.010044537 3.889052629 0.001312312 0.017541282 -0.000637496 0.999845088
1703784407900682752.000000 0.059493616 -0.009908176 3.916434765 0.001294318 0.019298233 -0.001191589 0.999812245
1703784408270400000.000000 0.060464453 -0.010233278 3.947245359 0.001594263 0.023257671 -0.000828516 0.999727905
1703784408643025664.000000 0.061268680 -0.009559849 3.977199316 0.000527877 0.026247062 -0.001861087 0.999653637
1703784408977953280.000000 0.061948203 -0.009617028 4.004728794 0.000055838 0.017264251 -0.001615759 0.999849677
1703784409393807104.000000 0.061455723 -0.009952797 4.038844109 0.000502744 0.003320130 -0.001634332 0.999993026
1703784409726724864.000000 0.061641764 -0.009861055 4.066117764 0.001356202 0.004320614 -0.001450940 0.999988735
1703784410102436608.000000 0.063704900 -0.009502134 4.096376896 0.000525560 0.021861307 -0.001149641 0.999760211
1703784410476017920.000000 0.060974151 -0.009586310 4.116022110 -0.001562170 -0.006830242 -0.001422852 0.999974430
1703784410853985792.000000 0.061165329 -0.009724061 4.130074501 -0.000818705 -0.002855771 -0.001949465 0.999993682
1703784411184194560.000000 0.063291676 -0.010809208 4.154857159 0.000453392 0.014829438 -0.001339220 0.999889016
1703784411604382208.000000 0.066800781 -0.010439421 4.188490391 -0.000031336 0.032984219 -0.000023617 0.999455869
1703784411934817792.000000 0.068976663 -0.010766436 4.214962482 -0.000346738 0.034156304 -0.000615550 0.999416292
1703784412389984256.000000 0.073520042 -0.011406343 4.251747131 0.000043588 0.046670917 0.000353816 0.998910248
1703784412727244544.000000 0.077726230 -0.010424562 4.278962612 0.000548933 0.064713202 0.000063833 0.997903764
1703784413100399872.000000 0.083779052 -0.010463651 4.309000492 0.000234219 0.083875798 0.000325437 0.996476173
1703784413475043840.000000 0.090629205 -0.010028373 4.338004589 -0.000215827 0.103006817 -0.000363450 0.994680583
1703784413889076736.000000 0.099741526 -0.011210323 4.370058060 0.000156718 0.116496734 0.001206824 0.993190348
1703784414264456448.000000 0.108123049 -0.011446305 4.397784233 0.002497969 0.135392085 -0.001832871 0.990787268
1703784415388923392.000000 0.136151493 -0.011764783 4.483975887 0.000080031 0.157727987 -0.000288556 0.987482548
1703784415764393984.000000 0.146799892 -0.010922092 4.513570786 -0.000555237 0.156922087 0.000379501 0.987610757
1703784416095421696.000000 0.153327227 -0.011629185 4.539788723 -0.000046213 0.152873203 -0.001660057 0.988244414
1703784416386694656.000000 0.160401121 -0.011176534 4.562047005 -0.001146924 0.145101711 -0.001997861 0.989414096
1703784416762116352.000000 0.166845992 -0.010767415 4.589993000 -0.003019038 0.132313296 -0.001482253 0.991202235
1703784418511082240.000000 0.160376638 -0.009927710 4.697436333 0.000434232 -0.037847519 -0.000459685 0.999283314
1703784418929987584.000000 0.153398484 -0.009998422 4.726027489 -0.000706991 -0.076093078 -0.000202146 0.997100472
1703784419262359040.000000 0.147584096 -0.009274134 4.750711918 -0.001519895 -0.096292369 0.000094819 0.995351970
1703784419634293760.000000 0.138917044 -0.008878468 4.779112339 -0.002799304 -0.111833349 0.000415527 0.993722975
1703784420050364160.000000 0.129090220 -0.008061836 4.813092232 -0.002858225 -0.130587950 0.001327255 0.991431713
1703784420390280192.000000 0.120160021 -0.007992108 4.838015079 -0.003068509 -0.145336524 0.000209106 0.989377499
1703784421091511808.000000 0.098378994 -0.006204732 4.891729832 -0.001269615 -0.177173004 -0.000314228 0.984178901
1703784421424847872.000000 0.086549312 -0.006691303 4.916141987 -0.001599628 -0.191574931 0.000218758 0.981476665
1703784421802060544.000000 0.073399127 -0.006164379 4.944338799 -0.003428644 -0.208778918 0.000073775 0.977956891
1703784422132385280.000000 0.060873955 -0.006563470 4.968022823 -0.002825899 -0.223681509 -0.000785555 0.974657893
1703784422516175872.000000 0.045794576 -0.005572102 4.994709492 -0.003081314 -0.240399733 -0.000353486 0.970669031
1703784422884859136.000000 0.029345363 -0.006801742 5.020855427 -0.005001832 -0.257120669 -0.000629365 0.966366172
1703784424089163264.000000 -0.028715909 -0.006181653 5.099830151 -0.002793732 -0.312363029 0.000208443 0.949958682
1703784424421719552.000000 -0.045288980 -0.007090103 5.121676922 -0.003587858 -0.327784866 0.000819537 0.944745243
1703784424755983360.000000 -0.063845873 -0.006415607 5.141598225 -0.002183262 -0.343323678 0.001587150 0.939213276
1703784425046931968.000000 -0.080000341 -0.007077573 5.159093380 -0.001212129 -0.358209819 0.002449146 0.933637142
1703784425382335744.000000 -0.100552261 -0.005644606 5.178562164 -0.003277891 -0.375425339 0.001803563 0.926845074
1703784425715125760.000000 -0.120347738 -0.006663491 5.196949005 -0.002854000 -0.391540349 0.000398903 0.920156479
1703784426503806976.000000 -0.172147751 -0.006299706 5.236548424 -0.004326626 -0.433213770 0.001373909 0.901279747
1703784426794439680.000000 -0.191865206 -0.005313849 5.249247074 -0.004840044 -0.448934674 0.000055677 0.893551528
1703784427043894016.000000 -0.207973242 -0.005487818 5.259037018 -0.003839520 -0.464203984 0.000337105 0.885720015
1703784427550466560.000000 -0.242473960 -0.004821471 5.276643276 -0.002885540 -0.499906301 0.001029994 0.866074085
1703784427795210240.000000 -0.259627342 -0.005436640 5.284683228 -0.004324860 -0.518038213 0.001103440 0.855345845
1703784428044809216.000000 -0.278864384 -0.005373403 5.292197227 -0.005314623 -0.535378277 0.000724446 0.844595373
1703784428376793344.000000 -0.301494837 -0.005383712 5.299655437 -0.003964717 -0.558565974 0.002399654 0.829447150
1703784428668110848.000000 -0.321205854 -0.005074237 5.303797722 -0.004089836 -0.577173412 0.001497377 0.816609979
1703784428960813824.000000 -0.343420267 -0.005132746 5.308481693 -0.004915529 -0.602030098 0.001744877 0.798456371
1703784429714986752.000000 -0.388595104 -0.004999686 5.312307358 -0.004815582 -0.655368447 0.001788354 0.755291879
1703784429963727616.000000 -0.400393963 -0.004863897 5.312087536 -0.004736489 -0.668870330 0.002403287 0.743360102
1703784430249609216.000000 -0.412419319 -0.004316643 5.312043190 -0.003702873 -0.678457320 0.003432875 0.734622478
1703784430500741888.000000 -0.427545547 -0.004554961 5.313134193 -0.004403674 -0.683306813 0.004098786 0.730106652
1703784430833659136.000000 -0.455272675 -0.003925394 5.313529491 -0.005335576 -0.690395296 0.001730141 0.723410606
1703784431085510656.000000 -0.474347591 -0.004134838 5.314048290 -0.005102927 -0.686870158 0.001092045 0.726761520
1703784431332138240.000000 -0.494615555 -0.004374873 5.316022873 -0.005143585 -0.680895030 0.001154857 0.732362092
1703784431623881472.000000 -0.518224239 -0.003831360 5.319514751 -0.005163807 -0.675837994 0.001704962 0.737030149
1703784431915132160.000000 -0.541076183 -0.004120633 5.319053173 -0.005119324 -0.688566089 0.001814722 0.725153267
1703784432168609024.000000 -0.561381340 -0.003981821 5.318788052 -0.005037948 -0.698180377 0.002535196 0.715899706
1703784432416167680.000000 -0.581300259 -0.003612209 5.318382263 -0.005117830 -0.706735969 0.001718749 0.707456827
1703784432706478080.000000 -0.604825974 -0.003604038 5.317210197 -0.004291941 -0.712544143 0.002509259 0.701609671
1703784433000730112.000000 -0.628728867 -0.003387243 5.316470146 -0.004864336 -0.708937049 0.001773283 0.705252767
1703784433331070976.000000 -0.656716824 -0.003155559 5.316894054 -0.006241794 -0.707948864 0.000504794 0.706235945
1703784433621816064.000000 -0.678906918 -0.002884235 5.314833641 -0.005300035 -0.716781259 0.002343945 0.697274089
1703784433915722496.000000 -0.702940464 -0.002595205 5.314807415 -0.004790976 -0.716366708 0.002002837 0.697704673
1703784434204754944.000000 -0.726554394 -0.002992172 5.313731670 -0.005315312 -0.714196444 -0.000053238 0.699925125
1703784434497450496.000000 -0.749403954 -0.002877992 5.314329624 -0.005580190 -0.705130875 0.000144988 0.709055305
1703784434830351360.000000 -0.775804043 -0.002723984 5.316064835 -0.004231961 -0.695081770 0.001420286 0.718916833
1703784435161699840.000000 -0.802227020 -0.002900148 5.318191051 -0.003426720 -0.682777643 0.002212640 0.730614841
1703784435495979264.000000 -0.828991175 -0.003100967 5.322400093 -0.003898613 -0.670612335 0.002307010 0.741794169
1703784435827760896.000000 -0.856853485 -0.002883174 5.326706886 -0.003302046 -0.656330168 0.001400906 0.754465222
1703784436080045824.000000 -0.875799894 -0.002533254 5.329700947 -0.002635439 -0.655979693 0.001986655 0.754771352
1703784436369227520.000000 -0.900002956 -0.002615664 5.332836628 -0.004855060 -0.659209311 0.001332012 0.751942575
1703784436744492800.000000 -0.930867672 -0.001976959 5.335576534 -0.005961051 -0.667010486 0.000371195 0.745024502
1703784437078156288.000000 -0.957139492 -0.002148237 5.335376263 -0.005627297 -0.684030890 0.000217383 0.729431331
1703784437409950208.000000 -0.983433962 -0.002063511 5.337965965 -0.004936907 -0.674272418 0.002469946 0.738462090
1703784437745041408.000000 -1.009643555 -0.001529898 5.341475487 -0.004345527 -0.664876997 0.002185708 0.746937096
1703784438075908608.000000 -1.036816359 -0.001215316 5.344995499 -0.004521091 -0.658529878 0.001568728 0.752539456
1703784438412858112.000000 -1.064338923 -0.001117196 5.346663475 -0.005603970 -0.670918465 0.001365853 0.741508722
1703784438744505600.000000 -1.090143204 -0.000628591 5.348124504 -0.003817118 -0.673636675 0.002086639 0.739049971
1703784439078678528.000000 -1.116760015 -0.000511680 5.352291107 -0.003232345 -0.662855268 0.001727083 0.748738587
1703784439409088000.000000 -1.142508507 -0.001084823 5.357086182 -0.003954662 -0.650978327 0.002435894 0.759082139
1703784439743716608.000000 -1.169587135 -0.001574162 5.362356186 -0.004358532 -0.638078690 0.002002736 0.769956231
1703784440077220864.000000 -1.195127249 -0.001178153 5.368729115 -0.003700257 -0.628729820 0.002304209 0.777611673
1703784440407817728.000000 -1.220708847 -0.000963787 5.376149178 -0.003913479 -0.619556546 0.001762501 0.784940302
1703784440783995648.000000 -1.250004053 -0.000926385 5.384618759 -0.004546676 -0.606718481 0.001915958 0.794901490
1703784441158905856.000000 -1.279084682 0.000037787 5.393932819 -0.003992295 -0.595087826 0.001262361 0.803649783
1703784441574869760.000000 -1.311619759 -0.000034818 5.405368805 -0.005494588 -0.580561221 0.000300856 0.814198017
1703784441918869760.000000 -1.335433602 0.000482876 5.415774345 -0.004619757 -0.567698240 0.000263153 0.823223710
1703784442369630464.000000 -1.369004250 0.000299870 5.430921555 -0.004197766 -0.552711308 0.001690673 0.833360493
1703784442703161856.000000 -1.394396663 0.001143297 5.441601753 -0.004150767 -0.549462199 0.001724784 0.835506499
1703784443072876288.000000 -1.421009064 0.001278576 5.454866409 -0.003317254 -0.539441168 0.002708394 0.842012405
1703784443408061440.000000 -1.444268227 0.000748237 5.465987206 -0.002842975 -0.534034789 0.003009084 0.845452368
1703784443698527744.000000 -1.466297865 0.001351020 5.476467133 -0.002666834 -0.532474697 0.002922214 0.846436679
1703784443987205632.000000 -1.487445831 0.001713224 5.487082005 -0.003390755 -0.534980178 0.002687520 0.844853520
1703784444281206272.000000 -1.509362936 0.001968189 5.495984077 -0.002381940 -0.538349509 0.002637686 0.842714190
1703784444613342976.000000 -1.533949137 0.002257004 5.506488800 -0.003893016 -0.543426692 0.002712155 0.839443207
1703784444987662848.000000 -1.560600638 0.002269132 5.520398140 -0.005029643 -0.528351605 0.002583792 0.849006832
1703784445486888448.000000 -1.594028115 0.002438992 5.541187286 -0.004194840 -0.509583831 0.002322956 0.860407710
1703784445906760960.000000 -1.623069167 0.002593165 5.557410717 -0.005510549 -0.506892443 0.001012238 0.861991167
1703784446279315200.000000 -1.650521278 0.003241769 5.570819855 -0.005219574 -0.515367210 0.001103042 0.856952846
1703784446487306240.000000 -1.665014982 0.003793953 5.578176498 -0.004884574 -0.519787729 0.002693167 0.854277253
1703784446780271872.000000 -1.685636759 0.003898601 5.589514732 -0.004532361 -0.515711308 0.002025770 0.856747985
1703784447027395072.000000 -1.702646494 0.003761121 5.599970818 -0.003586527 -0.505321324 0.002572080 0.862919986
1703784447653308672.000000 -1.744548559 0.004861540 5.626984596 -0.003314809 -0.487026155 0.002421513 0.873377740
1703784447905025280.000000 -1.759214640 0.003725492 5.637925625 -0.002625961 -0.472174853 0.003552016 0.881493866
1703784448195475456.000000 -1.777286053 0.003909245 5.652392864 -0.001970249 -0.460636228 0.004782688 0.887573957
1703784448484217600.000000 -1.795658827 0.004178135 5.666865349 -0.002653445 -0.451579303 0.003905953 0.892218471
1703784448691164160.000000 -1.808712840 0.004550316 5.677688122 -0.003073395 -0.442203462 0.003845054 0.896901250
1703784448944182016.000000 -1.823135614 0.004411616 5.691464424 -0.003502983 -0.428762227 0.004577580 0.903398991
1703784449441694208.000000 -1.850246549 0.005099060 5.719729900 -0.002351259 -0.400660753 0.005848438 0.916204810
1703784449691729152.000000 -1.864122629 0.004598575 5.734540462 -0.002475354 -0.381146759 0.005150803 0.924496889
1703784449983949056.000000 -1.878309727 0.005177025 5.753655434 -0.003448865 -0.354722619 0.004424290 0.934954762
1703784450233820160.000000 -1.889968038 0.004873632 5.769457340 -0.003495100 -0.331578046 0.003991156 0.943412900
1703784450565627136.000000 -1.903216362 0.005590910 5.792560577 -0.003049949 -0.301642001 0.004176214 0.953407288
1703784450815473920.000000 -1.913087845 0.005699045 5.809897900 -0.002667678 -0.280140549 0.004314989 0.959945619
1703784451358184448.000000 -1.933863759 0.006650908 5.847784519 -0.004308780 -0.251453489 0.002821079 0.967855692
1703784451612121856.000000 -1.942950845 0.006606655 5.864511013 -0.001861326 -0.243812919 0.003444825 0.969814420
1703784451773070336.000000 -1.948510051 0.006845147 5.875755787 -0.000155993 -0.239799783 0.003747498 0.970815122
1703784451984268032.000000 -1.955903769 0.006470464 5.890962601 -0.001533013 -0.235005140 0.004160718 0.971984029
1703784452483783168.000000 -1.972758651 0.007964446 5.929530144 -0.008361178 -0.227254078 0.006584315 0.973777354
1703784452731083520.000000 -1.980690598 0.008288026 5.948739529 -0.010941007 -0.225987270 0.009722258 0.974020302
1703784453231411456.000000 -1.999064088 0.008925943 5.982779026 -0.009400249 -0.221920699 0.002582696 0.975015998
1703784453523366656.000000 -2.011025667 0.008840634 6.002054691 -0.005981456 -0.222240657 -0.006289452 0.974953234
1703784453812686336.000000 -2.022453547 0.008210087 6.020795345 -0.003524760 -0.239375681 -0.006315628 0.970900118
1703784454397616384.000000 -2.039201498 0.006444320 6.053914070 0.011794166 -0.251471162 0.003631229 0.967786133
1703784454652702464.000000 -2.047958136 0.006449374 6.070208549 0.008316839 -0.237131149 -0.000277201 0.971441984
1703784455811345664.000000 -2.080091715 0.006797712 6.157277584 0.003295577 -0.174543053 -0.000438021 0.984643936
1703784456480685824.000000 -2.094518900 0.007501416 6.209004402 -0.000427184 -0.139777437 -0.000476798 0.990182757
1703784456732489472.000000 -2.098055363 0.007621260 6.228340626 -0.002429873 -0.126901552 -0.000171357 0.991912365
1703784456936663552.000000 -2.101712227 0.008340426 6.245244503 -0.003191812 -0.113443889 -0.001077862 0.993538737
1703784457602251776.000000 -2.110877037 0.008535524 6.296044350 -0.003773817 -0.083422042 -0.001546171 0.996505976
1703784458354291968.000000 -2.115692377 0.008924241 6.355124950 -0.004628455 -0.045259040 -0.002060415 0.998962462
1703784458728211968.000000 -2.117405176 0.008555760 6.384013176 -0.003382033 -0.032738093 -0.002084492 0.999456048
1703784458976038144.000000 -2.119064331 0.008891421 6.403142452 -0.001568577 -0.035835683 -0.001835506 0.999354780
1703784459640705792.000000 -2.126360893 0.008679827 6.454323292 -0.001598079 -0.056998752 -0.000695305 0.998372734
1703784459937239040.000000 -2.129073620 0.008893974 6.477553844 -0.001357550 -0.066387326 -0.001313157 0.997792125
1703784460436073216.000000 -2.136023760 0.008617150 6.515452862 -0.000640914 -0.077725872 -0.000619502 0.996974409
1703784460722539264.000000 -2.138726711 0.009288123 6.538732052 -0.002047663 -0.076674953 -0.000304084 0.997053981
1703784461014772992.000000 -2.142034292 0.009384144 6.561902046 -0.001942201 -0.070031367 -0.000517312 0.997542799
1703784461309704960.000000 -2.145716190 0.009526894 6.583942413 -0.001999965 -0.070800707 -0.001235660 0.997487724
1703784461683090688.000000 -2.149820089 0.009854309 6.612535000 -0.002155924 -0.071343414 -0.001090540 0.997448921
1703784461975023360.000000 -2.152610302 0.010101590 6.635069847 -0.002979608 -0.066759743 -0.001599038 0.997763336
1703784462308709376.000000 -2.155629158 0.010241504 6.660811901 -0.002938784 -0.058624137 -0.001717337 0.998274326
1703784462595943168.000000 -2.156385422 0.010365278 6.683236122 -0.001960803 -0.051221348 -0.001020907 0.998684883
1703784462936715520.000000 -2.158712864 0.010525531 6.709305286 -0.001958598 -0.047593776 -0.001550429 0.998863637
1703784463512650752.000000 -2.161469460 0.010646829 6.754273891 -0.001580856 -0.030443534 -0.001265465 0.999534428
1703784464013711104.000000 -2.163417578 0.010921625 6.793138504 -0.001527573 -0.022073487 -0.000348649 0.999755144
1703784464387882496.000000 -2.164170265 0.011319473 6.822479248 -0.002938735 -0.015504926 -0.001386949 0.999874532
1703784464719865600.000000 -2.163616657 0.010805244 6.847602844 -0.002732433 -0.001999264 -0.000720328 0.999994040
1703784465011074048.000000 -2.162864685 0.010766609 6.869727612 -0.001598171 0.008282626 -0.000520182 0.999964297
1703784465303869184.000000 -2.161137104 0.011349528 6.892269135 -0.000753811 0.015771016 -0.000688554 0.999875128
1703784465593988608.000000 -2.160189152 0.011443122 6.914958477 -0.001387225 0.024679948 -0.000744176 0.999694169
1703784465969606144.000000 -2.158281326 0.011240270 6.943307877 -0.000922765 0.027834773 -0.000490659 0.999611974
1703784466262407424.000000 -2.157390118 0.011288725 6.965887547 0.000244734 0.028381938 -0.000613474 0.999596953
1703784466552071936.000000 -2.156871319 0.011019555 6.988275051 0.000026829 0.025591440 -0.000898638 0.999672055
1703784466843446016.000000 -2.155875206 0.011544627 7.011510372 -0.001132267 0.017389445 -0.000573938 0.999848008
1703784467177660416.000000 -2.156602621 0.011642936 7.036794186 -0.000642606 0.008731862 -0.001968023 0.999959767
1703784467467177472.000000 -2.157171965 0.011547437 7.058953285 -0.000379044 0.004332397 -0.002156779 0.999988258
1703784467763963648.000000 -2.157138109 0.011798149 7.081737995 -0.001894534 -0.002955921 -0.001340544 0.999992967
1703784468101028864.000000 -2.159561396 0.011930049 7.104489803 -0.002010795 -0.018326484 -0.001889167 0.999828279
1703784468467232768.000000 -2.159710407 0.011639873 7.126291752 0.000068276 -0.015100091 -0.001618352 0.999884725
1703784468841784320.000000 -2.158744097 0.012221651 7.156266689 -0.002348017 0.002363845 -0.002038832 0.999992371
1703784469176053760.000000 -2.157297373 0.012216036 7.181974411 -0.003084011 0.015294956 -0.001446296 0.999877214
1703784469510297856.000000 -2.155307531 0.012210759 7.207718372 -0.002579337 0.029729526 -0.002038227 0.999552608
1703784469842635776.000000 -2.152385473 0.012651446 7.233325005 -0.001315050 0.044932134 -0.001815617 0.998987556
1703784470136995840.000000 -2.148073673 0.012658451 7.256141186 -0.001866661 0.058220141 -0.001595291 0.998300791
1703784470507944960.000000 -2.144604921 0.013008111 7.284714699 -0.002497466 0.069272228 -0.002095831 0.997592509
1703784471006255360.000000 -2.139414310 0.013206470 7.322207928 -0.001354093 0.060134567 -0.000933810 0.998188972
1703784471298557696.000000 -2.136526823 0.013104704 7.344440460 -0.000524220 0.062161930 -0.000476125 0.998065829
1703784471630807040.000000 -2.132604122 0.013030362 7.369632721 -0.001078406 0.069726817 -0.000801786 0.997565269
1703784472011301888.000000 -2.127300262 0.013506343 7.398117542 -0.001061319 0.086347029 -0.001263869 0.996263742
1703784472299328512.000000 -2.121542931 0.013295911 7.419003010 0.000800639 0.101845145 -0.000644986 0.994799733
1703784472719943936.000000 -2.116775751 0.012352981 7.451597214 0.001061410 0.082198910 -0.000897945 0.996614993
1703784473049288192.000000 -2.113960505 0.013068260 7.477287769 0.000774495 0.068327904 -0.000536271 0.997662485
1703784473422819584.000000 -2.108963251 0.012707038 7.504706383 0.001071282 0.077874936 -0.001229305 0.996961832
1703784473919856128.000000 -2.101521015 0.012995209 7.542964458 -0.000171911 0.094796710 0.000128666 0.995496631
1703784474377659392.000000 -2.093611240 0.012412802 7.577690125 -0.000866925 0.098055862 0.000207518 0.995180547
1703784474881655808.000000 -2.088198900 0.012019153 7.615933895 -0.001571114 0.081007347 -0.000426155 0.996712208
1703784475257146624.000000 -2.084709167 0.012083810 7.645604610 -0.003104187 0.063066795 0.000589231 0.998004317
1703784475669316864.000000 -2.083492041 0.011702172 7.677039623 -0.002132503 0.044721339 0.000661761 0.998997033
1703784476049221120.000000 -2.081875563 0.011949453 7.705832481 -0.002454866 0.027837703 0.001667275 0.999608040
1703784476504164096.000000 -2.081771851 0.011758053 7.741638660 -0.003990266 0.011961978 0.000219883 0.999920487
1703784476958680320.000000 -2.082604170 0.011400580 7.777020454 -0.003376693 -0.003686963 0.001140982 0.999986887
1703784477336130816.000000 -2.083498001 0.011031504 7.806209564 -0.003839194 -0.006705812 0.000939829 0.999969721
1703784477667499776.000000 -2.083123446 0.011948008 7.832057476 -0.003667988 -0.003665151 0.001530718 0.999985397
1703784478086180096.000000 -2.084017038 0.012128458 7.863599300 -0.004240853 -0.003184729 0.000686428 0.999985695
1703784478499704320.000000 -2.084049702 0.012473430 7.895925045 -0.003516144 -0.007238258 0.000926932 0.999967217
1703784478958468352.000000 -2.086113930 0.011778672 7.930467606 -0.004285909 -0.006253776 0.000988472 0.999970794
1703784479459886848.000000 -2.086389542 0.012634081 7.969128609 -0.002666517 -0.008371661 0.000429765 0.999961317
1703784479961889536.000000 -2.089545012 0.012982067 8.007517815 -0.003277194 -0.023565330 0.000130752 0.999716938
1703784480420234752.000000 -2.091629505 0.013653815 8.041265488 -0.002940996 -0.029837035 -0.000080415 0.999550462
1703784480873137920.000000 -2.093331337 0.013263218 8.076863289 -0.005644593 -0.012862844 -0.000312507 0.999901295
1703784481665628928.000000 -2.092846394 0.013618469 8.135654449 -0.003556516 -0.007775203 -0.000642241 0.999963284
1703784482120627200.000000 -2.093351603 0.013246701 8.170724869 -0.002904044 -0.010846262 0.000097456 0.999936938
1703784482705928704.000000 -2.094457626 0.014454062 8.215078354 -0.004539039 -0.008434132 -0.000526215 0.999954045
1703784483121606144.000000 -2.093501806 0.014636517 8.246902466 -0.004134617 -0.006749270 0.000431874 0.999968588
1703784483506773248.000000 -2.094033003 0.014412952 8.275242805 -0.003832292 -0.011186760 0.000610804 0.999929905
1703784483872101632.000000 -2.094578743 0.014870995 8.303877831 -0.004475464 -0.008752874 0.000111298 0.999951720
1703784484248586752.000000 -2.094546318 0.014717286 8.332038879 -0.003777328 -0.008676204 0.000777020 0.999954939
1703784485037344000.000000 -2.095808268 0.014691298 8.391366005 -0.002641336 -0.012748877 0.001212888 0.999914527
1703784485536196608.000000 -2.095931292 0.015868349 8.429002762 -0.002135504 -0.009458695 -0.000000622 0.999952972
1703784485992748288.000000 -2.096226215 0.015990764 8.465099335 -0.005650449 -0.006959222 0.000008221 0.999959826
1703784486368240896.000000 -2.094903708 0.017148854 8.492932320 -0.004990146 -0.005288933 0.000454249 0.999973476
1703784486744436480.000000 -2.096045256 0.017379787 8.522373199 -0.005537987 -0.005319721 0.000612565 0.999970317
1703784487118063360.000000 -2.095633984 0.017749561 8.550965309 -0.003700742 -0.007343321 0.001318532 0.999965310
1703784487491810816.000000 -2.097457647 0.016839301 8.579591751 -0.005505534 -0.005863669 0.000340086 0.999967635
1703784487785136640.000000 -2.097631454 0.017094987 8.600418091 -0.003905677 -0.006108590 0.001249731 0.999972939
1703784488160383744.000000 -2.097482204 0.017146664 8.629278183 -0.003529529 -0.008729719 0.001343454 0.999954760
1703784488451042304.000000 -2.099036455 0.017296216 8.651136398 -0.003037770 -0.010312225 0.000906836 0.999941826
1703784488707952384.000000 -2.099597216 0.017126344 8.670119286 -0.002841407 -0.017516850 0.001558253 0.999841332
1703784489010343168.000000 -2.100585938 0.017844716 8.687709808 -0.003667040 -0.017074374 0.001579870 0.999846280
1703784489242074880.000000 -2.100978613 0.017921068 8.694512367 -0.004288034 -0.017951086 0.001836085 0.999828041
1703784489573877760.000000 -2.101028442 0.017776731 8.695094109 -0.003723718 -0.017472055 0.001787536 0.999838829
1703784489950663680.000000 -2.101396799 0.017749300 8.695132256 -0.004190847 -0.017195808 0.001679178 0.999841988
