1702688123750164736.000000 0.000000000 0.000000000 0.000000000 -0.000000000 -0.000000000 -0.000000000 1.000000000
1702688124081733120.000000 0.000020365 0.000026930 0.001670609 -0.000407173 0.000758134 0.000002115 0.999999642
1702688124249446656.000000 0.000027112 0.000022883 0.002510175 -0.000603196 0.000778085 -0.000940765 0.999999106
1702688124583310336.000000 0.000004246 0.000027062 0.004138464 0.000135371 -0.002307028 -0.000975699 0.999996901
1702688124914194176.000000 -0.000090356 0.000004650 0.005797048 -0.002485876 -0.004461215 -0.001039105 0.999986410
1702688125254037504.000000 -0.000135500 -0.000012673 0.007371063 -0.001059462 -0.006935385 0.000030191 0.999975383
1702688125457316096.000000 -0.000048626 0.000006986 0.008416003 -0.001438509 -0.005281236 0.000668001 0.999984801
1702688125663210752.000000 -0.000024123 0.000154045 0.009436156 -0.000452098 -0.003872707 0.001772843 0.999990821
1702688125997769472.000000 0.000020263 0.000085609 0.011056326 -0.001072647 -0.005109343 0.001505227 0.999985278
1702688126204810496.000000 -0.000107593 0.000005227 0.012055920 -0.001755561 -0.006803951 0.001569469 0.999974072
1702688126411633664.000000 -0.000103239 0.000066018 0.013104689 -0.001946049 -0.006189424 0.002351541 0.999976218
1702688126581273856.000000 -0.000087617 0.000071144 0.013910747 -0.001286170 -0.005141627 0.002747809 0.999982178
1702688126747455232.000000 -0.000046902 0.000023160 0.014640037 0.000944986 -0.003907429 0.003091685 0.999987185
1702688126831448576.000000 -0.000056983 -0.000001226 0.015097709 0.000855144 -0.005076110 0.003210747 0.999981642
1702688126960564480.000000 -0.000068629 -0.000004874 0.015662987 0.001428613 -0.005406352 0.003343468 0.999978781
1702688127246314240.000000 -0.000074302 0.000004506 0.017072862 0.002062450 -0.005788549 0.002570434 0.999977827
1702688127368984832.000000 -0.000137197 -0.000001346 0.017658439 0.002351206 -0.008067257 0.002688358 0.999961078
1702688127496727808.000000 -0.000221370 -0.000010583 0.018239267 0.002025213 -0.010415007 0.002588321 0.999940395
1702688127748889600.000000 -0.000321735 -0.000038422 0.019440129 0.001184931 -0.018321613 0.002268690 0.999828875
1702688128329286656.000000 -0.000419457 -0.000006551 0.022268794 0.003656357 -0.021115420 0.001585777 0.999769151
1702688128496362752.000000 -0.000443183 -0.000017777 0.022995180 0.003792344 -0.022446666 0.001525251 0.999739707
1702688128829103872.000000 -0.000783230 -0.000043470 0.024671076 0.002152788 -0.031352106 0.000156548 0.999506116
1702688129040646144.000000 -0.000780601 -0.000047900 0.025636151 0.003560330 -0.034526080 0.000242145 0.999397457
1702688129411471104.000000 -0.000773606 -0.000076425 0.027407832 0.003727071 -0.027069839 0.001216573 0.999625862
1702688129575747840.000000 -0.000805585 -0.000097731 0.028205905 0.004934038 -0.028840780 0.001436656 0.999570847
1702688129744809728.000000 -0.000908417 -0.000100591 0.029095804 0.002904243 -0.030376213 0.002529760 0.999531090
1702688129911633664.000000 -0.000947965 -0.000091562 0.029849697 0.002548594 -0.032162413 0.003693353 0.999472558
1702688130283443456.000000 -0.001094111 -0.000036346 0.031696796 0.000540427 -0.032749169 0.002632702 0.999459982
1702688130450954496.000000 -0.001226258 -0.000003988 0.032532610 -0.000051774 -0.028778460 0.002662366 0.999582291
1702688130619312640.000000 -0.001133988 -0.000015503 0.033363514 -0.000439467 -0.027360743 0.002677327 0.999621928
1702688130824449536.000000 -0.001191446 0.000049474 0.034398008 -0.001492215 -0.026327806 0.002918023 0.999648035
1702688130996082176.000000 -0.001240701 0.000012240 0.035186473 -0.001943455 -0.023929058 0.002461628 0.999708772
1702688131201363712.000000 -0.001167964 0.000009888 0.036171786 -0.001321778 -0.018769911 0.002147462 0.999820650
1702688131407266560.000000 -0.001190879 -0.000014462 0.037173349 -0.000588293 -0.014899136 0.002682279 0.999885261
1702688131618231040.000000 -0.001297969 0.000009333 0.038191117 -0.001194321 -0.011297073 0.003012780 0.999930978
1702688132074300160.000000 -0.001070226 0.000108797 0.040355578 0.000453526 -0.002506017 0.002441253 0.999993801
1702688132330769408.000000 -0.001063286 0.000041628 0.041480787 0.000005143 -0.001987787 0.001364458 0.999997139
1702688132615769600.000000 -0.001114276 -0.000001020 0.042932559 -0.000604859 -0.001977562 0.001965114 0.999995947
1702688132868419328.000000 -0.001118981 0.000041253 0.044082552 0.000353028 -0.001786741 0.001787425 0.999996722
1702688133116139008.000000 -0.001181363 0.000101375 0.045325581 0.000235018 -0.000277289 0.001338871 0.999999046
1702688133447598336.000000 -0.001191353 0.000049328 0.046927959 -0.001497712 -0.003427069 0.000223699 0.999993026
1702688133741814016.000000 -0.001284975 0.000106067 0.048242629 -0.001911850 -0.003028745 -0.000116311 0.999993563
1702688134035357440.000000 -0.001256372 0.000100056 0.049627490 -0.002504221 -0.000423115 -0.000318373 0.999996722
1702688134327866880.000000 -0.001151993 0.000141493 0.050993368 0.000047797 -0.002087118 0.000606043 0.999997675
1702688134615530496.000000 -0.001220596 0.000126496 0.052389506 -0.001883799 -0.000835765 0.000641582 0.999997675
1702688134904386304.000000 -0.001253283 0.000151609 0.053762835 -0.002461254 -0.001842373 0.001455504 0.999994218
1702688135155265792.000000 -0.001171671 0.000091158 0.054950520 -0.002963593 -0.000623651 0.001177117 0.999994695
1702688135783713536.000000 -0.001241796 0.000095123 0.057878654 -0.001860992 -0.001819800 0.000812750 0.999996305
1702688136071882496.000000 -0.001179803 0.000128868 0.059287738 -0.002355292 -0.001212200 0.001354164 0.999995589
1702688136403514624.000000 -0.001154656 0.000103445 0.060827147 -0.001706460 0.000923325 0.000413188 0.999998033
1702688136737051136.000000 -0.001213343 0.000102476 0.062352460 -0.000306846 -0.000872836 0.000927907 0.999999166
1702688137278528256.000000 -0.001344940 0.000114687 0.064945593 0.000011692 -0.003561705 0.000984425 0.999993205
1702688137987075840.000000 -0.001355334 0.000107814 0.068256937 -0.001232513 -0.003890988 0.001890025 0.999989927
1702688138194791424.000000 -0.001322405 0.000097500 0.069211431 -0.001331821 -0.004924288 0.002468925 0.999983966
1702688138403427328.000000 -0.001387698 0.000056292 0.070290573 -0.002005177 -0.005877164 0.002226810 0.999978244
1702688138696838400.000000 -0.001429793 0.000054608 0.071501315 -0.001622731 -0.011728911 0.002753450 0.999926150
1702688138984697088.000000 -0.001322488 0.000086335 0.072879106 0.000608604 0.002011084 0.003186511 0.999992728
1702688139194115328.000000 -0.001357627 0.000097121 0.073918089 0.000873323 0.015775962 0.002502050 0.999872029
1702688139400694784.000000 -0.001331392 0.000094071 0.074886724 0.001619260 0.027135136 0.001377597 0.999629557
1702688139651263488.000000 -0.001186492 0.000057941 0.076021656 0.000999114 0.039093576 0.001131217 0.999234438
1702688139859516160.000000 -0.001165506 0.000114582 0.077037491 0.001477153 0.048204064 0.001774519 0.998834848
1702688140650528256.000000 -0.000433731 0.000022428 0.080693267 0.001089640 0.082483001 0.001491576 0.996590793
1702688140984621568.000000 -0.000040385 0.000129742 0.082284451 0.000225188 0.094412327 0.003036762 0.995528519
1702688141150629888.000000 0.000206658 0.000179011 0.082942240 0.000891581 0.098227270 0.002835474 0.995159566
1702688143274113280.000000 0.001874627 0.000089996 0.092838690 0.001487132 0.085536547 0.002095175 0.996331751
1702688143941138176.000000 0.002257485 0.000028801 0.095896207 0.001416533 0.082840107 0.001271395 0.996561050
1702688144148795392.000000 0.002476058 -0.000025508 0.096826240 0.000796266 0.082537994 0.001550943 0.996586382
1702688144314835200.000000 0.002590261 -0.000014368 0.097590975 0.003568752 0.082177617 0.001312801 0.996610463
1702688144856612096.000000 0.003146778 0.000037352 0.100098141 0.003249870 0.086085036 0.001381445 0.996281564
1702688145023893504.000000 0.003239049 0.000007944 0.100911900 0.002165443 0.090790644 0.000899090 0.995867252
1702688145770009856.000000 0.003757127 -0.000035913 0.104341790 0.000592581 0.089613400 0.001335040 0.995975554
1702688145935944960.000000 0.003941979 0.000015477 0.105101250 0.002239602 0.080731183 0.001136167 0.996732771
1702688146648288000.000000 0.004379680 0.000076776 0.108446568 0.002610676 0.051548325 -0.000428770 0.998667002
1702688146810797568.000000 0.004406302 0.000059699 0.109259151 0.001003243 0.041917466 0.000538712 0.999120414
1702688146978892800.000000 0.004501100 0.000065651 0.110068515 0.000217323 0.035310820 0.000659623 0.999376118
1702688147147460096.000000 0.004546608 0.000043716 0.110827602 0.001143920 0.047533002 0.000868290 0.998868644
1702688147354245888.000000 0.004677265 0.000030198 0.111769110 0.002317863 0.053857241 0.001008949 0.998545468
1702688148227873280.000000 0.005268228 0.000080486 0.115870446 0.001111289 0.059412621 -0.000566360 0.998232782
1702688148435798528.000000 0.005379206 0.000030879 0.116820350 0.001194092 0.059995711 -0.000533615 0.998197794
1702688149392708864.000000 0.005901360 0.000044519 0.121431023 0.002494952 0.061896645 0.000060601 0.998079479
1702688149645361664.000000 0.005916122 -0.000006822 0.122532666 0.003227108 0.061713763 -0.000526813 0.998088539
1702688149892779264.000000 0.006151659 -0.000034319 0.123707533 0.003531937 0.062266354 0.000275231 0.998053253
1702688150307465472.000000 0.006566900 -0.000074231 0.125714093 0.004660325 0.064743720 0.001050590 0.997890472
1702688150599923968.000000 0.006786703 -0.000048761 0.127124354 0.004377521 0.069314227 0.001114527 0.997584641
1702688150893731840.000000 0.006943858 -0.000077716 0.128462702 0.004785481 0.070224367 0.001333825 0.997518897
1702688151140532480.000000 0.007102890 -0.000056014 0.129653409 0.003595028 0.072508350 0.000271896 0.997361302
1702688151391448064.000000 0.007294377 -0.000067540 0.130830258 0.002924129 0.074454471 0.000078172 0.997220099
1702688151682450944.000000 0.007513992 -0.000024991 0.132258058 0.002161272 0.075086661 -0.000385632 0.997174621
1702688151933344256.000000 0.007716035 -0.000087163 0.133419290 0.001910329 0.076610945 0.000331833 0.997059226
1702688152227737600.000000 0.007965014 -0.000098076 0.134779319 0.003276838 0.077594876 -0.001016437 0.996979117
1702688152474533120.000000 0.008255655 -0.000068882 0.135950103 0.003265253 0.078408562 -0.000494701 0.996915817
1702688152724060672.000000 0.008406472 -0.000081272 0.137107268 0.002042435 0.087267384 -0.001040289 0.996182263
1702688153015389696.000000 0.008672519 -0.000058959 0.138397828 0.001819295 0.096588671 -0.001141012 0.995322108
1702688153557104128.000000 0.009285866 -0.000048279 0.140853152 0.004328845 0.109117284 -0.002129476 0.994017184
1702688153853723904.000000 0.009516981 -0.000052996 0.142187163 0.003476084 0.110303789 -0.002507761 0.993888676
1702688154099971840.000000 0.009761894 -0.000083969 0.143302590 0.003532307 0.108627073 -0.002612210 0.994072914
1702688154347428096.000000 0.010023182 -0.000062023 0.144468740 0.004728683 0.105999038 -0.003730701 0.994347990
1702688154638869760.000000 0.010241524 -0.000060179 0.145746827 0.006456776 0.098468579 -0.004257547 0.995110095
1702688154888184064.000000 0.010414231 -0.000109108 0.146901563 0.005980612 0.089193657 -0.003397935 0.995990574
1702688155138146048.000000 0.010600439 -0.000080934 0.148063019 0.005747303 0.082633838 -0.002625387 0.996559918
1702688155429171200.000000 0.010780176 -0.000093158 0.149429619 0.003781040 0.074874192 -0.003706007 0.997178912
1702688155720682240.000000 0.010863368 -0.000077970 0.150701001 0.003312842 0.064726301 -0.004577075 0.997887075
1702688156013141760.000000 0.011033156 -0.000117100 0.151993737 0.001378577 0.050913393 -0.002769278 0.998698294
1702688156301827328.000000 0.010952630 -0.000106578 0.153196767 0.000330437 0.040798020 -0.003170243 0.999162376
1702688156638221312.000000 0.010989456 -0.000097535 0.154695168 0.003727601 0.023084629 -0.004035939 0.999718428
1702688156927083520.000000 0.010995572 -0.000116068 0.156157017 0.002808732 0.006778207 -0.002769045 0.999969244
1702688157178526720.000000 0.010907626 -0.000116485 0.157261088 0.001664879 -0.001169361 -0.003259267 0.999992609
1702688157429428992.000000 0.010947030 -0.000042632 0.158484355 0.001641548 -0.013464955 -0.004732127 0.999896824
1702688157676052992.000000 0.010866306 -0.000073962 0.159726501 -0.000223990 -0.025590327 -0.005285943 0.999658525
1702688157926846208.000000 0.010583815 -0.000075823 0.160731718 0.000426452 -0.029016357 -0.005040971 0.999566138
1702688158218498560.000000 0.010570804 -0.000058938 0.162176698 0.000887516 -0.030031186 -0.006373415 0.999528229
1702688158509522176.000000 0.010591140 -0.000012498 0.163565606 0.001714002 -0.027381606 -0.005565098 0.999608099
1702688159592873216.000000 0.010236278 -0.000037714 0.168592453 0.000375035 -0.035161756 -0.004205103 0.999372721
1702688160174074880.000000 0.010118933 -0.000050459 0.171338588 0.000444603 -0.039332218 -0.004590698 0.999215543
1702688160468357888.000000 0.009962631 -0.000064571 0.172649667 0.000824609 -0.030141942 -0.005614879 0.999529541
1702688160765698304.000000 0.009941214 -0.000062831 0.174041241 0.000604948 -0.017161516 -0.005682041 0.999836445
1702688161091637760.000000 0.009918127 -0.000063081 0.175552770 0.001587607 -0.003833583 -0.004570473 0.999980927
1702688162299653888.000000 0.009897647 -0.000127095 0.181006923 0.003458613 -0.001230430 -0.004465020 0.999983311
1702688162672387072.000000 0.009974758 -0.000105025 0.182747528 0.002319765 0.002215576 -0.003817309 0.999987602
1702688162921742336.000000 0.009915690 -0.000118841 0.183715373 0.002990208 0.006857316 -0.002853272 0.999967933
1702688163174157056.000000 0.009881066 -0.000114799 0.184784308 0.003188038 0.012056366 -0.003153754 0.999917269
1702688163425845248.000000 0.009853186 -0.000106182 0.185834780 0.003132488 0.017143754 -0.004153794 0.999839544
1702688163676574720.000000 0.009910790 -0.000074770 0.186960444 0.002503754 0.021142356 -0.003964325 0.999765515
1702688163921501696.000000 0.009906936 -0.000073602 0.187948808 0.003064687 0.025260439 -0.004591250 0.999665678
1702688164133880320.000000 0.009914680 -0.000074812 0.188787743 0.004300521 0.030313129 -0.004470182 0.999521196
1702688164671104000.000000 0.010120803 -0.000056455 0.191161126 0.004001870 0.030142562 -0.005621052 0.999521792
1702688164962179840.000000 0.010121902 -0.000045151 0.192293271 0.002245775 0.030944193 -0.005312333 0.999504507
1702688165213207040.000000 0.010139879 -0.000046938 0.193226412 0.003140169 0.031085700 -0.005393316 0.999497294
1702688165504096512.000000 0.010198312 -0.000049839 0.194340587 0.003019141 0.032249410 -0.005715435 0.999458969
1702688165756370688.000000 0.010074641 -0.000054042 0.195248336 0.002357509 0.029930755 -0.005272930 0.999535263
1702688166294901760.000000 0.010058838 -0.000073648 0.197318554 0.001740821 0.044478562 -0.005445626 0.998993993
1702688166588406016.000000 0.010041440 -0.000066757 0.198456258 0.001639791 0.036635306 -0.006977993 0.999303043
1702688166877514752.000000 0.010132930 -0.000098041 0.199598685 0.001440246 0.035765897 -0.006877418 0.999335527
1702688167210869504.000000 0.010085474 -0.000078168 0.200936481 0.002198545 0.053888120 -0.007349017 0.998517513
1702688167544245760.000000 0.010151339 -0.000043977 0.202363625 0.001856647 0.061242428 -0.006380999 0.998100817
1702688167837586432.000000 0.010222340 -0.000068408 0.203336507 0.001660804 0.065170795 -0.005608677 0.997856975
1702688168126827520.000000 0.010140170 -0.000051236 0.204679340 0.002402301 0.073239513 -0.003966738 0.997303605
1702688168418700032.000000 0.010113658 -0.000049767 0.205760494 0.002504849 0.077802189 -0.005518657 0.996950388
1702688169335681536.000000 0.010495695 -0.000476411 0.209453300 -0.000245797 0.104049094 -0.004045062 0.994563878
1702688169627766784.000000 0.010431941 -0.000574726 0.210586146 -0.001250437 0.115948990 -0.003452196 0.993248403
1702688169875667968.000000 0.010379269 -0.000542826 0.211496443 -0.000622637 0.126161650 -0.004437315 0.991999567
1702688170168688896.000000 0.010427413 -0.000578662 0.212486297 0.000350798 0.136499748 -0.004048882 0.990631819
1702688170417642240.000000 0.010313168 -0.000470384 0.213760674 0.001665736 0.152589113 -0.004005730 0.988280237
1702688170669401600.000000 0.010352089 -0.000485048 0.214994505 0.001941338 0.166333914 -0.005052246 0.986054659
1702688170919453184.000000 0.010352582 -0.000488253 0.215919822 0.000750398 0.175046295 -0.004787887 0.984548271
1702688171167533824.000000 0.010005570 -0.000491184 0.217055425 0.001171588 0.188677922 -0.003830191 0.982030869
1702688171832444928.000000 0.009888180 -0.000663798 0.218784273 -0.004071786 0.204508588 -0.004266566 0.978847027
1702688171998087168.000000 0.009713458 -0.000719243 0.218636125 -0.005885801 0.203199759 -0.004346532 0.979110003
1702688172415469312.000000 0.009471459 -0.000884974 0.218933940 -0.008473518 0.204557061 -0.004465043 0.978807807
1702688172579943424.000000 0.009219038 -0.000929343 0.219191775 -0.010362013 0.204431817 -0.005959336 0.978807807
1702688172999772672.000000 0.009168455 -0.001005699 0.219802886 -0.012164275 0.178567171 -0.004868698 0.983840525
1702688173249143808.000000 0.009105142 -0.001045824 0.220315278 -0.013435108 0.158292636 -0.002841402 0.987296760
1702688173754147840.000000 0.009275893 -0.001033690 0.221131861 -0.015893891 0.111612186 -0.003318851 0.993619204
1702688173912500736.000000 0.009343410 -0.000977498 0.221461371 -0.013472580 0.089346357 0.000162009 0.995909452
1702688174332150272.000000 0.009435243 -0.000985531 0.222027645 -0.013535899 0.050441895 0.001196676 0.998634577
1702688174871984128.000000 0.009604291 -0.000960869 0.222827598 -0.014157711 0.001187834 0.003246037 0.999893785
1702688175536787456.000000 0.009922067 -0.000746837 0.224518418 -0.009945233 -0.057372022 0.002516132 0.998300195
1702688175705793792.000000 0.009908666 -0.000798705 0.224603832 -0.012364610 -0.059747666 0.001862247 0.998135209
1702688175828527872.000000 0.009948532 -0.000846321 0.224829867 -0.014605127 -0.066171385 0.001267088 0.997700572
1702688176202908160.000000 0.010075938 -0.000843347 0.225568533 -0.017892143 -0.088754185 0.001318981 0.995891988
1702688176534467584.000000 0.010171716 -0.000847820 0.226125538 -0.019343749 -0.106662273 0.000204378 0.994107127
1702688176662036992.000000 0.010195171 -0.000848806 0.226361558 -0.019951664 -0.113643900 -0.000615493 0.993321002
1702688177332335104.000000 0.010014074 -0.001049258 0.226715788 -0.027993606 -0.120893657 -0.006664780 0.992248297
1702688177494449920.000000 0.009988619 -0.001058636 0.226805225 -0.028775375 -0.122568786 -0.006702671 0.992020130
1702688177783465472.000000 0.009928113 -0.001070138 0.226955652 -0.029246582 -0.126273587 -0.007147079 0.991538465
1702688178164684800.000000 0.009809496 -0.001055116 0.227146313 -0.029411362 -0.131320029 -0.006685389 0.990881085
1702688178576162048.000000 0.009706350 -0.001038995 0.227353811 -0.030277748 -0.142554849 -0.009617468 0.989276946
1702688178658780672.000000 0.009699710 -0.001049076 0.227383479 -0.031397533 -0.147661194 -0.008889169 0.988499522
1702688178786367488.000000 0.009663617 -0.001055085 0.227445766 -0.032136109 -0.152243257 -0.008305607 0.987785578
1702688179032839680.000000 0.009596289 -0.001082700 0.227542102 -0.035638425 -0.161279529 -0.006971596 0.986240447
1702688179202244864.000000 0.009542238 -0.001080309 0.227606192 -0.035896983 -0.166152611 -0.007531690 0.985417664
1702688179492749568.000000 0.009445073 -0.001059294 0.227720603 -0.034711447 -0.175954044 -0.008217272 0.983751893
1702688179826010112.000000 0.009346976 -0.001053147 0.227889553 -0.034777604 -0.188781902 -0.010096145 0.981351078
1702688179992841216.000000 0.009302153 -0.001009034 0.227984309 -0.033559531 -0.195892259 -0.008614556 0.980013192
1702688180159703040.000000 0.009259074 -0.001012681 0.228051335 -0.032333698 -0.201708421 -0.010815472 0.978852034
1702688180491962624.000000 0.009167681 -0.000973179 0.228221014 -0.029579734 -0.215334162 -0.009994430 0.976041198
1702688180905798656.000000 0.009046701 -0.001002682 0.228417367 -0.034308121 -0.236949965 -0.010387415 0.970860302
1702688181363631872.000000 0.008894740 -0.001005693 0.228614554 -0.034795891 -0.259294093 -0.006575450 0.965149045
1702688181574390528.000000 0.008829515 -0.001001262 0.228705257 -0.034558248 -0.269340336 -0.005969165 0.962406337
1702688182572235264.000000 0.008471696 -0.000969516 0.229198888 -0.040244471 -0.323217601 -0.004956917 0.945455551
1702688182781223424.000000 0.008388076 -0.000958229 0.229291469 -0.040902462 -0.334353387 -0.005857225 0.941541553
1702688182988112384.000000 0.008305445 -0.000959501 0.229368731 -0.042348552 -0.346322805 -0.005801041 0.937141120
1702688183156931328.000000 0.008234955 -0.000961377 0.229445249 -0.044042204 -0.357410669 -0.004044957 0.932899535
1702688183488054272.000000 0.008083422 -0.000947591 0.229563057 -0.042818673 -0.379772395 -0.003447464 0.924082100
1702688183613313792.000000 0.008036699 -0.000935696 0.229608849 -0.042025875 -0.389016926 -0.003060943 0.920266449
1702688183988583424.000000 0.007872544 -0.000931018 0.229738474 -0.044422127 -0.415690511 -0.000692716 0.908420384
1702688184197786112.000000 0.007779092 -0.000909499 0.229800180 -0.042226885 -0.431032717 -0.000004030 0.901347697
1702688184403981568.000000 0.007668622 -0.000907948 0.229868665 -0.043708540 -0.447275937 0.000110415 0.893327415
1702688184576878336.000000 0.007599115 -0.000887892 0.229913890 -0.041152585 -0.460115016 0.001224387 0.886904240
1702688184737477120.000000 0.007519014 -0.000905579 0.229950473 -0.044351272 -0.474875510 0.002615975 0.878930807
1702688184902908160.000000 0.007448435 -0.000881291 0.230003551 -0.041495372 -0.488554358 0.003684360 0.871538460
1702688185111918848.000000 0.007350579 -0.000878276 0.230035067 -0.041416191 -0.503662765 0.004461886 0.862895548
1702688185528451328.000000 0.007132292 -0.000875445 0.230114698 -0.043236569 -0.536274552 0.006454092 0.842910767
1702688185745023488.000000 0.007032484 -0.000876392 0.230124116 -0.044401154 -0.551787078 0.005903569 0.832781315
1702688185905757696.000000 0.006946623 -0.000877668 0.230165854 -0.045541584 -0.565480590 0.006101667 0.823480666
1702688186074335744.000000 0.006884962 -0.000858814 0.230207697 -0.044433605 -0.577761590 0.007989766 0.814956069
1702688186449345792.000000 0.006740078 -0.000843338 0.230231151 -0.042363610 -0.600968480 0.009115576 0.798097193
1702688186609644288.000000 0.006686673 -0.000834991 0.230252892 -0.041920617 -0.609476626 0.009704631 0.791635513
1702688186902578944.000000 0.006627694 -0.000826785 0.230266660 -0.040654842 -0.616561532 0.010561172 0.786185503
1702688187072584192.000000 0.006547749 -0.000832901 0.230277076 -0.042868964 -0.613020539 0.008919924 0.788852572
1702688187484103936.000000 0.006300628 -0.000818560 0.230332643 -0.041760352 -0.605498970 0.008248546 0.794706881
1702688187860750080.000000 0.006075606 -0.000806304 0.230377436 -0.042166870 -0.613257051 0.009310385 0.788702130
1702688188279265792.000000 0.005828857 -0.000792925 0.230449244 -0.042574510 -0.611372173 0.008166200 0.790154934
1702688188484140288.000000 0.005702570 -0.000784459 0.230478749 -0.042024329 -0.611278892 0.009094435 0.790246427
1702688189275065344.000000 0.005233303 -0.000746555 0.230596721 -0.040799003 -0.620763242 0.010651046 0.782863319
1702688189441761536.000000 0.005137041 -0.000745890 0.230611861 -0.041642688 -0.629226148 0.010825695 0.776030362
1702688189607328256.000000 0.005032942 -0.000741113 0.230628133 -0.041058321 -0.630631864 0.009528503 0.774936676
1702688189814556672.000000 0.004906759 -0.000724927 0.230665371 -0.040876143 -0.626246333 0.008848341 0.778502643
1702688189983146752.000000 0.004802421 -0.000722880 0.230687216 -0.041096441 -0.632703602 0.009142037 0.773248792
1702688190151007744.000000 0.004700691 -0.000718303 0.230693176 -0.041712012 -0.642268717 0.009045940 0.765290320
1702688190360705536.000000 0.004578993 -0.000705121 0.230707407 -0.039112207 -0.650966406 0.010472976 0.758026004
1702688190564355328.000000 0.004457757 -0.000703917 0.230713964 -0.039306950 -0.644995689 0.008680340 0.763125300
1702688190774636544.000000 0.004335999 -0.000696669 0.230746284 -0.039000042 -0.638553560 0.008786033 0.768538415
1702688191025105152.000000 0.004180804 -0.000688596 0.230787188 -0.040063459 -0.637853801 0.009470855 0.769056380
1702688191236978432.000000 0.004056126 -0.000689951 0.230800480 -0.040335048 -0.647996187 0.010080485 0.760508001
1702688191438739200.000000 0.003936455 -0.000686743 0.230806038 -0.039671771 -0.646457434 0.010035752 0.761851847
1702688191650027520.000000 0.003814057 -0.000683250 0.230845645 -0.039465286 -0.636712313 0.011002626 0.770012259
1702688192062934016.000000 0.003572345 -0.000676536 0.230915219 -0.040277429 -0.628258407 0.013529506 0.776843667
1702688192480369664.000000 0.003327906 -0.000658615 0.230980843 -0.041375943 -0.613450229 0.011147860 0.788569987
1702688192729799936.000000 0.003177524 -0.000648219 0.231028870 -0.041945849 -0.600552857 0.009780070 0.798424125
1702688192984206080.000000 0.003037244 -0.000640732 0.231068969 -0.042586081 -0.604217589 0.009282387 0.795626462
1702688193231017472.000000 0.002879933 -0.000624954 0.231088459 -0.041657992 -0.609857440 0.008518920 0.791369677
1702688193482086912.000000 0.002744779 -0.000624429 0.231129944 -0.042569246 -0.610832751 0.008897358 0.790564477
1702688193728716032.000000 0.002607256 -0.000616712 0.231172770 -0.041417591 -0.599640489 0.009761042 0.799137414
1702688194021547008.000000 0.002439797 -0.000602279 0.231243700 -0.040001921 -0.590126336 0.009104781 0.806267858
1702688194272052224.000000 0.002294034 -0.000593922 0.231281579 -0.041262634 -0.590979278 0.008307497 0.805588007
1702688194561434624.000000 0.002132595 -0.000583421 0.231342211 -0.040000364 -0.584302843 0.009072757 0.810498536
1702688194810853120.000000 0.001987427 -0.000572262 0.231384575 -0.041062530 -0.585118890 0.008640232 0.809861243
1702688195104681472.000000 0.001829341 -0.000565954 0.231432825 -0.040838260 -0.584718108 0.010069911 0.810145378
1702688195358011136.000000 0.001694247 -0.000562299 0.231487960 -0.040102344 -0.580601096 0.010186704 0.813136160
1702688195645828608.000000 0.001525462 -0.000552924 0.231545150 -0.039337911 -0.571394801 0.008191439 0.819691062
1702688195896227840.000000 0.001386747 -0.000541458 0.231589526 -0.039651453 -0.572198212 0.009532240 0.819100857
1702688196144412416.000000 0.001251265 -0.000530937 0.231639057 -0.039745342 -0.566226065 0.007915522 0.823253155
1702688196394252544.000000 0.001106694 -0.000521983 0.231707022 -0.040152408 -0.557992101 0.007437568 0.828840911
1702688196644497152.000000 0.000985518 -0.000513732 0.231766269 -0.039914455 -0.550935268 0.008009472 0.833554506
1702688197185342208.000000 0.000691518 -0.000496204 0.231919870 -0.041486368 -0.530620158 0.004891812 0.846579790
1702688197437030656.000000 0.000553906 -0.000487609 0.231978104 -0.041142713 -0.519967914 0.005189108 0.853178620
1702688197642715648.000000 0.000440530 -0.000482453 0.232033700 -0.041021876 -0.510766387 0.005220519 0.858724415
1702688197894102784.000000 0.000319093 -0.000470571 0.232119769 -0.041311994 -0.500048518 0.005175720 0.864995956
1702688198140645632.000000 0.000199169 -0.000459367 0.232212618 -0.042293847 -0.488807619 0.005311686 0.871349573
1702688198682045440.000000 -0.000058398 -0.000442018 0.232405111 -0.042075124 -0.465362310 0.003096296 0.884114265
1702688198975623680.000000 -0.000192672 -0.000428992 0.232490212 -0.040713161 -0.457510382 0.003200219 0.888266027
1702688199391685632.000000 -0.000375785 -0.000416193 0.232660756 -0.041327257 -0.448693961 0.003495025 0.892722607
1702688199558371840.000000 -0.000445358 -0.000405713 0.232730135 -0.041274063 -0.446917921 0.003892470 0.893613875
1702688199889508608.000000 -0.000607416 -0.000397732 0.232845724 -0.039825283 -0.442071766 0.002935069 0.896090329
1702688200140529408.000000 -0.000721790 -0.000380297 0.232912719 -0.039315961 -0.442934871 0.003181297 0.895685732
1702688200308521984.000000 -0.000801332 -0.000380452 0.232946172 -0.040965024 -0.442383528 0.003083793 0.895884633
1702688200730449664.000000 -0.000996515 -0.000357776 0.233115271 -0.040180180 -0.450666726 0.003429245 0.891780972
1702688200889688576.000000 -0.001063690 -0.000354926 0.233170137 -0.041145910 -0.450891256 0.003219898 0.891624212
1702688201097799936.000000 -0.001167126 -0.000348784 0.233228222 -0.041806068 -0.461587489 0.004179064 0.886099219
1702688201305832704.000000 -0.001275212 -0.000347858 0.233284846 -0.042369414 -0.469476670 0.004673247 0.881915390
1702688201516457472.000000 -0.001373976 -0.000325385 0.233371973 -0.042902686 -0.474367738 0.004993418 0.879266620
1702688201722691840.000000 -0.001469478 -0.000312900 0.233461022 -0.042159878 -0.473780096 0.004245239 0.879623234
1702688202138675712.000000 -0.001678921 -0.000298298 0.233585268 -0.043097753 -0.475887984 0.002911618 0.878444493
1702688202564944384.000000 -0.001882270 -0.000277466 0.233714700 -0.042327490 -0.482889205 0.003888508 0.874649286
1702688202761994496.000000 -0.001984715 -0.000270674 0.233769685 -0.042599995 -0.480020285 0.002740794 0.876218140
1702688203012300800.000000 -0.002107918 -0.000268342 0.233843029 -0.042531651 -0.473135710 0.001867535 0.879960299
1702688203223700736.000000 -0.002207711 -0.000256545 0.233922303 -0.042492397 -0.470760733 0.001773511 0.881235242
1702688203442120960.000000 -0.002297558 -0.000236993 0.234005183 -0.041553620 -0.463816017 0.003094337 0.884951115
1702688203847037440.000000 -0.002476096 -0.000229641 0.234152421 -0.040502861 -0.434913248 0.002684334 0.899556994
1702688204055269120.000000 -0.002557315 -0.000250114 0.234222859 -0.042010162 -0.424241424 0.000610392 0.904573917
1702688204221483008.000000 -0.002629317 -0.000241615 0.234278396 -0.042131796 -0.416087002 0.000625079 0.908348024
1702688204430001408.000000 -0.002723727 -0.000224808 0.234365061 -0.041986257 -0.405136645 -0.000689753 0.913291276
1702688204643497472.000000 -0.002799030 -0.000212338 0.234437674 -0.041071992 -0.395289987 -0.000775793 0.917637348
1702688204848477184.000000 -0.002885520 -0.000210074 0.234527841 -0.041377489 -0.382335544 -0.002596664 0.923093021
1702688205178096384.000000 -0.002999447 -0.000240590 0.234662622 -0.044043675 -0.360856354 -0.006204242 0.931560159
1702688205388207616.000000 -0.003139138 -0.000272555 0.234693885 -0.046758786 -0.343183488 -0.009344494 0.938057244
1702688205597068544.000000 -0.003160276 -0.000274520 0.234710708 -0.048044767 -0.331325382 -0.010122028 0.942238152
1702688205804789760.000000 -0.003215268 -0.000268809 0.234799027 -0.048320230 -0.312749237 -0.011041495 0.948541582
1702688206053707008.000000 -0.003260776 -0.000275227 0.234860539 -0.049332086 -0.290122092 -0.012976543 0.955629230
1702688206222782720.000000 -0.003285946 -0.000256660 0.234927401 -0.046129957 -0.275842458 -0.011503893 0.960026383
1702688206426771456.000000 -0.003334834 -0.000256005 0.234991610 -0.047128968 -0.254975379 -0.014049690 0.965696156
1702688206591838720.000000 -0.003350751 -0.000255713 0.235050082 -0.047738355 -0.239336699 -0.015597191 0.969636917
1702688206759524096.000000 -0.003372530 -0.000250604 0.235110432 -0.047979578 -0.223508701 -0.016915129 0.973373353
1702688206968368896.000000 -0.003397714 -0.000238779 0.235191464 -0.047808129 -0.204075933 -0.017656457 0.977627575
1702688207177043456.000000 -0.003429353 -0.000229271 0.235259727 -0.046112645 -0.183063865 -0.019888157 0.981817544
1702688207384318208.000000 -0.003442610 -0.000220710 0.235332847 -0.045910012 -0.164753065 -0.020965854 0.985042691
1702688207678155776.000000 -0.003478495 -0.000213303 0.235434085 -0.045912851 -0.139391199 -0.023099968 0.988902688
1702688207803040256.000000 -0.003491961 -0.000205530 0.235477954 -0.045165427 -0.128698915 -0.023383111 0.990378678
1702688207925628160.000000 -0.003502355 -0.000197534 0.235529721 -0.045051884 -0.119903505 -0.024033101 0.991471589
1702688208054153984.000000 -0.003512016 -0.000191437 0.235572815 -0.045623071 -0.112061210 -0.022844827 0.992390573
1702688208301223936.000000 -0.003525207 -0.000181463 0.235673159 -0.042997051 -0.097038470 -0.024073087 0.994060040
1702688208425848320.000000 -0.003530817 -0.000180623 0.235704750 -0.043767501 -0.096158855 -0.023782136 0.994118869
1702688208554110208.000000 -0.003537923 -0.000173991 0.235757694 -0.042990811 -0.091174304 -0.023957876 0.994618058
1702688209008103680.000000 -0.003552531 -0.000158223 0.235907137 -0.045201216 -0.089469932 -0.021348218 0.994734287
1702688209216115200.000000 -0.003562184 -0.000152125 0.235977411 -0.047636110 -0.095844343 -0.018909320 0.994076014
1702688209845655296.000000 -0.003609119 -0.000132073 0.236184254 -0.051143903 -0.105885953 -0.026499890 0.992708564
1702688210008156928.000000 -0.003637305 -0.000124353 0.236238390 -0.048986278 -0.111655131 -0.029926280 0.992087662
1702688210465261568.000000 -0.003683385 -0.000123576 0.236370265 -0.044328932 -0.146939009 -0.030894071 0.987668693
1702688210643607808.000000 -0.003696885 -0.000117778 0.236416474 -0.039954722 -0.156506434 -0.027336335 0.986489832
1702688211213455104.000000 -0.003733252 -0.000102440 0.236592680 -0.035414912 -0.133820981 -0.025856568 0.990034938
1702688211423400192.000000 -0.003749014 -0.000092351 0.236653104 -0.035067838 -0.122882269 -0.026278874 0.991453290
1702688211673059072.000000 -0.003757039 -0.000093302 0.236744061 -0.041143067 -0.106481545 -0.029027671 0.993038952
1702688211880309504.000000 -0.003773876 -0.000081931 0.236808836 -0.034600012 -0.099545732 -0.028074887 0.994034886
1702688212052156416.000000 -0.003777937 -0.000085231 0.236869156 -0.036073599 -0.088648416 -0.029288551 0.994978607
1702688212256312576.000000 -0.003784418 -0.000073054 0.236938357 -0.035637356 -0.079335123 -0.027772570 0.995823562
1702688212588829184.000000 -0.003800992 -0.000060736 0.237062797 -0.037036538 -0.060066365 -0.026872886 0.997144997
1702688212795154944.000000 -0.003805347 -0.000055766 0.237134710 -0.039419029 -0.047881007 -0.029834138 0.997628987
1702688213212734464.000000 -0.003799934 -0.000041281 0.237279639 -0.042416539 -0.027728492 -0.030674983 0.998243988
1702688213419287808.000000 -0.003796636 -0.000035661 0.237356260 -0.042117693 -0.016691614 -0.030674711 0.998502195
1702688213593683968.000000 -0.003801323 -0.000034531 0.237409860 -0.042577337 -0.007817865 -0.031571068 0.998563647
1702688214046422016.000000 -0.003798980 -0.000025801 0.237570435 -0.042396855 0.017955881 -0.033418845 0.998380363
1702688214678100224.000000 -0.003770960 -0.000000853 0.237780586 -0.039858866 0.048801027 -0.034183506 0.997427285
1702688214880846592.000000 -0.003770036 0.000003002 0.237852111 -0.040296301 0.061746582 -0.034431629 0.996683538
1702688215378481152.000000 -0.003739102 0.000011859 0.238020718 -0.038763165 0.073056392 -0.034423254 0.995979548
1702688216253287680.000000 -0.003716748 0.000033870 0.238308728 -0.038251676 0.041457478 -0.033951066 0.997830391
1702688216504587264.000000 -0.003715107 0.000040778 0.238397598 -0.039305430 0.030540485 -0.032771669 0.998222649
1702688217005392384.000000 -0.003711273 0.000057471 0.238563225 -0.037970368 0.015985861 -0.031041035 0.998668730
1702688217290939904.000000 -0.003708944 0.000062574 0.238664508 -0.039941356 0.015744131 -0.032051530 0.998563707
1702688217584439040.000000 -0.003703526 0.000068673 0.238764524 -0.040986441 0.021293374 -0.032216061 0.998413205
1702688217878043392.000000 -0.003694132 0.000075061 0.238862574 -0.040318340 0.032097351 -0.033073027 0.998123407
1702688218125150208.000000 -0.003690808 0.000078637 0.238947496 -0.039446849 0.031661071 -0.032978423 0.998175323
1702688218666614784.000000 -0.003676285 0.000097469 0.239131227 -0.040718254 0.032833222 -0.033098590 0.998082399
1702688218999402752.000000 -0.003666782 0.000109800 0.239245415 -0.039413888 0.036717810 -0.033420801 0.997988701
1702688219290940160.000000 -0.003664311 0.000118331 0.239345357 -0.039936818 0.038575996 -0.034178782 0.997872114
1702688220205154816.000000 -0.003631654 0.000141221 0.239656091 -0.039204303 0.054787669 -0.034126960 0.997144282
1702688220502336768.000000 -0.003614942 0.000150151 0.239754975 -0.038600605 0.061445992 -0.033625357 0.996796727
1702688220834857216.000000 -0.003597148 0.000155625 0.239866361 -0.038449157 0.070577756 -0.034178592 0.996178865
1702688221123785216.000000 -0.003572678 0.000165735 0.239963427 -0.036882374 0.081847325 -0.033873156 0.995386064
1702688221996752384.000000 -0.003511516 0.000183161 0.240253970 -0.035353228 0.114749804 -0.035428837 0.992132783
1702688222334378496.000000 -0.003479959 0.000188015 0.240361333 -0.035695996 0.121800527 -0.035106502 0.991291106
1702688222629684736.000000 -0.003455580 0.000196291 0.240453899 -0.033572186 0.123913467 -0.034709003 0.991117358
1702688222913859584.000000 -0.003437247 0.000201692 0.240552306 -0.034415856 0.123454861 -0.035715677 0.991109908
1702688223161712896.000000 -0.003416601 0.000207013 0.240634009 -0.034353241 0.119722769 -0.035557296 0.991575539
1702688223499275008.000000 -0.003395528 0.000213368 0.240744904 -0.035717055 0.111096993 -0.035110179 0.992546737
1702688223830166528.000000 -0.003370255 0.000221598 0.240853712 -0.035277709 0.100362867 -0.034733862 0.993718445
1702688224120041472.000000 -0.003359125 0.000228262 0.240936399 -0.034378547 0.092464685 -0.034220733 0.994533777
1702688224457344768.000000 -0.003348173 0.000235157 0.241026938 -0.035456225 0.082290277 -0.033224571 0.995423198
1702688224785209088.000000 -0.003334990 0.000239420 0.241104484 -0.035013385 0.088062786 -0.034147691 0.994913578
1702688225077722368.000000 -0.003311184 0.000246840 0.241209313 -0.036202222 0.099910975 -0.034618214 0.993734777
1702688225409334784.000000 -0.003286982 0.000253032 0.241316587 -0.036821485 0.106545985 -0.035367832 0.992996097
1702688225785415168.000000 -0.003249726 0.000260212 0.241436675 -0.036015447 0.123123676 -0.034646507 0.991132259
1702688226078522880.000000 -0.003225684 0.000272169 0.241534382 -0.036346573 0.122878537 -0.037256811 0.991055906
1702688226408514816.000000 -0.003192905 0.000274950 0.241633371 -0.035527933 0.139243603 -0.037191767 0.988921523
1702688226703125504.000000 -0.003155471 0.000281300 0.241725788 -0.034084149 0.152166769 -0.036790714 0.987081587
1702688226990550528.000000 -0.003126758 0.000285721 0.241817340 -0.034720208 0.154672027 -0.036848333 0.986667752
1702688227282751232.000000 -0.003097132 0.000291350 0.241909772 -0.034798555 0.158408433 -0.037010517 0.986065984
1702688227616378880.000000 -0.003056003 0.000297084 0.242013156 -0.032845508 0.165538609 -0.037157003 0.984955609
1702688227906782208.000000 -0.003022427 0.000306215 0.242109343 -0.033214014 0.164573118 -0.036702190 0.985122085
1702688228200744960.000000 -0.002990418 0.000309397 0.242199019 -0.033193983 0.167147204 -0.038284615 0.984629035
1702688228657423616.000000 -0.002930818 0.000315630 0.242339060 -0.032169536 0.184369922 -0.038503408 0.981575429
1702688228952790016.000000 -0.002893995 0.000320158 0.242424965 -0.030468233 0.196415588 -0.038261116 0.979300141
1702688229614859008.000000 -0.002797327 0.000321628 0.242619634 -0.029230587 0.220691413 -0.038793385 0.974133492
1702688229989083648.000000 -0.002737318 0.000323467 0.242730632 -0.029239297 0.228948295 -0.038399637 0.972241342
1702688230281499392.000000 -0.002692231 0.000328341 0.242816955 -0.028363485 0.237186790 -0.038500458 0.970286369
1702688230613232128.000000 -0.002635506 0.000334081 0.242918119 -0.029637441 0.239975706 -0.039275996 0.969531178
1702688230992670464.000000 -0.002582289 0.000339905 0.243036240 -0.031763412 0.225851849 -0.038515430 0.972881615
1702688231280465920.000000 -0.002547653 0.000340297 0.243123442 -0.031513631 0.210780308 -0.038607862 0.976262271
1702688231614550784.000000 -0.002512473 0.000349596 0.243233293 -0.032573152 0.192831874 -0.037660334 0.979967654
1702688232236646144.000000 -0.002444334 0.000363060 0.243429661 -0.035492908 0.159449652 -0.036108926 0.985906839
1702688232611936768.000000 -0.002413676 0.000369336 0.243550748 -0.035542868 0.139503792 -0.034543246 0.988980353
1702688232985693696.000000 -0.002389541 0.000374697 0.243672967 -0.036733378 0.123229101 -0.034588385 0.991094828
1702688233487832320.000000 -0.002360015 0.000388013 0.243838236 -0.036609720 0.101056397 -0.032924011 0.993661582
1702688233903774720.000000 -0.002340237 0.000396204 0.243975863 -0.037273902 0.082340695 -0.031579174 0.995406210
1702688234235087104.000000 -0.002331686 0.000403441 0.244090647 -0.038774274 0.071823418 -0.031944800 0.996151328
1702688234570422016.000000 -0.002321179 0.000414832 0.244202197 -0.039879691 0.062713414 -0.031243602 0.996744931
1702688234983748096.000000 -0.002301629 0.000422749 0.244337946 -0.038553689 0.059649285 -0.031778086 0.996968269
1702688235359878656.000000 -0.002287970 0.000430384 0.244461790 -0.039231922 0.052714385 -0.031977825 0.997326136
1702688235734902272.000000 -0.002280924 0.000439291 0.244581044 -0.041022468 0.037501130 -0.031314649 0.997963071
1702688236193366016.000000 -0.002273352 0.000452708 0.244728804 -0.038859177 0.032585070 -0.031371638 0.998220444
1702688236525228800.000000 -0.002245252 0.000454777 0.244834036 -0.039801054 0.036403708 -0.031790152 0.998038113
1702688237607378176.000000 -0.002203820 0.000484516 0.245196298 -0.041550264 0.068590969 -0.033592623 0.996213019
1702688237943015936.000000 -0.002192689 0.000490409 0.245301470 -0.039380420 0.083883926 -0.033458188 0.995134771
1702688238275112704.000000 -0.002160846 0.000494356 0.245414793 -0.040808506 0.097520597 -0.034790948 0.993787706
1702688238736720640.000000 -0.002132811 0.000507301 0.245564982 -0.039161969 0.091843247 -0.033515386 0.994438469
1702688239148632320.000000 -0.002115068 0.000517664 0.245705873 -0.039120022 0.095356174 -0.034495026 0.994075894
1702688239651885312.000000 -0.002074491 0.000532428 0.245865360 -0.038434982 0.099069647 -0.033737943 0.993765414
1702688240104739072.000000 -0.002048469 0.000542197 0.246018678 -0.038874049 0.094560884 -0.033813074 0.994184971
1702688240564853248.000000 -0.002012512 0.000552536 0.246167213 -0.038846064 0.098517478 -0.033700693 0.993805587
1702688240941674496.000000 -0.001991134 0.000553670 0.246286049 -0.038504537 0.098659970 -0.033602413 0.993808091
1702688241272750336.000000 -0.001990394 0.000556021 0.246399537 -0.039595325 0.098891534 -0.033751752 0.993737161
1702688242061438976.000000 -0.001921112 0.000573919 0.246650472 -0.037899517 0.101668157 -0.033853985 0.993519545
1702688242435628288.000000 -0.001898429 0.000584990 0.246779189 -0.039994355 0.104741961 -0.034016076 0.993112504
1702688242810931712.000000 -0.001865641 0.000599770 0.246906251 -0.041430242 0.107404009 -0.034056459 0.992767870
1702688243227805184.000000 -0.001833298 0.000606354 0.247035787 -0.041233327 0.108834133 -0.034808856 0.992594242
1702688243561703168.000000 -0.001816829 0.000614537 0.247140139 -0.041560315 0.101625189 -0.033762440 0.993380666
1702688243895432704.000000 -0.001808388 0.000625156 0.247251987 -0.039448753 0.097615011 -0.033322118 0.993883669
1702688244272349952.000000 -0.001793781 0.000643444 0.247381568 -0.039743882 0.089793690 -0.032291621 0.994643092
1702688244601843200.000000 -0.001784852 0.000649706 0.247490004 -0.038043603 0.078780673 -0.031257257 0.995675266
1702688244976760064.000000 -0.001778527 0.000654781 0.247609764 -0.038660817 0.080949418 -0.031583920 0.995467246
1702688245272855296.000000 -0.001756035 0.000656595 0.247701332 -0.036645629 0.077771388 -0.031417180 0.995802045
1702688245602874880.000000 -0.001719645 0.000664749 0.247802317 -0.036993086 0.069457255 -0.030073052 0.996445119
1702688245892821248.000000 -0.001724080 0.000675813 0.247850299 -0.036469743 0.074663617 -0.029706879 0.996098816
1702688246199180288.000000 -0.001726209 0.000680256 0.247854859 -0.035466142 0.076610535 -0.029588547 0.995990753
1702688246725628672.000000 -0.001726363 0.000677832 0.247853771 -0.035846081 0.077473141 -0.030244879 0.995890677
