1702688123750164736.000000 0.000000000 0.000000000 0.000000000 -0.000000000 -0.000000000 -0.000000000 1.000000000
1702688124081733120.000000 0.000012072 0.000011241 0.001054697 -0.000979573 0.000540955 0.000217756 0.999999344
1702688124291145728.000000 0.000029017 0.000043481 0.001693211 -0.000316473 -0.000653371 -0.000484160 0.999999642
1702688124626137344.000000 -0.000056567 0.000005207 0.002668295 -0.000458672 -0.002950282 -0.000853652 0.999995172
1702688124872781824.000000 -0.000107437 0.000017750 0.003460877 -0.001518932 -0.003991506 -0.000692161 0.999990642
1702688125043920640.000000 -0.000094177 0.000037543 0.003946155 -0.001030227 -0.005405558 -0.001123052 0.999984264
1702688125412331520.000000 -0.000134037 0.000034152 0.005052627 -0.000674087 -0.003882662 0.000968758 0.999991775
1702688125832619520.000000 -0.000102808 0.000045498 0.006341161 -0.001659636 -0.003266527 0.001451383 0.999992251
1702688125956700160.000000 -0.000100271 0.000013177 0.006701484 -0.001740880 -0.003206510 0.001229301 0.999992609
1702688126249330688.000000 -0.000144335 0.000024597 0.007581608 -0.001495894 -0.005563476 0.001626757 0.999982119
1702688126370384896.000000 -0.000134245 -0.000000679 0.007939802 -0.001644021 -0.005625004 0.000608003 0.999982655
1702688126539796736.000000 -0.000120696 0.000016000 0.008453605 -0.001891932 -0.005212516 0.002011305 0.999982595
1702688126703040768.000000 -0.000141570 -0.000015824 0.008897129 -0.000205207 -0.001828594 0.002901502 0.999994099
1702688126831448576.000000 -0.000128590 -0.000006297 0.009266639 0.000786770 -0.003369630 0.002863939 0.999989927
1702688126996325376.000000 -0.000127511 -0.000035799 0.009767343 0.000824359 -0.003676446 0.002625160 0.999989450
1702688127330770688.000000 -0.000110704 -0.000027149 0.010757613 0.001560162 -0.006767913 0.001783938 0.999974310
1702688127541034240.000000 -0.000185285 -0.000012037 0.011363547 0.002094950 -0.011831914 0.001602416 0.999926507
1702688127748889600.000000 -0.000318014 -0.000025194 0.011997836 0.001654416 -0.016361529 0.001644835 0.999863446
1702688127995930624.000000 -0.000370389 -0.000007906 0.012709161 0.002279757 -0.019460769 0.001459306 0.999806941
1702688128287231488.000000 -0.000325396 -0.000032007 0.013603068 0.003059827 -0.019891022 0.000003227 0.999797463
1702688128536631040.000000 -0.000365345 -0.000033908 0.014261724 0.003737198 -0.023545898 0.000039983 0.999715805
1702688128829103872.000000 -0.000523270 -0.000017410 0.015162726 0.002421819 -0.030495100 -0.000255430 0.999531984
1702688129123187200.000000 -0.000594861 -0.000038787 0.015993444 0.003987325 -0.032750517 0.000007145 0.999455631
1702688129411471104.000000 -0.000554203 -0.000022760 0.016830888 0.004793834 -0.025297573 0.000659655 0.999668241
1702688129660533504.000000 -0.000614092 -0.000032553 0.017578393 0.004383027 -0.027482504 0.001522559 0.999611497
1702688129952396544.000000 -0.000699532 0.000031691 0.018473782 0.004468148 -0.030406393 0.005176603 0.999514222
1702688130283443456.000000 -0.000747350 -0.000002676 0.019475246 0.001411945 -0.031609304 0.002785141 0.999495447
1702688130619312640.000000 -0.000766903 0.000037693 0.020461133 0.000919038 -0.026002701 0.003557906 0.999655128
1702688130952782336.000000 -0.000766986 0.000033958 0.021404440 -0.001530578 -0.024084836 0.003847563 0.999701381
1702688131328139008.000000 -0.000770193 0.000042003 0.022516778 0.000580558 -0.015128557 0.004262489 0.999876320
1702688131661635840.000000 -0.000765428 0.000070212 0.023482854 0.000503700 -0.010859571 0.004367387 0.999931395
1702688131994234624.000000 -0.000638075 0.000104789 0.024464749 0.001377567 -0.004590049 0.003780986 0.999981403
1702688132376459008.000000 -0.000589182 0.000090338 0.025518160 0.001984777 -0.003969397 0.004043072 0.999981999
1702688132742498304.000000 -0.000639837 0.000087446 0.026604077 0.000994663 -0.002730603 0.003517258 0.999989629
1702688133157733120.000000 -0.000673663 0.000088518 0.027808495 0.000853001 -0.001216461 0.003651568 0.999992251
1702688133532340224.000000 -0.000788889 0.000081104 0.028901964 -0.000809217 -0.002746525 0.002612494 0.999992490
1702688133952734464.000000 -0.000793764 0.000104260 0.030105328 -0.001438246 -0.001318761 0.002006287 0.999996126
1702688134406528256.000000 -0.000741698 0.000080918 0.031363849 -0.000468295 -0.000246886 0.002678041 0.999996305
1702688134869007360.000000 -0.000801716 0.000094099 0.032696832 -0.002117421 -0.001147660 0.002729860 0.999993384
1702688135332264448.000000 -0.000744330 0.000065527 0.034000769 -0.000839698 0.000587043 0.002767934 0.999995649
1702688135783713536.000000 -0.000801246 0.000077048 0.035315342 -0.000980615 -0.001083323 0.002764632 0.999995112
1702688136239547392.000000 -0.000742287 0.000091672 0.036609169 -0.001812543 0.003412177 0.001899443 0.999990761
1702688136737051136.000000 -0.000784907 0.000063236 0.038038746 0.000119943 0.000385985 0.002303122 0.999997318
1702688137195188736.000000 -0.000820606 0.000063818 0.039350782 -0.000574627 -0.000501702 0.002567065 0.999996424
1702688137652427008.000000 -0.000868755 0.000067660 0.040692098 -0.000785685 -0.002868173 0.003083114 0.999990821
1702688138115034624.000000 -0.000853571 0.000062464 0.041992176 -0.000023266 -0.002502948 0.003748565 0.999989867
1702688138569628160.000000 -0.000873546 0.000065732 0.043291628 -0.000588783 -0.007968947 0.004675686 0.999957144
1702688139033727744.000000 -0.000839910 0.000082667 0.044541590 0.001160090 0.006652620 0.005290144 0.999963224
1702688139320589824.000000 -0.000723724 0.000043290 0.045352474 0.001788633 0.022475500 0.003536273 0.999739587
1702688139609967616.000000 -0.000679142 0.000051990 0.046199221 0.002131996 0.037691176 0.002394219 0.999284327
1702688139859516160.000000 -0.000670998 0.000035392 0.046912521 0.001594274 0.048869804 0.002703802 0.998800278
1702688140108269568.000000 -0.000520829 0.000024018 0.047589872 0.002346980 0.059221316 0.002724137 0.998238444
1702688140357342464.000000 -0.000470996 0.000016214 0.048256606 0.003081416 0.071602173 0.002754361 0.997424722
1702688140900673280.000000 -0.000063855 0.000081841 0.049791202 0.001239821 0.092278093 0.003745800 0.995725453
1702688141773551104.000000 0.000570503 0.000058014 0.052198090 0.001868643 0.095944844 0.003865235 0.995377421
1702688142316489984.000000 0.000650643 0.000066314 0.053759560 0.003202912 0.089297913 0.002932185 0.995995522
1702688142567018752.000000 0.000815750 0.000033458 0.054375447 0.003183997 0.089104481 0.002562818 0.996013880
1702688142817403904.000000 0.001013116 0.000036697 0.055061243 0.002818369 0.088586271 0.002596116 0.996061146
1702688143398336256.000000 0.001220059 0.000044170 0.056723520 0.001760267 0.084954716 0.003011692 0.996378720
1702688143650027776.000000 0.001291282 0.000051661 0.057429615 0.002330221 0.081887387 0.001599768 0.996637583
1702688144230925312.000000 0.001636658 -0.000016701 0.059017204 0.001796664 0.082518041 0.002540769 0.996584713
1702688144856612096.000000 0.001938491 0.000006272 0.060752738 0.003403323 0.087064058 0.002373029 0.996194065
1702688145149849344.000000 0.002085375 0.000011757 0.061569292 0.003593220 0.091635793 0.002393753 0.995783269
1702688145522630400.000000 0.002280499 -0.000009135 0.062603123 0.001895284 0.091551147 0.001816803 0.995796919
1702688145858375168.000000 0.002413005 -0.000002953 0.063467741 0.002121485 0.087860987 0.002033775 0.996128440
1702688146479545344.000000 0.002702174 -0.000006439 0.065272525 0.003061895 0.057598304 0.002156661 0.998332858
1702688146854692096.000000 0.002732252 0.000019002 0.066309109 0.001155324 0.040551629 0.002486326 0.999173701
1702688147186617600.000000 0.002728309 -0.000005629 0.067245454 0.002422391 0.052887045 0.002954171 0.998593211
1702688147602800384.000000 0.002944143 -0.000004565 0.068399228 0.002189817 0.060357787 0.002055448 0.998172343
1702688147896468480.000000 0.003113377 -0.000003038 0.069249235 0.001006554 0.059938692 0.001501434 0.998200417
1702688148227873280.000000 0.003227577 0.000014633 0.070196882 0.001316024 0.059938591 0.001035875 0.998200715
1702688148604917248.000000 0.003360698 -0.000005396 0.071236901 0.002501023 0.060030211 0.000771598 0.998193145
1702688149101872128.000000 0.003537291 -0.000049522 0.072630405 0.003455766 0.061836414 0.002603836 0.998076916
1702688149476276480.000000 0.003644648 -0.000050645 0.073669299 0.003753826 0.061420172 0.001969904 0.998103023
1702688149851557888.000000 0.003789921 -0.000046465 0.074710816 0.004055411 0.061151404 0.002293596 0.998117685
1702688150350371584.000000 0.004065408 -0.000038417 0.076166771 0.004740664 0.065194830 0.002230819 0.997858822
1702688150808598528.000000 0.004251902 -0.000044495 0.077412523 0.006029183 0.070013680 0.002190370 0.997525454
1702688151309784320.000000 0.004417174 -0.000032687 0.078856185 0.003461262 0.074588366 0.000775067 0.997208118
1702688151807358976.000000 0.004625183 -0.000021185 0.080256552 0.001965723 0.076922104 0.000198303 0.997035205
1702688152306290176.000000 0.004869196 -0.000029748 0.081640452 0.004308044 0.077943757 -0.001537999 0.996947289
1702688152807069952.000000 0.005161546 -0.000018203 0.083042622 0.002622193 0.090864599 -0.001053976 0.995859265
1702688153308795392.000000 0.005476159 -0.000051331 0.084407695 0.003313716 0.106684603 -0.000186974 0.994287372
1702688153853723904.000000 0.005825456 -0.000071164 0.085901238 0.003079953 0.110071450 -0.000860202 0.993918538
1702688154473976832.000000 0.006161422 -0.000105943 0.087574244 0.004424262 0.102887012 -0.001317569 0.994682372
1702688155138146048.000000 0.006470296 -0.000114824 0.089427084 0.004472734 0.082194991 0.000590725 0.996606112
1702688155682462976.000000 0.006598935 -0.000096383 0.090865888 0.002141938 0.067081533 -0.001297219 0.997744381
1702688156522657536.000000 0.006720912 -0.000085127 0.093079440 0.001637400 0.029962383 -0.000501177 0.999549568
1702688157220222464.000000 0.006681840 -0.000054178 0.095068008 0.001647311 -0.004050494 -0.001285616 0.999989629
1702688157676052992.000000 0.006607588 -0.000094495 0.096397847 -0.000843611 -0.025941618 -0.001518550 0.999661922
1702688158136134400.000000 0.006489448 -0.000093895 0.097678632 -0.000246460 -0.030575087 -0.002618500 0.999529004
1702688158676171520.000000 0.006440112 -0.000080232 0.099178120 0.001032355 -0.020161413 -0.001985493 0.999794245
1702688159093555712.000000 0.006380739 -0.000090028 0.100329444 0.001507458 -0.024248162 -0.001715717 0.999703348
1702688159551476736.000000 0.006288161 -0.000078111 0.101604871 0.001174547 -0.035188995 -0.000977171 0.999379516
1702688160053483008.000000 0.006163516 -0.000087374 0.102977790 -0.000684200 -0.039972294 -0.000970257 0.999200106
1702688160596285440.000000 0.006159927 -0.000066764 0.104499593 0.000297719 -0.026425645 -0.001357423 0.999649823
1702688161049797888.000000 0.006134845 -0.000069284 0.105743900 0.000086453 -0.006388512 -0.001158656 0.999978900
1702688161548185344.000000 0.006053322 -0.000117609 0.107036658 0.003107391 -0.007434708 -0.000344924 0.999967515
1702688162130791424.000000 0.006046785 -0.000096436 0.108651116 0.002320873 -0.002012046 -0.000079477 0.999995291
1702688162672387072.000000 0.006093436 -0.000115275 0.110210724 0.001030276 0.001904596 0.000445842 0.999997556
1702688163174157056.000000 0.006085129 -0.000125561 0.111534350 0.002039742 0.011503900 -0.000186257 0.999931753
1702688163754500096.000000 0.006205610 -0.000094236 0.113178685 0.001867228 0.019716276 -0.000989999 0.999803364
1702688164379655424.000000 0.006251943 -0.000099026 0.114888623 0.004082115 0.033568382 -0.000612895 0.999427915
1702688164962179840.000000 0.006331301 -0.000096238 0.116520755 0.001492575 0.028279640 -0.001259871 0.999598145
1702688165465056512.000000 0.006505530 -0.000105458 0.117917389 0.003123252 0.029151047 -0.001517976 0.999568999
1702688165883166976.000000 0.006476738 -0.000085365 0.119054049 0.002891999 0.025471481 -0.002152618 0.999669075
1702688166377053952.000000 0.006650556 -0.000100233 0.120410390 0.002943519 0.038823441 -0.002989679 0.999237299
1702688166920820992.000000 0.006607501 -0.000108660 0.121915005 0.001826720 0.028702544 -0.002447265 0.999583364
1702688167337507072.000000 0.006650995 -0.000093137 0.123070516 0.002305974 0.051144809 -0.001700646 0.998687148
1702688167752414976.000000 0.006827412 -0.000119104 0.124156110 0.002528827 0.055014361 -0.002352553 0.998479605
1702688168172766720.000000 0.007160899 -0.000150890 0.125165954 0.001199894 0.063511051 0.000392690 0.997980356
1702688170249803264.000000 0.008534078 -0.000157622 0.130754754 0.004767063 0.117661282 -0.000202830 0.993042350
1702688170669401600.000000 0.008689035 -0.000175957 0.132004783 0.005151496 0.138411835 -0.000652281 0.990361154
1702688171002532864.000000 0.008461453 -0.000138961 0.132920206 0.004381558 0.153859288 -0.000912137 0.988082647
1702688171418480896.000000 0.008357268 -0.000341529 0.133829162 0.002809469 0.167707667 0.002517124 0.985829532
1702688172290831360.000000 0.007605444 -0.000648385 0.135719627 -0.004456883 0.177600026 0.002659244 0.984089077
1702688172787898880.000000 0.006998448 -0.000795931 0.136810273 -0.008682863 0.181290075 -0.000519518 0.983391225
1702688173623626240.000000 0.007183869 -0.000699925 0.138456330 -0.008092852 0.098589674 0.002716000 0.995091558
1702688174957649920.000000 0.007770111 -0.000263305 0.141422883 0.001225163 -0.034867324 0.004664428 0.999380350
1702688175370521600.000000 0.007690072 -0.000548957 0.142344937 -0.004413516 -0.072127186 0.004623655 0.997374952
1702688175785123584.000000 0.007919403 -0.000448603 0.143584952 -0.003538959 -0.094225600 0.004419770 0.995534778
1702688176578627072.000000 0.008258197 -0.000411611 0.146100685 -0.005424871 -0.146236613 0.000455696 0.989234686
1702688176909668608.000000 0.008021965 -0.000361300 0.147096738 -0.005041705 -0.162099704 0.000491014 0.986761391
1702688177247349248.000000 0.007852393 -0.000528757 0.147708848 -0.007730064 -0.166613206 0.000291594 0.985992014
1702688177619721728.000000 0.007646527 -0.000555968 0.148494631 -0.008002453 -0.171478927 -0.000613956 0.985155106
1702688178283363840.000000 0.006987663 -0.000527870 0.150056094 -0.009323398 -0.189736009 -0.000001300 0.981790900
1702688178576162048.000000 0.006668373 -0.000472241 0.150752351 -0.007586244 -0.200025752 -0.001415262 0.979760289
1702688178827101184.000000 0.006300553 -0.000497771 0.151271269 -0.008009303 -0.211008102 0.000175354 0.977451503
1702688179119229952.000000 0.005912242 -0.000541161 0.151876017 -0.009333014 -0.222249538 -0.000522416 0.974945009
1702688179409809664.000000 0.005553222 -0.000524702 0.152468652 -0.008510992 -0.233330011 -0.001231468 0.972359598
1702688179702250496.000000 0.005125064 -0.000491057 0.153073579 -0.008801296 -0.246759310 -0.001056983 0.969036281
1702688179992841216.000000 0.004635818 -0.000409460 0.153656930 -0.009071479 -0.258129239 0.000596541 0.966067612
1702688180949100544.000000 0.003157962 -0.000426619 0.155641928 -0.008028341 -0.302379876 -0.000454332 0.953153610
1702688181363631872.000000 0.002436887 -0.000548046 0.156310916 -0.008927234 -0.321655780 0.001313855 0.946813703
1702688181574390528.000000 0.002124423 -0.000581933 0.156689838 -0.009119039 -0.331984788 0.001358803 0.943239689
1702688181781741824.000000 0.001756968 -0.000554491 0.157213420 -0.011588235 -0.344222724 0.001232409 0.938815713
1702688181989973504.000000 0.001399023 -0.000559976 0.157639369 -0.010542835 -0.355057746 0.001009726 0.934784353
1702688182407867392.000000 0.000628075 -0.000567303 0.158371404 -0.012903531 -0.374930769 0.000173947 0.926962972
1702688183030571264.000000 -0.000696212 -0.000557782 0.159448907 -0.015017066 -0.411002904 0.000890229 0.911509931
1702688183326176512.000000 -0.001265410 -0.000650616 0.159874171 -0.017657787 -0.428707063 0.000880598 0.903270602
1702688183571993600.000000 -0.001824010 -0.000594972 0.160238504 -0.017289167 -0.448415667 0.001182518 0.893657148
1702688183823087872.000000 -0.002311908 -0.000513807 0.160574704 -0.015125350 -0.467067271 0.002538126 0.884088814
1702688184076856576.000000 -0.002818145 -0.000544987 0.160888642 -0.016274514 -0.483351499 0.002394344 0.875271797
1702688184278225152.000000 -0.003295921 -0.000506047 0.161127001 -0.015853973 -0.500420153 0.002925051 0.865632594
1702688184490565888.000000 -0.003769748 -0.000553130 0.161273718 -0.017481195 -0.516026795 0.003078809 0.856388509
1702688184699704064.000000 -0.004101530 -0.000529820 0.161434159 -0.017019119 -0.533644617 0.004269973 0.845526874
1702688184948587008.000000 -0.004184060 -0.000589774 0.161441654 -0.018018575 -0.551952899 0.004218710 0.833669901
1702688185281377280.000000 -0.004584961 -0.000592744 0.161572531 -0.017130351 -0.577351809 0.005883305 0.816294611
1702688185582665472.000000 -0.004932694 -0.000557209 0.161698431 -0.018576114 -0.600915432 0.004950151 0.799081385
1702688185745023488.000000 -0.005121954 -0.000546424 0.161755443 -0.018237485 -0.614600241 0.005292010 0.788610160
1702688185905757696.000000 -0.005289055 -0.000546360 0.161897585 -0.018721612 -0.629413724 0.005243762 0.776827157
1702688186155927296.000000 -0.005506173 -0.000536730 0.161818013 -0.017847428 -0.640514851 0.004546350 0.767724991
1702688186364480768.000000 -0.005690277 -0.000530357 0.161864623 -0.017503913 -0.655830383 0.005430894 0.754685700
1702688186569126656.000000 -0.005836770 -0.000519434 0.161907703 -0.016961010 -0.667446375 0.005729231 0.744442642
1702688186776847360.000000 -0.005907118 -0.000521495 0.161843434 -0.015487842 -0.668276429 0.006485215 0.743723512
1702688186942085632.000000 -0.006111413 -0.000518754 0.161738008 -0.016294073 -0.669611871 0.006361811 0.742505312
1702688187110407168.000000 -0.006263673 -0.000484705 0.161926880 -0.015804071 -0.669672191 0.006709259 0.742458403
1702688187282107392.000000 -0.006475136 -0.000478868 0.162012026 -0.016511587 -0.668718874 0.006056055 0.743307412
1702688187484103936.000000 -0.006733388 -0.000494135 0.162031025 -0.016351976 -0.666984618 0.005675699 0.744870484
1702688187656475904.000000 -0.006973431 -0.000473113 0.161991432 -0.016227385 -0.670581043 0.005560839 0.741638005
1702688188233272320.000000 -0.007705867 -0.000465836 0.162090898 -0.016245559 -0.671924233 0.005566158 0.740420759
1702688188445574912.000000 -0.007979229 -0.000463800 0.162090063 -0.015938077 -0.672540128 0.005231265 0.739870608
1702688188608985600.000000 -0.008188754 -0.000458797 0.162184179 -0.015612531 -0.667294323 0.005789982 0.744607925
1702688188815922432.000000 -0.008452177 -0.000443767 0.162198648 -0.015606307 -0.664952695 0.005701750 0.746700644
1702688189024328192.000000 -0.008718014 -0.000437518 0.162207127 -0.015220243 -0.668058336 0.007227920 0.743918121
1702688189316132864.000000 -0.009102210 -0.000439131 0.162216067 -0.015420036 -0.681145370 0.007309087 0.731949389
1702688189525609984.000000 -0.009361565 -0.000441018 0.162223950 -0.016312206 -0.690319002 0.006848213 0.723288834
1702688189814556672.000000 -0.009754419 -0.000429668 0.162238494 -0.016500026 -0.684875607 0.004839483 0.728457093
1702688190065590272.000000 -0.010082334 -0.000420652 0.162252486 -0.016856637 -0.697403371 0.004936474 0.716463566
1702688190279198208.000000 -0.010342836 -0.000408671 0.162223503 -0.015508498 -0.703583837 0.005517820 0.710421622
1702688190525139712.000000 -0.010664657 -0.000395409 0.162219986 -0.013991165 -0.705170691 0.005406059 0.708878934
1702688190774636544.000000 -0.010973960 -0.000394374 0.162268922 -0.013575652 -0.697746694 0.005243300 0.716196775
1702688191063527680.000000 -0.011364564 -0.000393463 0.162271306 -0.014969039 -0.698190510 0.006452681 0.715726376
1702688191358403328.000000 -0.011728510 -0.000411778 0.162261143 -0.015311175 -0.707663298 0.006757562 0.706351697
1702688191650027520.000000 -0.012102112 -0.000411628 0.162271976 -0.014901076 -0.695016623 0.007734105 0.718797624
1702688191900336384.000000 -0.012417406 -0.000399825 0.162299082 -0.014119208 -0.688743770 0.008661275 0.724815607
1702688192230899712.000000 -0.012865692 -0.000395383 0.162352145 -0.015166442 -0.678937972 0.008337554 0.733991623
1702688192523174400.000000 -0.013237894 -0.000377979 0.162392393 -0.015174481 -0.670226216 0.006762533 0.741970897
1702688192770280960.000000 -0.013568416 -0.000376496 0.162471086 -0.015909674 -0.660318255 0.007024885 0.750784457
1702688193069578752.000000 -0.013944224 -0.000359402 0.162505701 -0.015101603 -0.667608738 0.006464094 0.744331062
1702688193398554880.000000 -0.014352798 -0.000363359 0.162510693 -0.015919870 -0.674908042 0.005864688 0.737706780
1702688193771443712.000000 -0.014831327 -0.000353685 0.162610143 -0.014014246 -0.659353971 0.006778542 0.751671553
1702688194188029696.000000 -0.015369728 -0.000343263 0.162709340 -0.014743322 -0.650674403 0.006398799 0.759186745
1702688194561434624.000000 -0.015837796 -0.000333375 0.162779137 -0.013874786 -0.644689262 0.005835616 0.764296591
1702688194854336768.000000 -0.016220279 -0.000319574 0.162820905 -0.015051263 -0.645897567 0.005502407 0.763255894
1702688195229769216.000000 -0.016683705 -0.000315155 0.162908092 -0.013662452 -0.644361198 0.007018346 0.764567018
1702688195606745344.000000 -0.017162897 -0.000312904 0.162990451 -0.012329374 -0.632589102 0.006220909 0.774364471
1702688196102466304.000000 -0.017821394 -0.000285294 0.163110733 -0.012043783 -0.628592432 0.006157976 0.777617276
1702688196517664256.000000 -0.018307358 -0.000308172 0.163250625 -0.012138627 -0.615776360 0.006089541 0.787803948
1702688196895312128.000000 -0.018831238 -0.000266852 0.163379252 -0.011229788 -0.601106703 0.007399532 0.799055636
1702688197270609408.000000 -0.019288287 -0.000227654 0.163523152 -0.013406504 -0.589961171 0.007536208 0.807285190
1702688197808630528.000000 -0.019664615 -0.000211590 0.163056716 -0.024590576 -0.559026062 0.010226990 0.828722239
1702688198267511296.000000 -0.019429944 -0.000233752 0.163302958 -0.028072799 -0.560279071 0.010745673 0.827758312
1702688198564799488.000000 -0.019514814 -0.000221143 0.163358137 -0.026776513 -0.549064994 0.011588833 0.835270226
1702688199059116544.000000 -0.019652285 -0.000234347 0.163429230 -0.027282780 -0.535912037 0.010981159 0.843761444
1702688199601385216.000000 -0.019801870 -0.000225489 0.163508639 -0.027886368 -0.524741173 0.012394396 0.850714684
1702688199973019136.000000 -0.019904602 -0.000226962 0.163565338 -0.026927819 -0.522689342 0.010613373 0.852031767
1702688200100477184.000000 -0.019939374 -0.000220173 0.163585067 -0.025855534 -0.523652792 0.011317443 0.851464152
1702688200227043072.000000 -0.019972853 -0.000235150 0.163590029 -0.028140426 -0.524407864 0.010080658 0.850942373
1702688200353221632.000000 -0.020008344 -0.000223723 0.163611844 -0.027729927 -0.525279582 0.010481853 0.850413144
1702688200476429824.000000 -0.020044148 -0.000221619 0.163627744 -0.027711986 -0.526460886 0.011517335 0.849669576
1702688200598961920.000000 -0.020091679 -0.000221907 0.163635120 -0.027881473 -0.525949359 0.011161360 0.849985480
1702688200730449664.000000 -0.020095680 -0.000222380 0.163635343 -0.027570453 -0.527863681 0.011106360 0.848808825
1702688200889688576.000000 -0.020149209 -0.000223615 0.163655713 -0.028226990 -0.527075708 0.010480742 0.849284828
1702688201022895872.000000 -0.020189721 -0.000229333 0.163650870 -0.029081762 -0.529395223 0.009819552 0.847819865
1702688201181699328.000000 -0.020236760 -0.000233320 0.163684651 -0.029280292 -0.542189837 0.009654779 0.839690208
1702688201349103616.000000 -0.020281836 -0.000223569 0.163708225 -0.028992234 -0.546605110 0.010734098 0.836819708
1702688201516457472.000000 -0.020328552 -0.000221268 0.163726568 -0.029785380 -0.548885822 0.009831064 0.835308671
1702688202097540608.000000 -0.020497262 -0.000214891 0.163788959 -0.029578438 -0.547800660 0.007746052 0.836049974
1702688202304698368.000000 -0.020557985 -0.000214084 0.163811296 -0.030307753 -0.552896798 0.007569837 0.832663953
1702688202514005504.000000 -0.020615228 -0.000212772 0.163833350 -0.029518599 -0.555096805 0.009195127 0.831210971
1702688202721447168.000000 -0.020673975 -0.000208110 0.163860768 -0.029824004 -0.553506851 0.008471646 0.832267344
1702688202930338816.000000 -0.020731740 -0.000202541 0.163892448 -0.029201321 -0.551019788 0.008325717 0.833939552
1702688203847037440.000000 -0.020969998 -0.000201770 0.164008588 -0.029045139 -0.509085894 0.007735050 0.860190749
1702688204097290752.000000 -0.021018919 -0.000206606 0.164052874 -0.029092513 -0.498318046 0.007130769 0.866476774
1702688204305177344.000000 -0.021082301 -0.000200337 0.164087474 -0.029889038 -0.488719881 0.005609061 0.871910572
1702688204512883968.000000 -0.021124143 -0.000210387 0.164114326 -0.031679377 -0.479929894 0.003789079 0.876726508
1702688204761393664.000000 -0.021185189 -0.000209027 0.164156377 -0.031551976 -0.466076523 0.003746768 0.884173691
1702688205230297088.000000 -0.021286258 -0.000200598 0.164239153 -0.031087752 -0.439525932 0.002817267 0.897687376
1702688205467789824.000000 -0.021335760 -0.000200699 0.164277554 -0.031205095 -0.424661070 0.002126332 0.904811978
1702688205760909312.000000 -0.021391535 -0.000201492 0.164340377 -0.033173457 -0.405306280 0.000078649 0.913578868
1702688206013332224.000000 -0.021439053 -0.000191738 0.164399296 -0.032533724 -0.382217318 0.000031912 0.923499584
1702688206302918912.000000 -0.021492951 -0.000189385 0.164463788 -0.031706065 -0.355895370 -0.000052298 0.933987796
1702688206553478400.000000 -0.021537980 -0.000184243 0.164527863 -0.031057406 -0.332991034 -0.001782126 0.942416668
1702688206759524096.000000 -0.021566998 -0.000182388 0.164586514 -0.032260541 -0.314373702 -0.002673840 0.948747218
1702688207009563136.000000 -0.021605020 -0.000173698 0.164646864 -0.031798009 -0.290696234 -0.003457871 0.956280649
1702688207217567232.000000 -0.021632669 -0.000174652 0.164691925 -0.031519741 -0.270538449 -0.005387382 0.962177992
1702688207469698560.000000 -0.021661840 -0.000162599 0.164766952 -0.031434335 -0.251241535 -0.005474163 0.967398345
1702688207760922880.000000 -0.021701116 -0.000164045 0.164835706 -0.032561038 -0.224910453 -0.006434799 0.973814011
1702688208009277952.000000 -0.021725541 -0.000161187 0.164912924 -0.032734528 -0.209093794 -0.006761295 0.977324188
1702688208259052544.000000 -0.021754824 -0.000145772 0.164993286 -0.029688759 -0.193227142 -0.006299049 0.980684578
1702688208509132544.000000 -0.021785097 -0.000155746 0.165005460 -0.032906741 -0.184331685 -0.006971509 0.982288361
1702688209091774720.000000 -0.021837667 -0.000133348 0.165210560 -0.034466825 -0.186094016 -0.003205607 0.981922030
1702688209382207744.000000 -0.021873044 -0.000128569 0.165310711 -0.038809787 -0.192496613 -0.000585651 0.980529726
1702688210008156928.000000 -0.021945024 -0.000123190 0.165446416 -0.036745209 -0.205158174 -0.014580105 0.977930129
1702688210341040896.000000 -0.022001510 -0.000113631 0.165535644 -0.033566739 -0.230869949 -0.015875574 0.972275853
1702688210643607808.000000 -0.022046603 -0.000110989 0.165602908 -0.025491783 -0.247763529 -0.010492270 0.968428314
1702688210927221504.000000 -0.022069542 -0.000112243 0.165649578 -0.017358670 -0.249535188 -0.005071672 0.968196869
1702688211256303104.000000 -0.022109117 -0.000109088 0.165748298 -0.022778589 -0.222742543 -0.008938622 0.974570155
1702688211964052992.000000 -0.022179369 -0.000104504 0.165925711 -0.024273355 -0.185594261 -0.012428298 0.982248008
1702688212337443072.000000 -0.022202250 -0.000096752 0.166022629 -0.025175417 -0.166313425 -0.010785710 0.985692561
1702688212674033920.000000 -0.022212412 -0.000098714 0.166109428 -0.027476963 -0.149267659 -0.012245871 0.988339186
1702688213005452032.000000 -0.022239793 -0.000088330 0.166208670 -0.030982962 -0.131982625 -0.014033425 0.990668356
1702688213340885248.000000 -0.022260796 -0.000079242 0.166306585 -0.033124909 -0.114485353 -0.014539516 0.992766082
1702688213593683968.000000 -0.022276828 -0.000071430 0.166379333 -0.031867422 -0.101132698 -0.015025014 0.994248927
1702688214128657920.000000 -0.022296682 -0.000061889 0.166537061 -0.032238811 -0.070486739 -0.016411360 0.996856511
1702688214382885120.000000 -0.022302823 -0.000058780 0.166599184 -0.032421805 -0.059045300 -0.017086679 0.997582376
1702688214629415168.000000 -0.022311276 -0.000058312 0.166667834 -0.031981923 -0.045572259 -0.017672714 0.998292565
1702688214880846592.000000 -0.022320885 -0.000056841 0.166735634 -0.032377981 -0.031171210 -0.018637225 0.998815656
1702688215378481152.000000 -0.022314329 -0.000044082 0.166874096 -0.029993054 -0.020492053 -0.018068438 0.999176681
1702688216292660224.000000 -0.022349833 -0.000031605 0.167132899 -0.029706605 -0.053515662 -0.018172652 0.997959614
1702688216627161344.000000 -0.022364266 -0.000019611 0.167227149 -0.029016623 -0.068167068 -0.016377622 0.997117400
1702688216917298176.000000 -0.022370879 -0.000016756 0.167302489 -0.028330423 -0.076815471 -0.015428764 0.996523321
1702688217209284864.000000 -0.022388570 -0.000010132 0.167385295 -0.030164126 -0.079388924 -0.015624459 0.996264756
1702688217832367104.000000 -0.022413848 -0.000000466 0.167563051 -0.030380288 -0.062091917 -0.016335744 0.997474194
1702688218166671872.000000 -0.022426402 0.000008135 0.167652532 -0.028814988 -0.061643284 -0.015950251 0.997554719
1702688218460103936.000000 -0.022434704 0.000012052 0.167736620 -0.029378124 -0.061861586 -0.015322016 0.997534633
1702688219081946112.000000 -0.022450283 0.000025545 0.167911381 -0.029958462 -0.056909252 -0.016753957 0.997789145
1702688219459428352.000000 -0.022468608 0.000029711 0.168013111 -0.029919283 -0.053911228 -0.016715825 0.997957408
1702688219789006336.000000 -0.022475250 0.000033029 0.168107659 -0.029206442 -0.043583546 -0.016565558 0.998485386
1702688220164463360.000000 -0.022486091 0.000041855 0.168213084 -0.029855840 -0.037530456 -0.017093241 0.998703122
1702688220502336768.000000 -0.022485096 0.000049462 0.168306693 -0.029995553 -0.032557242 -0.016528647 0.998882949
1702688221204984064.000000 -0.022487659 0.000061197 0.168507859 -0.029045068 -0.007180744 -0.016560761 0.999415100
1702688221539165440.000000 -0.022482529 0.000066665 0.168601081 -0.028155183 0.005754917 -0.016782276 0.999446094
1702688221875519488.000000 -0.022481008 0.000069766 0.168694615 -0.027806986 0.016075529 -0.017725268 0.999326885
1702688222287341568.000000 -0.022473032 0.000077011 0.168811217 -0.027358973 0.028410016 -0.017902816 0.999061525
1702688222629684736.000000 -0.022464804 0.000080853 0.168903500 -0.026636299 0.030895429 -0.017217115 0.999019325
1702688222995658240.000000 -0.022458749 0.000085241 0.169008821 -0.026848931 0.028633120 -0.017816585 0.999070525
1702688223368508672.000000 -0.022452822 0.000091493 0.169115514 -0.027524104 0.019468451 -0.017239530 0.999282837
1702688223749886976.000000 -0.022455480 0.000096842 0.169220582 -0.027683098 0.009430514 -0.016706260 0.999432683
1702688224161460992.000000 -0.022460140 0.000102959 0.169323877 -0.027122252 -0.003136184 -0.016507957 0.999490917
1702688224536349440.000000 -0.022460978 0.000108239 0.169406757 -0.028207608 -0.013980810 -0.015708417 0.999380887
1702688224909356032.000000 -0.022460610 0.000112141 0.169497058 -0.029644758 -0.000983781 -0.016437009 0.999424875
1702688225372591616.000000 -0.022455022 0.000121015 0.169624299 -0.029353729 0.010406692 -0.017822789 0.999356031
1702688225830490624.000000 -0.022442603 0.000128486 0.169752270 -0.028911032 0.030824130 -0.017318510 0.998956561
1702688226330569984.000000 -0.022429507 0.000139172 0.169890076 -0.029109867 0.037959207 -0.019325584 0.998668253
1702688226703125504.000000 -0.022413125 0.000143007 0.169990659 -0.027886404 0.058625735 -0.018838892 0.997712612
1702688227202615296.000000 -0.022395445 0.000150002 0.170125261 -0.028450726 0.060290415 -0.018609870 0.997601807
1702688227661374976.000000 -0.022375705 0.000157123 0.170252964 -0.027373781 0.073222756 -0.019345690 0.996752143
1702688228075241728.000000 -0.022361577 0.000163373 0.170367539 -0.026858872 0.059827682 -0.018763874 0.997670889
1702688228493070080.000000 -0.022340700 0.000164458 0.170482233 -0.027523492 0.078591861 -0.020417241 0.996317744
1702688228952790016.000000 -0.022310410 0.000170359 0.170605138 -0.025167247 0.103843398 -0.020853093 0.994056523
1702688229337942016.000000 -0.022275858 0.000177067 0.170706153 -0.024410157 0.117695019 -0.021752410 0.992511392
1702688229741533952.000000 -0.022247804 0.000178759 0.170816332 -0.024617791 0.128861085 -0.020586338 0.991143286
1702688230113241856.000000 -0.022220433 0.000184360 0.170915723 -0.022710113 0.139351577 -0.020363821 0.989773095
1702688230531054848.000000 -0.022188893 0.000189337 0.171027094 -0.024031034 0.150442153 -0.020650417 0.988110960
1702688230866126336.000000 -0.022160823 0.000191366 0.171116859 -0.025722634 0.141774312 -0.021662090 0.989327669
1702688231325669632.000000 -0.022133719 0.000197434 0.171239346 -0.026491998 0.116400197 -0.020870872 0.992629647
1702688231699879424.000000 -0.022118282 0.000201510 0.171345592 -0.027624462 0.095389821 -0.019779028 0.994860053
1702688232113836800.000000 -0.022106748 0.000211031 0.171464458 -0.028528698 0.073789731 -0.019577349 0.996673405
1702688232529086976.000000 -0.022102622 0.000215129 0.171581745 -0.028753947 0.051595192 -0.019361047 0.998066306
1702688232903901952.000000 -0.022096341 0.000223552 0.171687022 -0.029435227 0.033429615 -0.017082948 0.998861492
1702688233329391360.000000 -0.022099148 0.000226326 0.171795338 -0.030505415 0.015188497 -0.016525650 0.999282598
1702688233903774720.000000 -0.022105465 0.000237208 0.171958059 -0.029800912 -0.010673184 -0.015013207 0.999386132
1702688234404014080.000000 -0.022119246 0.000246290 0.172099456 -0.031298786 -0.025019450 -0.015142018 0.999082148
1702688234818715136.000000 -0.022124488 0.000250260 0.172213361 -0.032195479 -0.035370134 -0.014867288 0.998744905
1702688235359878656.000000 -0.022137810 0.000257593 0.172361404 -0.031998880 -0.040665660 -0.015768806 0.998535812
1702688235860274432.000000 -0.022159418 0.000268432 0.172495544 -0.032275058 -0.062233474 -0.015161611 0.997424424
1702688236316504832.000000 -0.022174442 0.000271106 0.172617227 -0.031495109 -0.057765141 -0.015535299 0.997712374
1702688236818078976.000000 -0.022177761 0.000279468 0.172753960 -0.033477008 -0.050112531 -0.016368452 0.998048186
1702688237291389696.000000 -0.022181181 0.000289095 0.172879428 -0.033434343 -0.037663378 -0.017807648 0.998572230
1702688237732280832.000000 -0.022191472 0.000296566 0.173008561 -0.034736440 -0.018129326 -0.017578157 0.999077439
1702688238275112704.000000 -0.022188844 0.000305364 0.173160464 -0.033921525 0.005322960 -0.018931547 0.999231040
1702688238694409728.000000 -0.022175930 0.000313260 0.173274606 -0.032543987 -0.001985049 -0.018088795 0.999304652
1702688239190417408.000000 -0.022180079 0.000326777 0.173414081 -0.031470980 0.001144404 -0.018091640 0.999340296
1702688239651885312.000000 -0.022169665 0.000333599 0.173542455 -0.031673953 0.003691389 -0.017735686 0.999334097
1702688240104739072.000000 -0.022187937 0.000339149 0.173670083 -0.032338019 0.002168567 -0.017698221 0.999317944
1702688240650195712.000000 -0.022181038 0.000345058 0.173820138 -0.032948751 0.006605255 -0.018560050 0.999262869
1702688241148451840.000000 -0.022188274 0.000350050 0.173958659 -0.032806426 0.006746948 -0.019017935 0.999257982
1702688241603808000.000000 -0.022195069 0.000362812 0.174085885 -0.031533223 0.006744409 -0.018146778 0.999315202
1702688242229049856.000000 -0.022175781 0.000370191 0.174251899 -0.029952582 0.008882936 -0.017946675 0.999350727
1702688242728153088.000000 -0.022181405 0.000381466 0.174398974 -0.034372952 0.015126117 -0.020085886 0.999092698
1702688243227805184.000000 -0.022191610 0.000389569 0.174537718 -0.034634314 0.020751236 -0.020247463 0.998979449
1702688243728917248.000000 -0.022170525 0.000399465 0.174671516 -0.035262212 0.008181063 -0.018302351 0.999177039
1702688244352545536.000000 -0.022182725 0.000412669 0.174843386 -0.033637963 -0.007367590 -0.017711883 0.999249995
1702688244770007808.000000 -0.022207785 0.000420450 0.174956426 -0.032708049 -0.015993066 -0.016488748 0.999200940
1702688245183914496.000000 -0.022200437 0.000427605 0.175065964 -0.030108074 -0.015827494 -0.015627567 0.999299169
1702688245651625216.000000 -0.022214973 0.000433632 0.175178647 -0.030644625 -0.017813917 -0.016077036 0.999242246
1702688246104519168.000000 -0.022215700 0.000435558 0.175215080 -0.031884857 -0.013101701 -0.017005874 0.999261022
