1702688123750164736.000000 0.000000000 0.000000000 0.000000000 -0.000000000 -0.000000000 -0.000000000 1.000000000
1702688124081733120.000000 0.000046546 0.000043084 0.001739581 -0.000378037 0.000243203 -0.000048397 0.999999940
1702688124373106176.000000 0.000055191 0.000041692 0.003155454 -0.000005438 -0.000641475 -0.000725728 0.999999523
1702688124542413824.000000 -0.000026675 0.000079108 0.004013357 0.000319825 -0.001472115 -0.000558397 0.999998748
1702688125164490240.000000 -0.000256456 0.000086163 0.007089043 -0.000426929 -0.005496327 -0.000281227 0.999984801
1702688125254037504.000000 -0.000260560 0.000037382 0.007483339 -0.000122796 -0.005677914 0.000232770 0.999983847
1702688125745691904.000000 -0.000036969 0.000043135 0.009983569 -0.001339526 -0.004317899 0.000184677 0.999989748
1702688126038130432.000000 -0.000046155 0.000029590 0.011420995 -0.001428487 -0.005423596 0.000706057 0.999984026
1702688126163733504.000000 -0.000139390 0.000001188 0.012068300 -0.001116627 -0.006265030 0.000238323 0.999979734
1702688126289400320.000000 -0.000119042 0.000020545 0.012653376 -0.001051095 -0.006421289 0.000918447 0.999978423
1702688126411633664.000000 -0.000136711 0.000000359 0.013277879 -0.001887670 -0.006035220 0.000547383 0.999979854
1702688126913067264.000000 -0.000019802 -0.000101002 0.015699841 0.000144164 -0.006345017 0.001821990 0.999978244
1702688127166734848.000000 -0.000101512 -0.000085644 0.016885970 0.000967127 -0.004980002 0.000942778 0.999986708
1702688127330770688.000000 -0.000030224 -0.000112737 0.017682716 0.000975780 -0.008408728 0.000203700 0.999964178
1702688127620064256.000000 -0.000324708 -0.000102833 0.019107874 0.001460555 -0.015187911 -0.000074322 0.999883592
1702688127786697728.000000 -0.000492353 -0.000112353 0.019947750 0.000864809 -0.017524969 -0.000080227 0.999846041
1702688127959379968.000000 -0.000622773 -0.000093484 0.020701589 0.001554272 -0.018729422 0.000242110 0.999823332
1702688128536631040.000000 -0.000693556 -0.000148624 0.023477139 0.002660342 -0.022201648 -0.001021781 0.999749482
1702688128702517504.000000 -0.000793016 -0.000090220 0.024369560 0.002182626 -0.027746079 -0.000722058 0.999612331
1702688128910663680.000000 -0.001055585 -0.000115581 0.025270799 0.002032437 -0.029081596 -0.000636482 0.999574780
1702688129123187200.000000 -0.001070623 -0.000143890 0.026302608 0.002470395 -0.030395845 -0.000815414 0.999534547
1702688129331941632.000000 -0.001063934 -0.000147896 0.027292015 0.002967763 -0.024856383 -0.000521538 0.999686480
1702688129535256320.000000 -0.001009123 -0.000157281 0.028290963 0.004132885 -0.023724800 -0.000064061 0.999710023
1702688129785769472.000000 -0.001111065 -0.000154080 0.029515650 0.003261075 -0.027688500 0.001657805 0.999609888
1702688130036317696.000000 -0.001183185 -0.000097262 0.030737083 0.001931683 -0.030618446 0.001961473 0.999527395
1702688130283443456.000000 -0.001266668 -0.000057486 0.031996462 0.000255917 -0.029665412 0.001738354 0.999558330
1702688130536747776.000000 -0.001184709 -0.000005606 0.033205226 -0.000212217 -0.026764611 0.002570964 0.999638438
1702688130783398656.000000 -0.001309892 -0.000066201 0.034453068 -0.002516245 -0.024014525 0.001257741 0.999707699
1702688131036561920.000000 -0.001253108 -0.000039864 0.035629619 -0.002501154 -0.021941219 0.001554023 0.999754965
1702688131282977024.000000 -0.001321832 -0.000008511 0.036779128 -0.000654097 -0.013517316 0.000996576 0.999907970
1702688131533563648.000000 -0.001168875 -0.000018750 0.037953172 -0.000491908 -0.011881282 0.001312866 0.999928474
1702688131785080832.000000 -0.001344502 -0.000023383 0.039106641 -0.000830233 -0.003755875 0.000284570 0.999992549
1702688132034559488.000000 -0.001179651 -0.000020286 0.040287815 -0.000720629 -0.000340325 0.000413396 0.999999583
1702688132282315776.000000 -0.001103529 -0.000007846 0.041466720 -0.000275723 0.000610535 0.000087602 0.999999821
1702688132573621248.000000 -0.001118700 -0.000014557 0.042845532 -0.000195995 -0.000177120 0.000584939 0.999999821
1702688132868419328.000000 -0.001139563 -0.000062068 0.044186369 -0.000442983 0.000363928 -0.000027921 0.999999881
1702688133157733120.000000 -0.001165686 -0.000060224 0.045575600 -0.001021355 0.001329972 -0.000811105 0.999998271
1702688133491797504.000000 -0.001314506 -0.000022765 0.047161516 -0.002056110 -0.000302076 -0.001715592 0.999996364
1702688133824088320.000000 -0.001282354 0.000053386 0.048758764 -0.002231909 -0.000686343 -0.001476504 0.999996185
1702688134154682368.000000 -0.001281255 0.000019045 0.050312731 -0.001940119 0.001227623 -0.002133720 0.999995112
1702688134530259200.000000 -0.001362394 -0.000065119 0.052059475 -0.002444841 0.002167748 -0.001616455 0.999993384
1702688134869007360.000000 -0.001392275 0.000027919 0.053682130 -0.002764347 0.001766335 -0.001567376 0.999993443
1702688135196342016.000000 -0.001353693 -0.000036576 0.055230636 -0.002975968 0.003924475 -0.001460285 0.999986827
1702688135529059328.000000 -0.001352925 -0.000030946 0.056727640 -0.001082779 0.002500173 -0.000528353 0.999996185
1702688135905307648.000000 -0.001324722 0.000019139 0.058523472 -0.001865822 0.001987416 -0.001200252 0.999995589
1702688136277602816.000000 -0.001212950 0.000003035 0.060274281 -0.002606421 0.005957181 -0.001814654 0.999977231
1702688136615336192.000000 -0.001275023 0.000024725 0.061773583 -0.001184214 0.003200190 -0.001227355 0.999993443
1702688136946995200.000000 -0.001183784 -0.000025134 0.063355513 -0.001649334 0.003824877 -0.001614270 0.999990046
1702688137319440896.000000 -0.001290903 0.000024660 0.065092921 -0.001429635 -0.001243832 -0.000395593 0.999998152
1702688137693889024.000000 -0.001342913 0.000015327 0.066862211 -0.001637334 -0.001065078 -0.000326052 0.999998033
1702688138070866944.000000 -0.001378992 -0.000008003 0.068644904 -0.001417961 0.000065505 -0.000621603 0.999998808
1702688138362362880.000000 -0.001318301 0.000023322 0.069975786 -0.001988075 -0.002969343 0.000218178 0.999993622
1702688138653276160.000000 -0.001464988 -0.000045277 0.071277142 -0.001716187 -0.007560369 -0.000100975 0.999969959
1702688139069547776.000000 -0.001276166 -0.000013292 0.073137425 0.000460789 0.012819570 -0.000491433 0.999917626
1702688139320589824.000000 -0.001065042 0.000000953 0.074245527 0.001170503 0.024171857 -0.000841594 0.999706805
1702688139573784320.000000 -0.001057636 0.000055146 0.075443283 0.001979580 0.037740257 -0.000648258 0.999285400
1702688140237136640.000000 -0.000676968 -0.000033030 0.078519486 0.003039169 0.066516757 -0.000237902 0.997780681
1702688140444591360.000000 -0.000481219 -0.000034581 0.079439692 0.002631295 0.076041691 -0.001370942 0.997100234
1702688140650528256.000000 -0.000374434 -0.000012711 0.080328725 0.001566729 0.085326210 -0.001443828 0.996350825
1702688141115162624.000000 0.000262721 0.000097242 0.082438953 0.001342994 0.099771857 0.001465868 0.995008349
1702688141732711936.000000 0.000969630 -0.000002037 0.085148521 0.002151235 0.097731918 0.001284330 0.995209634
1702688142194232064.000000 0.000969790 0.000039825 0.087357558 0.002479258 0.092144907 0.000851610 0.995742202
1702688142691183104.000000 0.001399783 -0.000152439 0.089458100 0.002746928 0.091942742 0.000864593 0.995760143
1702688142981350400.000000 0.001638143 -0.000035402 0.090849228 0.001868374 0.090455100 0.001041776 0.995898247
1702688143274113280.000000 0.001802960 -0.000043830 0.092154726 0.001384341 0.089388147 0.000989089 0.995995402
1702688144108907776.000000 0.002420877 -0.000121410 0.095836319 0.001443986 0.085983217 0.000561107 0.996295393
1702688144355942912.000000 0.002618833 -0.000140739 0.097007260 0.002267199 0.085259311 0.000873219 0.996355832
1702688144856612096.000000 0.003285434 -0.000152987 0.099204265 0.002524396 0.087836280 0.000198022 0.996131718
1702688145149849344.000000 0.003504044 -0.000176979 0.100553580 0.002324413 0.092779361 0.000531695 0.995683849
1702688145438950656.000000 0.003695214 -0.000194413 0.101937175 0.001377487 0.094007008 0.000411380 0.995570481
1702688145729303552.000000 0.003958730 -0.000148463 0.103182137 0.000761104 0.091442868 0.000001765 0.995810032
1702688145980144640.000000 0.004062756 -0.000198078 0.104358330 0.001689417 0.080974422 0.000901552 0.996714354
1702688146270196992.000000 0.004229916 -0.000214831 0.105567910 0.004708302 0.069607578 0.001732665 0.997561872
1702688146563861248.000000 0.004489113 -0.000212693 0.107053794 0.001878241 0.056974888 0.000417771 0.998373806
1702688146854692096.000000 0.004513547 -0.000139851 0.108417474 0.000624743 0.042649526 0.000212367 0.999089897
1702688147228098304.000000 0.004625773 -0.000184603 0.110026777 0.001599514 0.055615034 0.000771256 0.998450756
1702688147602800384.000000 0.004925409 -0.000188401 0.111768462 0.001958818 0.061620206 0.000373644 0.998097658
1702688147938467072.000000 0.005025679 -0.000136037 0.113275215 0.000243387 0.062336285 0.000079272 0.998055220
1702688148311103744.000000 0.005445260 -0.000140375 0.115040325 0.001299651 0.061580449 -0.000671828 0.998101056
1702688148684074752.000000 0.005529416 -0.000154625 0.116719112 0.001996140 0.061689671 -0.000187428 0.998093367
1702688148977010688.000000 0.005657214 -0.000132436 0.118047163 0.002942862 0.063242398 -0.000245865 0.997993827
1702688149351124736.000000 0.005981968 -0.000155125 0.119771130 0.002085082 0.063891739 -0.000732474 0.997954428
1702688149683173632.000000 0.005988733 -0.000145508 0.121222623 0.002985616 0.063495800 -0.000357345 0.997977555
1702688150057473024.000000 0.006307000 -0.000163867 0.122929163 0.003357010 0.065429933 0.000315073 0.997851491
1702688150433784576.000000 0.006676069 -0.000211604 0.124645062 0.004462974 0.068100341 0.000015983 0.997668505
1702688150808598528.000000 0.006979540 -0.000202153 0.126375630 0.005448645 0.071750216 0.000370050 0.997407675
1702688151225185280.000000 0.007176499 -0.000130102 0.128359437 0.003343442 0.076096438 -0.001082994 0.997094274
1702688151600415744.000000 0.007466301 -0.000177245 0.130047023 0.001422107 0.077992365 -0.001505928 0.996951818
1702688151933344256.000000 0.007684144 -0.000211837 0.131536573 0.001760073 0.079490192 -0.001251233 0.996833324
1702688152306290176.000000 0.007926223 -0.000270635 0.133244440 0.003216494 0.080255218 -0.001240503 0.996768415
1702688152724060672.000000 0.008357426 -0.000238154 0.135122791 0.001312878 0.089757204 -0.001310412 0.995961964
1702688153099293696.000000 0.008738440 -0.000285429 0.136782750 0.000912104 0.100620374 -0.000039401 0.994924486
1702688153475735808.000000 0.009184044 -0.000224395 0.138478652 0.002635347 0.111091398 -0.002054311 0.993804574
1702688153853723904.000000 0.009570627 -0.000243640 0.140172228 0.002250521 0.111897774 -0.002535282 0.993713975
1702688154307840000.000000 0.009978482 -0.000221800 0.142185152 0.003848017 0.108685918 -0.003664583 0.994061947
1702688154722091776.000000 0.010321598 -0.000254699 0.144016966 0.005275800 0.097009875 -0.003270211 0.995264113
1702688155179938560.000000 0.010661379 -0.000255700 0.146088198 0.004488786 0.083994761 -0.002611581 0.996452689
1702688155554292480.000000 0.010795094 -0.000189577 0.147748962 0.002105519 0.074272834 -0.004616974 0.997225046
1702688155929741568.000000 0.010915715 -0.000186758 0.149395287 0.001278857 0.057162192 -0.003526444 0.998357892
1702688156385321728.000000 0.010934249 -0.000151844 0.151324227 0.000581758 0.039431933 -0.004711031 0.999211013
1702688156803107072.000000 0.011041208 -0.000197804 0.153278217 0.002137897 0.016588265 -0.004717155 0.999849021
1702688157262421248.000000 0.011057096 -0.000165459 0.155499637 0.000631485 -0.004273350 -0.005558828 0.999975264
1702688157676052992.000000 0.010797432 -0.000196056 0.157354519 -0.001444933 -0.022632089 -0.005333984 0.999728620
1702688158052988416.000000 0.010748307 -0.000214262 0.159091786 -0.001509610 -0.028285738 -0.006163482 0.999579728
1702688158345129216.000000 0.010626547 -0.000153243 0.160361275 0.000005247 -0.027513063 -0.006348920 0.999601305
1702688158676171520.000000 0.010665921 -0.000158701 0.161952689 0.000121637 -0.017367791 -0.006456978 0.999828339
1702688159050511360.000000 0.010590757 -0.000131456 0.163712755 0.000188065 -0.019779842 -0.006203864 0.999785125
1702688159927341312.000000 0.010198446 -0.000153699 0.167660236 -0.000133094 -0.035658475 -0.005857358 0.999346852
1702688160345999872.000000 0.010076682 -0.000176741 0.169587344 -0.000703102 -0.028916650 -0.005831649 0.999564588
1702688161091637760.000000 0.010050370 -0.000157313 0.173010692 0.000025155 -0.000975648 -0.005868579 0.999982297
1702688161424399872.000000 0.010118309 -0.000166529 0.174509689 0.000576656 -0.001200965 -0.006000130 0.999981105
1702688161759966976.000000 0.010083275 -0.000178089 0.176017314 0.002182153 -0.003291825 -0.005890165 0.999974847
1702688162173366272.000000 0.010122878 -0.000205958 0.177885741 0.001175673 0.000836311 -0.005769694 0.999982297
1702688162630950656.000000 0.010126849 -0.000189655 0.179987326 0.001218442 0.004832422 -0.005259932 0.999973774
1702688163094022912.000000 0.010195278 -0.000170337 0.182065427 0.002429301 0.013954020 -0.005694469 0.999883473
1702688163590433024.000000 0.010045510 -0.000167555 0.184292018 0.001525084 0.022995863 -0.005743139 0.999717951
1702688164215002368.000000 0.010381995 -0.000161288 0.187073931 0.003332018 0.033230521 -0.006006653 0.999424100
1702688164717071872.000000 0.010402368 -0.000157587 0.189301208 0.002167741 0.031462885 -0.007015652 0.999477923
1702688165090841600.000000 0.010503875 -0.000116548 0.190961912 0.001857771 0.031905681 -0.006501667 0.999468029
1702688165420024064.000000 0.010671926 -0.000121031 0.192459956 0.002805249 0.034432743 -0.007408094 0.999375641
1702688165756370688.000000 0.010608246 -0.000142295 0.193875000 0.002967848 0.030338986 -0.008434441 0.999499679
1702688166092609280.000000 0.010618566 -0.000157350 0.195281416 0.002739282 0.038001101 -0.009421289 0.999229550
1702688166377053952.000000 0.010595313 -0.000144089 0.196475148 0.003215664 0.046471260 -0.009780992 0.998866558
1702688166671587584.000000 0.010639858 -0.000190836 0.197776303 0.002646497 0.035981130 -0.009921602 0.999299765
1702688167044433408.000000 0.010598144 -0.000161344 0.199299097 0.001587219 0.042279374 -0.010262812 0.999051869
1702688167377028096.000000 0.010608240 -0.000188250 0.200483948 0.001309690 0.060655802 -0.009857992 0.998109221
1702688167674500864.000000 0.010738396 -0.000145212 0.201545700 0.001788688 0.061626520 -0.008510127 0.998061419
1702688168000709120.000000 0.010765384 -0.000148158 0.202692702 0.001095491 0.069907956 -0.005541605 0.997537494
1702688168294542592.000000 0.010715885 -0.000184706 0.203688309 0.000861383 0.076864727 -0.006637851 0.997019053
1702688168919243520.000000 0.010819793 -0.000235530 0.205666900 0.000875453 0.090010114 -0.003928523 0.995932698
1702688169208066816.000000 0.010817635 -0.000235833 0.206666544 -0.000412359 0.099848174 -0.004439336 0.994992733
1702688169459998720.000000 0.010792939 -0.000264921 0.207654685 -0.001511962 0.110779285 -0.005262735 0.993829966
1702688169716395520.000000 0.010735596 -0.000203832 0.208604246 -0.001295021 0.120210059 -0.005144968 0.992734313
1702688169999019264.000000 0.010647235 -0.000519530 0.209590137 -0.005493161 0.130987480 -0.003490446 0.991362631
1702688170629227520.000000 0.010834631 -0.000246496 0.212435856 -0.000980605 0.160678402 0.002519115 0.987003088
1702688170919453184.000000 0.010854303 -0.000584428 0.213497132 -0.005925073 0.169508025 0.003924293 0.985503197
1702688171167533824.000000 0.010548751 -0.000865952 0.214888319 -0.008028585 0.184382603 0.005575579 0.982805967
1702688171455841536.000000 0.010485219 -0.000766478 0.215687335 -0.007575057 0.190551341 0.005523767 0.981632471
1702688171998087168.000000 0.009605593 -0.000588268 0.217449799 -0.009270540 0.203910649 0.003429787 0.978939652
1702688172207362816.000000 0.009439537 -0.000543073 0.217364535 -0.008603897 0.202834666 0.003440053 0.979169130
1702688172457218816.000000 0.008846837 -0.000970981 0.217847615 -0.012066680 0.208321363 0.002610044 0.977982521
1702688172673476864.000000 0.008347882 -0.001104981 0.218078479 -0.014594062 0.211076051 0.001661532 0.977359295
1702688172999772672.000000 0.008617816 -0.001381824 0.218717992 -0.018065220 0.182952106 0.002345574 0.982953072
1702688173830940416.000000 0.008012704 -0.001743154 0.221153587 -0.024687573 0.112278469 0.006697244 0.993347526
1702688174047827968.000000 0.008133098 -0.001484734 0.221945360 -0.020178536 0.092865020 0.006591563 0.995452404
1702688174203966976.000000 0.008300760 -0.001425676 0.222569123 -0.019084014 0.076849476 0.005545182 0.996844649
1702688175411400192.000000 0.009720493 -0.000869870 0.227043957 -0.013640304 -0.044650927 0.010521648 0.998854101
1702688175585099264.000000 0.009875739 -0.000924979 0.227323130 -0.014028531 -0.052194864 0.009512681 0.998493075
1702688175910892800.000000 0.010115173 -0.001046380 0.228071481 -0.019383011 -0.069425255 0.008436387 0.997363150
1702688176244094464.000000 0.010217596 -0.001057804 0.229031533 -0.022311857 -0.090669110 0.008810005 0.995592117
1702688176371307008.000000 0.010310002 -0.001126303 0.229122683 -0.023851190 -0.094514512 0.007574376 0.995208919
1702688176578627072.000000 0.010614669 -0.001269263 0.229828462 -0.026449928 -0.112483054 0.005260727 0.993287623
1702688176784389376.000000 0.010626036 -0.001336781 0.230230719 -0.028344465 -0.121585362 0.003598239 0.992169678
1702688176958643968.000000 0.010616552 -0.001342643 0.230478570 -0.029274497 -0.127769321 0.003052394 0.991367102
1702688177162247168.000000 0.010601271 -0.001352637 0.230656222 -0.029545411 -0.131368369 0.002764768 0.990889370
1702688177332335104.000000 0.010570738 -0.001405261 0.230714783 -0.032524638 -0.130076453 0.002588956 0.990966976
1702688178076714240.000000 0.010299748 -0.001474792 0.231331304 -0.037439976 -0.139812723 -0.000913842 0.989469469
1702688178749221632.000000 0.009970542 -0.001385893 0.231918767 -0.035474408 -0.160208955 -0.002585038 0.986442089
1702688178908134656.000000 0.009890979 -0.001446013 0.232040107 -0.038866166 -0.165626392 -0.002231620 0.985419869
1702688179282643456.000000 0.009714333 -0.001450088 0.232365921 -0.041917704 -0.178801522 -0.002987992 0.982987285
1702688179450808064.000000 0.009618646 -0.001423844 0.232526764 -0.040236294 -0.186042547 -0.003166033 0.981712401
1702688179617077248.000000 0.009544231 -0.001433954 0.232695311 -0.040929988 -0.193631604 -0.002656585 0.980216563
1702688179782906624.000000 0.009477732 -0.001483445 0.232828960 -0.044260066 -0.200668693 -0.002708872 0.978655100
1702688179954319104.000000 0.009392160 -0.001511869 0.232983053 -0.047335271 -0.207244158 -0.002407004 0.977140427
1702688180116604416.000000 0.009307121 -0.001510397 0.233129054 -0.046882711 -0.214034706 -0.002113518 0.975698054
1702688180869033216.000000 0.008782811 -0.001550852 0.233888090 -0.051175106 -0.247170702 -0.002383772 0.967616737
1702688181286049536.000000 0.008473061 -0.001573042 0.234310403 -0.052636452 -0.268956244 0.001835751 0.961711287
1702688181489593856.000000 0.008357275 -0.001551318 0.234441787 -0.052103139 -0.278079927 0.002336037 0.959140956
1702688181907257600.000000 0.008022584 -0.001524207 0.234814405 -0.055324975 -0.296853364 0.003910110 0.953311086
1702688182116979200.000000 0.007872542 -0.001510200 0.234953403 -0.056007501 -0.306635588 0.004316477 0.950167954
1702688182329205504.000000 0.007717704 -0.001502876 0.235178843 -0.057657003 -0.317907721 0.004592623 0.946355760
1702688182951270912.000000 0.007201552 -0.001414685 0.235737368 -0.058595076 -0.353993028 0.005631007 0.933393717
1702688183156931328.000000 0.007035322 -0.001386662 0.235940605 -0.058516286 -0.368222833 0.006551843 0.927871168
1702688183326176512.000000 0.006893970 -0.001375896 0.236061424 -0.057968602 -0.378007829 0.007571372 0.923954785
1702688183571993600.000000 0.006648388 -0.001340660 0.236235529 -0.058081228 -0.396854758 0.008592182 0.916001678
1702688183780685312.000000 0.006465666 -0.001312163 0.236397445 -0.056706861 -0.412530273 0.010255469 0.909119368
1702688183988583424.000000 0.006272815 -0.001307379 0.236508533 -0.058464695 -0.425651699 0.011372409 0.902924776
1702688184197786112.000000 0.006079756 -0.001277949 0.236625716 -0.056676880 -0.440536708 0.011787176 0.895866156
1702688184446985216.000000 0.005851440 -0.001274599 0.236852378 -0.058600631 -0.463602930 0.013085902 0.884006262
1702688184699704064.000000 0.005635679 -0.001271075 0.236972839 -0.058826067 -0.484353513 0.014983164 0.872763813
1702688184988913152.000000 0.005341664 -0.001233616 0.237060487 -0.056088608 -0.504889071 0.016892824 0.861194372
1702688185196165632.000000 0.005170822 -0.001235751 0.237152874 -0.055870950 -0.520989180 0.018015247 0.851542234
1702688185402609664.000000 0.004943073 -0.001225316 0.237241283 -0.057270154 -0.538911521 0.018709283 0.840205014
1702688185582665472.000000 0.004800126 -0.001202621 0.237321198 -0.056981504 -0.552854061 0.020138567 0.831083655
1702688185745023488.000000 0.004632428 -0.001196489 0.237314582 -0.056429289 -0.563967645 0.019283533 0.823640943
1702688185905757696.000000 0.004484281 -0.001180151 0.237392768 -0.056402918 -0.577838361 0.020504901 0.813941717
1702688186032140288.000000 0.004377171 -0.001160774 0.237423852 -0.056201626 -0.585751951 0.021603672 0.808250844
1702688186195514112.000000 0.004282996 -0.001185074 0.237418085 -0.055817690 -0.593987644 0.021120347 0.802257478
1702688186527632128.000000 0.004036203 -0.001174360 0.237463564 -0.055027530 -0.615885913 0.022344509 0.785593569
1702688186734789376.000000 0.003960744 -0.001158488 0.237452090 -0.053970478 -0.619172275 0.023077087 0.783058345
1702688186902578944.000000 0.003854632 -0.001144652 0.237473041 -0.053351153 -0.625676930 0.024591153 0.777867258
1702688187162397440.000000 0.003566697 -0.001145276 0.237530008 -0.054904316 -0.618903577 0.022805175 0.783213735
1702688187323382016.000000 0.003387809 -0.001130848 0.237610281 -0.055799492 -0.617972791 0.022328710 0.783898890
1702688187609114368.000000 0.003043085 -0.001113186 0.237676054 -0.055152908 -0.621345043 0.021602675 0.781294882
1702688187860750080.000000 0.002753139 -0.001092005 0.237707317 -0.054672930 -0.623609900 0.023277728 0.779474020
1702688188108237824.000000 0.002461925 -0.001082187 0.237789690 -0.055572361 -0.624750018 0.023035299 0.778503954
1702688188402009600.000000 0.002116039 -0.001065318 0.237841859 -0.055269908 -0.623494744 0.021997379 0.779561222
1702688188733481728.000000 0.001758516 -0.001036334 0.237948164 -0.054361653 -0.613811493 0.022286486 0.787263334
1702688189024328192.000000 0.001407996 -0.001010683 0.238038003 -0.054458264 -0.617877483 0.023248341 0.784041643
1702688189316132864.000000 0.001063943 -0.000984794 0.238088667 -0.053508487 -0.631691635 0.024747327 0.772974908
1702688189567132928.000000 0.000761271 -0.000983060 0.238119692 -0.054638214 -0.640944064 0.025006291 0.765232027
1702688189857180928.000000 0.000416085 -0.000949702 0.238189012 -0.054340944 -0.635436177 0.022744600 0.769903064
1702688190193979136.000000 0.000014037 -0.000918227 0.238254979 -0.053792402 -0.653523445 0.024583315 0.754592061
1702688190439844096.000000 -0.000267595 -0.000912656 0.238272205 -0.052177168 -0.660970271 0.024696520 0.748188436
1702688190648777472.000000 -0.000521705 -0.000903960 0.238311023 -0.053120099 -0.652055323 0.023549197 0.755941510
1702688190982280704.000000 -0.000912607 -0.000893177 0.238398895 -0.054223023 -0.646620095 0.024720345 0.760480940
1702688191236978432.000000 -0.001203194 -0.000876892 0.238419443 -0.053199623 -0.657686114 0.025536574 0.750977099
1702688191484062720.000000 -0.001491383 -0.000878605 0.238465309 -0.053351950 -0.655851543 0.025914954 0.752556145
1702688191730968576.000000 -0.001781031 -0.000861831 0.238550186 -0.053623784 -0.644792676 0.025990168 0.762031138
1702688191980682496.000000 -0.002061501 -0.000849171 0.238588482 -0.052887253 -0.643046141 0.027847212 0.763491452
1702688192230899712.000000 -0.002377570 -0.000826518 0.238669202 -0.054150503 -0.629902542 0.025011098 0.774380445
1702688192523174400.000000 -0.002709821 -0.000784847 0.238733023 -0.053321131 -0.620684326 0.023488611 0.781892657
1702688192770280960.000000 -0.003006607 -0.000763007 0.238832906 -0.054323904 -0.609426439 0.022417018 0.790661693
1702688193020732160.000000 -0.003293172 -0.000749572 0.238889560 -0.056798548 -0.615958810 0.021651139 0.785429776
1702688193271674368.000000 -0.003590181 -0.000732492 0.238948256 -0.054654390 -0.622293591 0.021979623 0.780564308
1702688193607238656.000000 -0.003974810 -0.000708530 0.239051968 -0.054915026 -0.613203108 0.021321414 0.787725687
1702688193897326848.000000 -0.004292995 -0.000692769 0.239146650 -0.053635929 -0.603853464 0.021855200 0.794988453
1702688194188029696.000000 -0.004634529 -0.000667769 0.239256546 -0.053887572 -0.599597812 0.021606868 0.798192739
1702688194482695936.000000 -0.004952967 -0.000648183 0.239361212 -0.053086329 -0.595500052 0.021056345 0.801322699
1702688194771994112.000000 -0.005295917 -0.000622569 0.239463836 -0.055261478 -0.595217645 0.020451570 0.801401198
1702688195104681472.000000 -0.005667016 -0.000608672 0.239558071 -0.054900579 -0.594810963 0.022423813 0.801675141
1702688195436059136.000000 -0.006040633 -0.000586700 0.239667580 -0.053748075 -0.586821020 0.021492129 0.807644904
1702688195728476672.000000 -0.006374776 -0.000563182 0.239759848 -0.053559765 -0.581093431 0.019890016 0.811828971
1702688196023416320.000000 -0.006700099 -0.000545143 0.239892572 -0.053319644 -0.578803599 0.019503335 0.813488126
1702688196309544448.000000 -0.007037431 -0.000510925 0.240040556 -0.054544616 -0.570377588 0.018399857 0.819362998
1702688196644497152.000000 -0.007416770 -0.000457189 0.240143180 -0.052855037 -0.559644103 0.019642834 0.826812565
1702688197020501248.000000 -0.008079372 -0.000356137 0.240321204 -0.050820440 -0.540687203 0.019506516 0.839460671
1702688197309878528.000000 -0.008102506 -0.000378748 0.240282238 -0.056334466 -0.532602668 0.017568739 0.844305754
1702688197560470784.000000 -0.008302696 -0.000382204 0.240501776 -0.056673128 -0.523078024 0.017013982 0.850228250
1702688197808630528.000000 -0.008483961 -0.000390940 0.240907848 -0.056938764 -0.519636154 0.014951182 0.852357149
1702688198068964352.000000 -0.008690126 -0.000471476 0.240852505 -0.060334332 -0.502295911 0.012764250 0.862493873
1702688198362723840.000000 -0.009006612 -0.000387298 0.241075426 -0.060262006 -0.491285592 0.012655478 0.868819177
1702688198772525312.000000 -0.009409592 -0.000338833 0.241388351 -0.059172817 -0.474351704 0.011766831 0.878265679
1702688199020442368.000000 -0.009629957 -0.000317569 0.241551951 -0.058083758 -0.469775170 0.011774820 0.880794466
1702688199229028352.000000 -0.009818174 -0.000289467 0.241690785 -0.057362724 -0.464661926 0.012174810 0.883544326
1702688199435713792.000000 -0.009994201 -0.000277645 0.241857529 -0.058382384 -0.460744888 0.011664573 0.885533512
1702688199642146304.000000 -0.010179691 -0.000267223 0.241955712 -0.058485765 -0.455901444 0.011457345 0.888032675
1702688199933295872.000000 -0.010457896 -0.000232090 0.242119133 -0.056800388 -0.452001780 0.010940027 0.890139580
1702688200390556672.000000 -0.010873809 -0.000187351 0.242466718 -0.057031699 -0.457896411 0.012052503 0.887092471
1702688200598961920.000000 -0.011081904 -0.000168337 0.242581606 -0.058470152 -0.459091932 0.011752169 0.886384666
1702688200807152384.000000 -0.011270441 -0.000157159 0.242692128 -0.057585511 -0.462420076 0.012751348 0.884697139
1702688201022895872.000000 -0.011459731 -0.000113552 0.242826730 -0.058027547 -0.466991067 0.013152545 0.882257998
1702688201432756736.000000 -0.011884347 -0.000098295 0.243042946 -0.059967484 -0.481986821 0.012926065 0.874028385
1702688201638522880.000000 -0.012083732 -0.000071191 0.243167520 -0.059540350 -0.482941121 0.012308905 0.873539507
1702688201849465088.000000 -0.012296908 -0.000038782 0.243310332 -0.059848383 -0.481535792 0.011771156 0.874301434
1702688202059644416.000000 -0.012509778 -0.000011523 0.243432194 -0.060043689 -0.484380573 0.011300421 0.872721314
1702688202564944384.000000 -0.013010778 0.000035283 0.243689284 -0.059539657 -0.490558386 0.012936657 0.869275630
1702688202808984064.000000 -0.013240173 0.000074417 0.243872523 -0.059014454 -0.489125699 0.012730220 0.870121419
1702688203055158272.000000 -0.013509415 0.000101485 0.243985757 -0.059092831 -0.480536908 0.010943593 0.874912858
1702688203307215872.000000 -0.013744369 0.000083512 0.244095176 -0.059896093 -0.474977642 0.009785754 0.877902567
1702688203554644736.000000 -0.013960272 0.000119001 0.244296461 -0.059494324 -0.462392896 0.009902964 0.884621501
1702688203805482496.000000 -0.014167380 0.000084735 0.244424134 -0.059685331 -0.442198277 0.007809995 0.894895196
1702688204055269120.000000 -0.014419343 0.000108493 0.244599074 -0.059868254 -0.429909557 0.008429583 0.900845468
1702688204305177344.000000 -0.014591999 0.000194413 0.244841203 -0.058428340 -0.419988632 0.007633251 0.905614436
1702688204556324864.000000 -0.014743872 0.000161861 0.245004430 -0.060151596 -0.409480989 0.005638677 0.910316050
1702688205057054464.000000 -0.015211351 0.000221236 0.245396018 -0.060041118 -0.377159178 0.003345049 0.924194157
1702688205303340288.000000 -0.015377726 0.000269167 0.245627299 -0.059309971 -0.363442183 0.002500481 0.929723561
1702688205556969472.000000 -0.015537126 0.000227132 0.245802149 -0.062453691 -0.347759664 -0.000202769 0.935501337
1702688205804789760.000000 -0.015674740 0.000293558 0.246056333 -0.060958672 -0.327833474 -0.001034922 0.942766309
1702688206013332224.000000 -0.015792929 0.000313781 0.246219084 -0.061596468 -0.307816863 -0.001876268 0.949447811
1702688206222782720.000000 -0.015961260 0.000354031 0.246355504 -0.058782209 -0.286454588 -0.003200985 0.956283569
1702688206469336576.000000 -0.015975252 0.000355227 0.246373475 -0.060816545 -0.266182661 -0.001693048 0.962000728
1702688206716457728.000000 -0.016042855 0.000401763 0.246724293 -0.060662907 -0.244068727 -0.003610183 0.967851996
1702688206968368896.000000 -0.016210191 0.000392408 0.246972620 -0.061911125 -0.217635676 -0.006710774 0.974041462
1702688207177043456.000000 -0.016320441 0.000372719 0.247118160 -0.062575921 -0.196849659 -0.008531169 0.978397548
1702688207429315328.000000 -0.016410083 0.000405398 0.247423634 -0.062888645 -0.174194619 -0.012907309 0.982616246
1702688207678155776.000000 -0.016522242 0.000424236 0.247687787 -0.062921934 -0.151783809 -0.014804957 0.986297786
1702688207925628160.000000 -0.016538920 0.000468082 0.247973338 -0.062698215 -0.135136679 -0.013537114 0.988748610
1702688208177550848.000000 -0.016602734 0.000521254 0.248270214 -0.059875827 -0.119183287 -0.014603900 0.990957618
1702688208386148096.000000 -0.016632786 0.000557345 0.248479575 -0.060325716 -0.111847453 -0.014755617 0.991782844
1702688208840121600.000000 -0.016700458 0.000636264 0.249017015 -0.061418213 -0.103202850 -0.013070506 0.992676258
1702688209050862336.000000 -0.016736107 0.000640664 0.249176905 -0.063673832 -0.105440289 -0.012393116 0.992307603
1702688209264755200.000000 -0.016805423 0.000677861 0.249431834 -0.065585598 -0.111468136 -0.008448862 0.991565466
1702688209764120320.000000 -0.016931569 0.000775216 0.249944419 -0.067970052 -0.120240003 -0.012097899 0.990341425
1702688210008156928.000000 -0.017036624 0.000808200 0.250196904 -0.065318361 -0.126688465 -0.020345030 0.989580572
1702688210258058752.000000 -0.017146500 0.000822311 0.250445694 -0.065296464 -0.145434916 -0.022720229 0.986949265
1702688210552780032.000000 -0.017249839 0.000875908 0.250702143 -0.056081973 -0.164871514 -0.018254798 0.984550118
1702688211132476160.000000 -0.017401014 0.000911496 0.251226246 -0.050357401 -0.152821496 -0.014887806 0.986857712
1702688211380555264.000000 -0.017444819 0.000908776 0.251427710 -0.050320007 -0.138740122 -0.017211858 0.988899827
1702688211673059072.000000 -0.017520111 0.000958068 0.251751184 -0.057564337 -0.119364962 -0.019815020 0.990982234
1702688212588829184.000000 -0.017632997 0.001063774 0.252699435 -0.054840170 -0.074485555 -0.019316755 0.995525658
1702688212879506432.000000 -0.017669853 0.001098506 0.253034651 -0.058080010 -0.058250688 -0.021837097 0.996371806
1702688213169548288.000000 -0.017670522 0.001136436 0.253351629 -0.059401415 -0.044051711 -0.023760650 0.996978641
1702688213461039872.000000 -0.017665762 0.001167424 0.253647625 -0.060241394 -0.028947216 -0.024890434 0.997453511
1702688214382885120.000000 -0.017653599 0.001270022 0.254585534 -0.059956461 0.020509876 -0.028714843 0.997577131
1702688214678100224.000000 -0.017624538 0.001304060 0.254879534 -0.058794841 0.034959268 -0.028972752 0.997237027
1702688214920897024.000000 -0.017624943 0.001328000 0.255149066 -0.058571521 0.050149776 -0.030171167 0.996566117
1702688215168449024.000000 -0.017585462 0.001351879 0.255389273 -0.057678677 0.060054652 -0.030627042 0.996056557
1702688215417400576.000000 -0.017548222 0.001381851 0.255607307 -0.056729831 0.058373947 -0.029668290 0.996239960
1702688216001829888.000000 -0.017512267 0.001436010 0.256237477 -0.056824967 0.038675338 -0.030386243 0.997171938
1702688216253287680.000000 -0.017483488 0.001472820 0.256493926 -0.057131547 0.026845582 -0.028745035 0.997591615
1702688216504587264.000000 -0.017468316 0.001505101 0.256743282 -0.057831652 0.015608245 -0.027650397 0.997821331
1702688216791003648.000000 -0.017483056 0.001528793 0.257058412 -0.057493996 0.005264283 -0.027248299 0.997960031
1702688217083516416.000000 -0.017474480 0.001587895 0.257353693 -0.057525937 0.000029872 -0.025862232 0.998008966
1702688217375742976.000000 -0.017486203 0.001618157 0.257659495 -0.059443146 0.002287949 -0.026408101 0.997879744
1702688217708326144.000000 -0.017482646 0.001657896 0.258017153 -0.059217047 0.012462695 -0.026968444 0.997802973
1702688218000645376.000000 -0.017480182 0.001679875 0.258312076 -0.059084594 0.016997790 -0.027883230 0.997718751
1702688218291604480.000000 -0.017462233 0.001718618 0.258611441 -0.058073632 0.016935427 -0.027493132 0.997789979
1702688218877532672.000000 -0.017435323 0.001801305 0.259210944 -0.058642872 0.021972852 -0.028713195 0.997624040
1702688219207016192.000000 -0.017436082 0.001844587 0.259561628 -0.058486111 0.023664702 -0.028971987 0.997587085
1702688219501702400.000000 -0.017406737 0.001883392 0.259858996 -0.058249995 0.025777895 -0.028552201 0.997560680
1702688219873607680.000000 -0.017369134 0.001915483 0.260243326 -0.057028841 0.038594574 -0.028573293 0.997217000
1702688220205154816.000000 -0.017360536 0.001960139 0.260593116 -0.058017131 0.040915478 -0.029524082 0.997039795
1702688220541430528.000000 -0.017304545 0.002003186 0.260934412 -0.057319157 0.048311643 -0.029849691 0.996739447
1702688221204984064.000000 -0.017206129 0.002077881 0.261613458 -0.056407079 0.072671719 -0.030412544 0.995295048
1702688221499556864.000000 -0.017143324 0.002106114 0.261909634 -0.055945929 0.083610021 -0.030609466 0.994455874
1702688221836162304.000000 -0.017081957 0.002137728 0.262245595 -0.055056818 0.093660645 -0.031910360 0.993568420
1702688222165081344.000000 -0.016996805 0.002170601 0.262582183 -0.055320829 0.105463602 -0.032673154 0.992345452
1702688222456114688.000000 -0.016932968 0.002202349 0.262874335 -0.053516138 0.110864863 -0.032799806 0.991851389
1702688222787496960.000000 -0.016861446 0.002232359 0.263207763 -0.053266827 0.111150153 -0.032301731 0.991849244
1702688223202704640.000000 -0.016749438 0.002276302 0.263627470 -0.054452576 0.104484804 -0.032179303 0.992513180
1702688223536725248.000000 -0.016696678 0.002312221 0.263968587 -0.055258192 0.095843114 -0.030951230 0.993379414
1702688223910227456.000000 -0.016631933 0.002352219 0.264342755 -0.054307871 0.084899031 -0.030624123 0.994437039
1702688224246341632.000000 -0.016589034 0.002378851 0.264625996 -0.055284109 0.072912358 -0.029396880 0.995370924
1702688224624315392.000000 -0.016569583 0.002417560 0.264913648 -0.055883300 0.066719905 -0.029581228 0.995766282
1702688225000415232.000000 -0.016494785 0.002456721 0.265276045 -0.056258153 0.081630647 -0.030681435 0.994600475
1702688225372591616.000000 -0.016426964 0.002496902 0.265647143 -0.056437105 0.090683594 -0.031955253 0.993765652
1702688225785415168.000000 -0.016313162 0.002540840 0.266057462 -0.055651139 0.109224424 -0.032302473 0.991932213
1702688226202032128.000000 -0.016207829 0.002589426 0.266473264 -0.056549564 0.109480485 -0.033222239 0.991822839
1702688226616827904.000000 -0.016073924 0.002626914 0.266875446 -0.055048771 0.133808598 -0.034713853 0.988867939
1702688227033463808.000000 -0.015950439 0.002665958 0.267275751 -0.055189252 0.140587136 -0.034451567 0.987928391
1702688227407876608.000000 -0.015827145 0.002706776 0.267644823 -0.055074520 0.146531448 -0.034363627 0.987073720
1702688227781842944.000000 -0.015703559 0.002749909 0.268012553 -0.054032449 0.152925074 -0.034089629 0.986170530
1702688228200744960.000000 -0.015573261 0.002784543 0.268409640 -0.053514548 0.152423918 -0.035636809 0.986221671
1702688228615323392.000000 -0.015423633 0.002814486 0.268794954 -0.053668462 0.166912764 -0.036487587 0.983833551
1702688228988925952.000000 -0.015271186 0.002851443 0.269165099 -0.051266104 0.184810832 -0.036566328 0.980754614
1702688229337942016.000000 -0.015128577 0.002879850 0.269472629 -0.050083891 0.196587667 -0.038202360 0.978460789
1702688229656293376.000000 -0.014985459 0.002908097 0.269772351 -0.049214788 0.206052542 -0.037840776 0.976569712
1702688230072145664.000000 -0.014812739 0.002917703 0.270158499 -0.048462473 0.215043485 -0.037199780 0.974691689
1702688230531054848.000000 -0.014596758 0.002955431 0.270584434 -0.049580984 0.228078231 -0.037376549 0.971660972
1702688230906006784.000000 -0.014441904 0.002976221 0.270953327 -0.052040204 0.217674062 -0.038470268 0.973873675
1702688231363632128.000000 -0.014278970 0.003022613 0.271398842 -0.052073907 0.193134084 -0.036691129 0.979102314
1702688231699879424.000000 -0.014168537 0.003054503 0.271731704 -0.053662479 0.174343213 -0.034792598 0.982605875
1702688232158797824.000000 -0.014039762 0.003110249 0.272204369 -0.056047589 0.150829375 -0.034078222 0.986381173
1702688232611936768.000000 -0.013959258 0.003165897 0.272665650 -0.056070529 0.127212197 -0.032158602 0.989767134
1702688232960220672.000000 -0.013898424 0.003196661 0.273011476 -0.056856334 0.112444960 -0.030941499 0.991547346
1702688233446967040.000000 -0.013808804 0.003262080 0.273514390 -0.057488997 0.089665525 -0.028380506 0.993906260
1702688233903774720.000000 -0.013760628 0.003299241 0.273973495 -0.057556804 0.070103921 -0.028554469 0.995468378
1702688234487484928.000000 -0.013702134 0.003376060 0.274576366 -0.059644800 0.051310178 -0.026946532 0.996535838
1702688235109162496.000000 -0.013644720 0.003428733 0.275218099 -0.060147643 0.042854059 -0.026597204 0.996914446
1702688235734902272.000000 -0.013593473 0.003506006 0.275852054 -0.061544973 0.023830354 -0.026021607 0.997480452
1702688236406031360.000000 -0.013577615 0.003583939 0.276538938 -0.059621066 0.023754666 -0.026612572 0.997583508
1702688236901931008.000000 -0.013480158 0.003640451 0.277056396 -0.061575402 0.029388305 -0.027112439 0.997301221
1702688237330092032.000000 -0.013485605 0.003683836 0.277491659 -0.062284671 0.043865133 -0.028173741 0.996695936
1702688237732280832.000000 -0.013397538 0.003746312 0.277905464 -0.062330578 0.060845982 -0.029300163 0.995768189
1702688238189066496.000000 -0.013274675 0.003811848 0.278365552 -0.060404539 0.079627909 -0.030427966 0.994527459
1702688238606359296.000000 -0.013200035 0.003853790 0.278789252 -0.059088390 0.076713018 -0.030312821 0.994839072
1702688239105998080.000000 -0.013140962 0.003906580 0.279306144 -0.060221020 0.079572417 -0.030664783 0.994535744
1702688239523697152.000000 -0.013035014 0.003949369 0.279724598 -0.059469480 0.083096400 -0.029722709 0.994321346
1702688239982972160.000000 -0.012981731 0.004000958 0.280197263 -0.059631225 0.079681806 -0.029856894 0.994587123
1702688240398546688.000000 -0.012882669 0.004054918 0.280624688 -0.060159523 0.082068697 -0.030688699 0.994335890
1702688240812864512.000000 -0.012808154 0.004097828 0.281045496 -0.059259370 0.083133340 -0.029494803 0.994337618
1702688241272750336.000000 -0.012776479 0.004138904 0.281519562 -0.059132285 0.082343996 -0.029491020 0.994410992
1702688241652239872.000000 -0.012700164 0.004206194 0.281896085 -0.057729267 0.083729319 -0.029402604 0.994380355
1702688242148967680.000000 -0.012582133 0.004254186 0.282390803 -0.056397676 0.086348034 -0.029324248 0.994235098
1702688242562241536.000000 -0.012536617 0.004290520 0.282829553 -0.059027713 0.091353185 -0.030051459 0.993613243
1702688242978560768.000000 -0.012455062 0.004338120 0.283272296 -0.062273778 0.094018348 -0.030961359 0.993138433
1702688243521782016.000000 -0.012408737 0.004418917 0.283824265 -0.061026819 0.091098346 -0.030602004 0.993499041
1702688244022066176.000000 -0.012347857 0.004469463 0.284331203 -0.061029419 0.083672322 -0.029807266 0.994176030
1702688244396163328.000000 -0.012349416 0.004528327 0.284721941 -0.061014410 0.075966425 -0.029299438 0.994810462
1702688244770007808.000000 -0.012371530 0.004580706 0.285118848 -0.060466748 0.068821885 -0.027902707 0.995403886
1702688245227238400.000000 -0.012252467 0.004616389 0.285551429 -0.057490259 0.067566425 -0.027453778 0.995678663
1702688245602874880.000000 -0.012202624 0.004668187 0.285918295 -0.057386577 0.062607534 -0.026665527 0.996030152
1702688245974857216.000000 -0.012127960 0.004691011 0.286051303 -0.057158373 0.063488744 -0.026244381 0.995998681
