1.702688123750164747e+09 0.000000000000000000e+00 0.000000000000000000e+00 0.000000000000000000e+00 -0.000000000000000000e+00 -0.000000000000000000e+00 -0.000000000000000000e+00 1.000000000000000000e+00
1.702688124081733227e+09 6.438500000000000104e-05 7.892499999999999397e-05 2.293936999999999799e-03 -1.035059999999999946e-04 2.874500000000000210e-04 -2.923439999999999915e-04 9.999999400000000316e-01
1.702688124121896505e+09 4.275999999999999718e-05 1.126429999999999988e-04 2.610803000000000082e-03 -1.689400000000000122e-05 6.139000000000000143e-04 -2.761180000000000015e-04 9.999998209999999554e-01
1.702688124914194107e+09 -4.756690000000000158e-04 1.673289999999999966e-04 7.900495999999999908e-03 -8.223319999999999458e-04 -1.610277999999999926e-03 -9.107460000000000382e-04 9.999979730000000400e-01
1.702688125081451178e+09 -6.337030000000000007e-04 1.487279999999999896e-04 8.968185999999999519e-03 3.380670000000000007e-04 -2.073206000000000181e-03 -1.062102000000000098e-03 9.999972580000000555e-01
1.702688125254037619e+09 -7.001699999999999591e-04 5.002299999999999862e-05 1.007668500000000016e-02 -1.121229999999999970e-04 -2.235828000000000034e-03 -8.098499999999999796e-05 9.999974969999999574e-01
1.702688125412331581e+09 -5.139499999999999971e-04 4.854299999999999924e-05 1.121183800000000001e-02 -6.017740000000000155e-04 -9.449490000000000493e-04 2.121499999999999932e-05 9.999994039999999806e-01
1.702688125914894819e+09 -3.649869999999999937e-04 5.169300000000000126e-05 1.458109200000000036e-02 -1.198611999999999941e-03 -9.432829999999999470e-04 5.103700000000000077e-04 9.999987479999999929e-01
1.702688126038130522e+09 -3.977669999999999882e-04 5.067300000000000087e-05 1.542716100000000000e-02 -1.263306999999999972e-03 -1.589652999999999899e-03 6.331680000000000337e-04 9.999977349999999987e-01
1.702688126163733482e+09 -5.157729999999999693e-04 2.794999999999999921e-06 1.627498100000000086e-02 -1.009879999999999892e-03 -2.375069999999999959e-03 2.200819999999999979e-04 9.999966620000000361e-01
1.702688126289400339e+09 -5.331929999999999482e-04 -3.498899999999999992e-05 1.703532400000000099e-02 -1.121718999999999971e-03 -1.917003000000000023e-03 1.428409999999999966e-04 9.999975559999999541e-01
1.702688126411633730e+09 -4.970040000000000005e-04 3.206999999999999958e-06 1.796049400000000046e-02 -1.921123999999999965e-03 -1.985844999999999971e-03 6.598980000000000167e-04 9.999960060000000484e-01
1.702688126789506912e+09 -2.779640000000000105e-04 -1.365980000000000091e-04 2.036684000000000064e-02 -1.861590000000000044e-04 -1.420510999999999953e-03 9.554140000000000245e-04 9.999985099999999516e-01
1.702688126913067341e+09 -3.656460000000000157e-04 -1.788439999999999973e-04 2.115611200000000122e-02 6.944999999999999405e-05 -1.571148999999999983e-03 1.142568000000000056e-03 9.999981519999999735e-01
1.702688127080161572e+09 -4.083369999999999903e-04 -2.063049999999999975e-04 2.225115299999999921e-02 3.962899999999999886e-04 -9.265299999999999534e-04 7.448150000000000170e-04 9.999992250000000471e-01
1.702688127246314287e+09 -3.981860000000000260e-04 -1.994180000000000074e-04 2.335071899999999895e-02 3.494820000000000261e-04 -1.231111000000000011e-03 1.219780000000000034e-04 9.999992250000000471e-01
1.702688127786697626e+09 -1.540794999999999968e-03 -2.723269999999999966e-04 2.684135400000000130e-02 7.621999999999999869e-05 -6.780363999999999662e-03 -1.343209999999999901e-04 9.999770519999999774e-01
1.702688128162803411e+09 -1.662133000000000100e-03 -3.156899999999999810e-04 2.931007899999999930e-02 1.176572999999999985e-03 -7.443649000000000099e-03 -9.027840000000000083e-04 9.999712109999999710e-01
1.702688128368955374e+09 -1.649260000000000049e-03 -3.093179999999999953e-04 3.068145599999999931e-02 1.310154000000000006e-03 -7.520838000000000176e-03 -8.310670000000000036e-04 9.999705549999999832e-01
1.702688128578850508e+09 -1.992133000000000098e-03 -3.226780000000000165e-04 3.188322500000000115e-02 1.810563999999999967e-03 -1.056485300000000079e-02 -1.202011999999999916e-03 9.999418260000000336e-01
1.702688128829103947e+09 -2.353643999999999788e-03 -2.974359999999999895e-04 3.358836800000000039e-02 3.145329999999999784e-04 -1.420765300000000064e-02 -7.636929999999999674e-04 9.998987320000000123e-01
1.702688129075731754e+09 -2.306289999999999903e-03 -2.505499999999999915e-04 3.523559500000000150e-02 1.377268999999999976e-03 -1.755606399999999970e-02 -8.986699999999999864e-05 9.998449680000000006e-01
1.702688129535256386e+09 -2.155633000000000115e-03 -2.976189999999999977e-04 3.818331700000000134e-02 3.274388999999999945e-03 -1.136764699999999982e-02 -4.439439999999999901e-04 9.999299649999999762e-01
1.702688129744809628e+09 -2.204787000000000153e-03 -3.276970000000000035e-04 3.959753399999999673e-02 9.783150000000000006e-04 -1.452425199999999965e-02 7.514299999999999799e-04 9.998937850000000349e-01
1.702688129995001554e+09 -2.453201999999999813e-03 -2.823209999999999826e-04 4.120757399999999682e-02 1.350906999999999933e-03 -1.521877500000000036e-02 1.437801000000000053e-03 9.998822809999999839e-01
1.702688130243418932e+09 -2.615484999999999859e-03 -2.927389999999999767e-04 4.284025000000000333e-02 -1.000842999999999958e-03 -1.505997300000000080e-02 2.224689999999999871e-04 9.998860960000000020e-01
1.702688130494930983e+09 -2.413287000000000071e-03 -1.618880000000000059e-04 4.446731100000000242e-02 -8.114669999999999609e-04 -1.268012399999999922e-02 5.326629999999999516e-04 9.999191160000000522e-01
1.702688130748235226e+09 -2.365816000000000186e-03 -1.561280000000000068e-04 4.609949900000000211e-02 -2.430039000000000157e-03 -1.038752499999999988e-02 3.000939999999999901e-04 9.999430780000000407e-01
1.702688130996082067e+09 -2.411561999999999907e-03 -1.081969999999999942e-04 4.777347299999999686e-02 -2.859719000000000150e-03 -7.495958999999999955e-03 5.030879999999999510e-04 9.999676939999999625e-01
1.702688131241282225e+09 -2.206805999999999959e-03 -9.125199999999999978e-05 4.936422800000000305e-02 -1.327737999999999965e-03 -1.475111999999999994e-03 4.434730000000000009e-04 9.999979140000000433e-01
1.702688131493935823e+09 -2.090593999999999873e-03 -1.788310000000000095e-04 5.083778900000000128e-02 -2.162755000000000146e-03 1.549922000000000018e-03 4.487999999999999721e-05 9.999964829999999916e-01
1.702688131785080910e+09 -2.156234999999999836e-03 -9.798599999999999324e-05 5.275608999999999854e-02 -1.738701999999999956e-03 9.122500000000000400e-03 -6.411109999999999812e-04 9.999566669999999657e-01
1.702688132074300051e+09 -1.919219000000000003e-03 -1.042750000000000003e-04 5.459793300000000127e-02 -1.287399999999999959e-03 1.371260200000000082e-02 -9.968869999999999034e-04 9.999046919999999838e-01
1.702688132376459122e+09 -1.837473000000000058e-03 -1.196110000000000039e-04 5.640517500000000184e-02 -1.078664000000000012e-03 1.365082299999999943e-02 -6.243390000000000137e-04 9.999060629999999561e-01
1.702688132657383680e+09 -1.795799999999999957e-03 -1.261359999999999999e-04 5.822837699999999783e-02 -1.552123999999999995e-03 1.418106400000000017e-02 -1.532647999999999953e-03 9.998970630000000304e-01
1.702688132991182327e+09 -1.764348000000000001e-03 -2.096160000000000070e-04 6.036059900000000089e-02 -2.167571000000000081e-03 1.505160099999999952e-02 -1.172716999999999987e-03 9.998837109999999528e-01
1.702688133282781363e+09 -1.790324999999999946e-03 -1.674000000000000032e-04 6.222176900000000316e-02 -2.738731999999999799e-03 1.493497199999999948e-02 -2.972063000000000049e-03 9.998803139999999923e-01
1.702688133573606968e+09 -1.810285000000000019e-03 -7.947599999999999598e-05 6.406754300000000457e-02 -3.576953999999999811e-03 1.257747199999999926e-02 -3.109156000000000072e-03 9.999096990000000407e-01
1.702688133906847477e+09 -1.717177000000000070e-03 -6.064099999999999759e-05 6.614851200000000653e-02 -4.187530000000000072e-03 1.371933499999999917e-02 -3.444083000000000127e-03 9.998912220000000239e-01
1.702688134242820978e+09 -1.687710000000000035e-03 -1.052350000000000046e-04 6.816681500000000560e-02 -2.931452000000000190e-03 1.432171200000000033e-02 -3.398495000000000075e-03 9.998874070000000058e-01
1.702688134574934006e+09 -1.517382000000000062e-03 -1.471800000000000037e-05 7.029820200000000407e-02 -3.563928000000000061e-03 1.510687399999999930e-02 -2.923325999999999963e-03 9.998753070000000465e-01
1.702688134904386282e+09 -1.580091000000000048e-03 -3.555900000000000293e-05 7.242836800000000685e-02 -4.813758999999999920e-03 1.537664600000000076e-02 -3.363659000000000180e-03 9.998645189999999516e-01
1.702688135245584965e+09 -1.366823999999999990e-03 -8.201900000000000195e-05 7.460919000000000578e-02 -3.292175000000000049e-03 1.642601900000000004e-02 -3.424204000000000137e-03 9.998537899999999645e-01
1.702688135619563341e+09 -1.408673000000000043e-03 -6.360499999999999834e-05 7.693029899999999366e-02 -2.274027999999999987e-03 1.503065800000000056e-02 -2.810818000000000084e-03 9.998805520000000335e-01
1.702688135948053598e+09 -1.406773999999999959e-03 -1.993500000000000141e-05 7.906119500000000078e-02 -3.678428000000000080e-03 1.569094299999999886e-02 -3.042375999999999848e-03 9.998655319999999458e-01
1.702688136239547491e+09 -1.213847000000000103e-03 1.938399999999999940e-05 8.094711599999999951e-02 -4.438336000000000191e-03 1.967884799999999879e-02 -3.948095000000000424e-03 9.997887020000000291e-01
1.702688136530353546e+09 -1.271168000000000037e-03 2.089699999999999999e-05 8.272361000000000297e-02 -3.403428000000000009e-03 1.833322800000000002e-02 -4.042793000000000254e-03 9.998179670000000296e-01
1.702688136862253666e+09 -1.145278999999999915e-03 1.542499999999999885e-05 8.480652399999999425e-02 -2.800926000000000023e-03 1.735239300000000068e-02 -3.574509999999999927e-03 9.998391269999999942e-01
1.702688137445410967e+09 -1.228073000000000099e-03 3.300999999999999820e-06 8.858828200000000430e-02 -3.013995000000000216e-03 1.396469399999999972e-02 -2.630718000000000206e-03 9.998945000000000194e-01
1.702688137740003109e+09 -1.135046999999999922e-03 9.422999999999999736e-05 9.049455100000000640e-02 -3.050044999999999926e-03 1.261633799999999951e-02 -2.483092000000000112e-03 9.999126790000000264e-01
1.702688138027966499e+09 -9.690669999999999970e-04 6.881200000000000456e-05 9.231223199999999407e-02 -3.149531000000000119e-03 1.327133800000000058e-02 -2.672582000000000169e-03 9.999034399999999767e-01
1.702688138331001759e+09 -9.562680000000000268e-04 4.862899999999999807e-05 9.421624200000000560e-02 -3.644358999999999793e-03 1.188331899999999983e-02 -2.646990000000000107e-03 9.999192949999999858e-01
1.702688138611531258e+09 -1.036945999999999962e-03 6.163299999999999757e-05 9.600546999999999553e-02 -3.453444999999999866e-03 7.275974000000000157e-03 -1.345080000000000017e-03 9.999666809999999684e-01
1.702688138903549671e+09 -8.717850000000000295e-04 6.157599999999999456e-05 9.786114799999999503e-02 -2.180216999999999919e-03 1.567927599999999894e-02 -1.408640000000000066e-03 9.998736980000000329e-01
1.702688139194115400e+09 -6.987760000000000195e-04 5.858899999999999758e-05 9.969880400000000198e-02 -8.437930000000000170e-04 3.253035199999999849e-02 -2.632980999999999950e-03 9.994669560000000175e-01
1.702688139443001509e+09 -5.266070000000000082e-04 5.340699999999999874e-05 1.012196759999999945e-01 -7.142199999999999482e-05 4.532372999999999957e-02 -2.877250000000000033e-03 9.989682439999999497e-01
1.702688139693775654e+09 -3.057129999999999917e-04 1.076380000000000018e-04 1.027949600000000047e-01 8.003430000000000179e-04 5.672449599999999925e-02 -3.737276999999999787e-03 9.983825680000000258e-01
1.702688139900894403e+09 -1.825610000000000026e-04 7.891100000000000393e-05 1.041006669999999940e-01 2.335530000000000050e-04 6.618906600000000473e-02 -3.495284999999999885e-03 9.978009460000000219e-01
1.702688140567875862e+09 8.460199999999999535e-04 -4.546300000000000162e-05 1.081666419999999934e-01 2.026689999999999937e-04 9.416840199999999828e-02 -3.907548000000000271e-03 9.955486059999999471e-01
1.702688140820414782e+09 1.141775000000000038e-03 1.090430000000000061e-04 1.097524319999999970e-01 -9.167099999999999695e-05 1.052345110000000028e-01 -3.331863000000000012e-03 9.944418670000000349e-01
1.702688141026492596e+09 1.636618000000000057e-03 1.238620000000000010e-04 1.109769570000000011e-01 -5.299229999999999609e-04 1.110043899999999945e-01 -1.813692999999999902e-03 9.938181640000000039e-01
1.702688141233258009e+09 1.850819999999999983e-03 1.002530000000000039e-04 1.120630880000000051e-01 -3.859989999999999884e-04 1.152891590000000022e-01 -1.636178000000000068e-03 9.933305980000000091e-01
1.702688142194231987e+09 3.001746999999999922e-03 1.659800000000000067e-04 1.180975880000000033e-01 4.762440000000000163e-04 1.051369159999999969e-01 -2.807310999999999834e-03 9.944536689999999846e-01
1.702688142442645788e+09 3.296919000000000152e-03 4.653500000000000084e-05 1.195264830000000028e-01 9.611090000000000301e-04 1.046397089999999974e-01 -3.320781999999999987e-03 9.945042130000000258e-01
1.702688142691183090e+09 3.841175999999999965e-03 -7.096999999999999983e-06 1.209491709999999942e-01 1.395886000000000045e-03 1.042868789999999990e-01 -3.516600999999999842e-03 9.945400949999999574e-01
1.702688142940903187e+09 4.199884000000000082e-03 6.355999999999999454e-05 1.226203960000000065e-01 2.623470000000000142e-04 1.028419289999999986e-01 -2.797744000000000012e-03 9.946937559999999845e-01
1.702688144230925322e+09 5.662524999999999850e-03 2.453999999999999883e-05 1.305107470000000103e-01 2.063000000000000001e-04 9.847091099999999431e-02 -4.042315999999999791e-03 9.951316709999999954e-01
1.702688144730792522e+09 6.306622999999999916e-03 -9.721000000000000609e-06 1.335545029999999911e-01 1.139777999999999928e-03 9.772796200000000155e-02 -3.948206000000000111e-03 9.952046869999999767e-01
1.702688144980602741e+09 6.761525000000000001e-03 7.798999999999999360e-06 1.351976099999999958e-01 1.066024000000000051e-03 1.052921119999999933e-01 -3.812736000000000163e-03 9.944334630000000175e-01
1.702688145271987200e+09 7.170216000000000089e-03 1.178499999999999982e-05 1.369367840000000058e-01 1.077510000000000056e-04 1.076190249999999932e-01 -3.844534000000000146e-03 9.941847919999999839e-01
1.702688145565780878e+09 7.441745999999999951e-03 3.889699999999999706e-05 1.388049869999999908e-01 -6.027079999999999764e-04 1.074115259999999933e-01 -4.308868000000000420e-03 9.942051170000000271e-01
1.702688145858375072e+09 7.799999999999999642e-03 9.321300000000000354e-05 1.403931529999999928e-01 2.386319999999999880e-04 1.033590880000000017e-01 -4.869392000000000165e-03 9.946321849999999465e-01
1.702688146437228918e+09 8.301078999999999403e-03 1.280900000000000018e-04 1.441763189999999972e-01 1.876152999999999979e-03 7.596041300000000440e-02 -3.382495000000000120e-03 9.971033329999999806e-01
1.702688146692611694e+09 8.424727999999999384e-03 1.106019999999999958e-04 1.456190499999999999e-01 7.124399999999999483e-04 6.554203499999999849e-02 -4.206001000000000010e-03 9.978407030000000510e-01
1.702688146978892803e+09 8.623106000000000174e-03 9.700900000000000582e-05 1.475389450000000047e-01 -2.047101999999999863e-03 5.231304500000000246e-02 -4.033196000000000177e-03 9.986205099999999613e-01
1.702688147228098392e+09 8.923484000000000624e-03 1.310980000000000110e-04 1.489806919999999979e-01 3.221899999999999764e-04 6.945306800000000669e-02 -4.916435999999999723e-03 9.975730779999999465e-01
1.702688147518578291e+09 9.188121999999999956e-03 1.258879999999999982e-04 1.507773699999999939e-01 8.733120000000000032e-04 7.554329199999999800e-02 -4.789195000000000431e-03 9.971306319999999612e-01
1.702688147810309410e+09 9.464037999999999271e-03 1.500100000000000088e-04 1.526528000000000052e-01 1.027389999999999933e-04 7.844322200000000689e-02 -5.434002000000000276e-03 9.969037769999999909e-01
1.702688148105138779e+09 9.725436999999999971e-03 1.565969999999999916e-04 1.544594619999999918e-01 -1.064763000000000038e-03 7.626662400000000508e-02 -5.706774999999999869e-03 9.970706110000000510e-01
1.702688148394985914e+09 1.003195200000000023e-02 1.458549999999999918e-04 1.562405819999999890e-01 2.802299999999999919e-05 7.751495399999999703e-02 -6.333735000000000059e-03 9.969710710000000420e-01
1.702688148684074640e+09 1.029766799999999941e-02 1.629620000000000027e-04 1.579824089999999903e-01 3.252379999999999920e-04 7.693631200000000669e-02 -6.630322999999999599e-03 9.970139270000000220e-01
1.702688149025489807e+09 1.072731199999999926e-02 6.673000000000000654e-05 1.599776149999999897e-01 5.203680000000000024e-04 7.715453199999999789e-02 -6.407653999999999607e-03 9.969984290000000193e-01
1.702688149310498476e+09 1.109064899999999930e-02 3.223999999999999964e-06 1.617408989999999935e-01 -8.117200000000000142e-05 7.794337699999999425e-02 -5.439985999999999954e-03 9.969429370000000290e-01
1.702688149645361662e+09 1.127747899999999998e-02 -1.490100000000000014e-05 1.637860539999999865e-01 1.350679999999999882e-04 7.684839499999999990e-02 -6.111484000000000361e-03 9.970240590000000180e-01
1.702688150020539761e+09 1.164277399999999983e-02 9.576299999999999776e-05 1.660362629999999895e-01 1.233923999999999958e-03 7.894096500000000183e-02 -5.049897999999999713e-03 9.968657490000000232e-01
1.702688150433784485e+09 1.211024399999999918e-02 -3.811700000000000114e-05 1.685420870000000071e-01 1.897318000000000051e-03 8.279687900000000378e-02 -4.095701000000000203e-03 9.965562220000000471e-01
1.702688150851761341e+09 1.259519100000000037e-02 -9.931000000000000293e-06 1.711360809999999955e-01 2.457678000000000033e-03 8.670885100000000345e-02 -4.161444000000000254e-03 9.962220189999999587e-01
1.702688151225185394e+09 1.290363999999999921e-02 1.234199999999999974e-05 1.734370739999999966e-01 6.580890000000000481e-04 9.024012800000000278e-02 -4.728191999999999985e-03 9.959086179999999677e-01
1.702688151600415707e+09 1.341882500000000054e-02 3.249199999999999994e-05 1.757759750000000010e-01 -6.872760000000000110e-04 9.219483300000000381e-02 -6.079260999999999866e-03 9.957222340000000393e-01
1.702688151933344364e+09 1.381643800000000033e-02 -6.848000000000000334e-06 1.778261210000000037e-01 -1.985660000000000094e-04 9.337965400000000638e-02 -5.600578999999999627e-03 9.956148270000000355e-01
1.702688152227737665e+09 1.413966000000000008e-02 -3.290000000000000010e-05 1.795585600000000059e-01 5.814989999999999699e-04 9.439537700000000253e-02 -6.492982999999999914e-03 9.955134390000000000e-01
1.702688152599986076e+09 1.467976499999999913e-02 -4.518299999999999752e-05 1.818044480000000074e-01 -1.224988999999999896e-03 9.769231100000000390e-02 -5.807432999999999866e-03 9.951989650000000465e-01
1.702688153015389681e+09 1.534037000000000074e-02 7.316800000000000148e-05 1.843742429999999932e-01 -3.256040000000000084e-04 1.128418149999999981e-01 -6.974400000000000391e-03 9.935884480000000130e-01
1.702688153475735903e+09 1.604765299999999853e-02 4.212000000000000330e-05 1.870622040000000097e-01 6.848800000000000157e-04 1.256927250000000051e-01 -7.321186999999999834e-03 9.920419449999999806e-01
1.702688153853724003e+09 1.669009000000000117e-02 4.423900000000000114e-05 1.892904039999999954e-01 9.106309999999999622e-04 1.256239409999999890e-01 -7.719707999999999605e-03 9.920474889999999490e-01
1.702688154347428083e+09 1.734954099999999957e-02 1.502800000000000079e-05 1.922899040000000115e-01 1.797659000000000062e-03 1.222459899999999988e-01 -8.592937000000000144e-03 9.924610259999999684e-01
1.702688154768258095e+09 1.788445199999999860e-02 2.582599999999999973e-05 1.946945790000000065e-01 3.087014999999999811e-03 1.095249060000000052e-01 -8.253114000000000630e-03 9.939450029999999936e-01
1.702688155225627184e+09 1.832726599999999831e-02 1.919199999999999853e-05 1.974937920000000013e-01 2.240274999999999905e-03 9.771461800000000308e-02 -7.434694000000000372e-03 9.951841830000000000e-01
1.702688155641277075e+09 1.866678899999999960e-02 1.294140000000000047e-04 1.999748050000000055e-01 7.933760000000000421e-04 8.515363900000000319e-02 -9.368832000000000548e-03 9.963234659999999909e-01
1.702688156095242023e+09 1.911750599999999939e-02 7.658000000000000202e-05 2.025472369999999911e-01 -1.685939000000000014e-03 6.561919300000000621e-02 -6.721561000000000029e-03 9.978206750000000458e-01
1.702688156553236008e+09 1.918401600000000165e-02 9.781200000000000473e-05 2.052775619999999968e-01 -6.965100000000000111e-05 4.374445200000000311e-02 -8.224946000000000340e-03 9.990089540000000046e-01
1.702688157015946865e+09 1.918175299999999930e-02 1.170020000000000023e-04 2.080550640000000118e-01 -3.067920000000000130e-04 1.626384800000000089e-02 -5.962165999999999647e-03 9.998499159999999497e-01
1.702688157347266674e+09 1.916870099999999980e-02 1.807629999999999903e-04 2.102136910000000081e-01 -2.118913999999999954e-03 7.270740000000000362e-03 -8.110374000000000055e-03 9.999384279999999903e-01
1.702688157762963057e+09 1.899363700000000071e-02 1.862819999999999895e-04 2.127846029999999888e-01 -3.525256999999999957e-03 -1.084165299999999971e-02 -9.010334999999999525e-03 9.998944400000000510e-01
1.702688158093513012e+09 1.888613000000000097e-02 1.702630000000000061e-04 2.148289080000000129e-01 -4.172172000000000033e-03 -1.407461200000000023e-02 -9.035747000000000223e-03 9.998514649999999948e-01
1.702688158472939014e+09 1.881998400000000141e-02 2.227019999999999965e-04 2.170860020000000001e-01 -2.103264000000000088e-03 -1.207875400000000057e-02 -8.591224999999999209e-03 9.998879429999999457e-01
1.702688158883162260e+09 1.884585399999999869e-02 2.720069999999999997e-04 2.196576600000000046e-01 -2.738014999999999893e-03 -7.334289999999999603e-04 -8.360562000000000202e-03 9.999610780000000032e-01
1.702688159259221315e+09 1.880005200000000112e-02 3.026269999999999741e-04 2.218730899999999950e-01 -7.079669999999999930e-04 -9.895805000000000573e-03 -7.757505999999999950e-03 9.999207260000000375e-01
1.702688159592873335e+09 1.866153300000000098e-02 2.887030000000000173e-04 2.239269909999999919e-01 -2.861762999999999807e-03 -1.911157200000000028e-02 -7.317785999999999735e-03 9.997864960000000245e-01
1.702688159927341223e+09 1.871279099999999945e-02 2.927930000000000138e-04 2.260001600000000055e-01 -2.202163999999999944e-03 -2.349822400000000158e-02 -7.219920999999999804e-03 9.996953610000000046e-01
1.702688160345999956e+09 1.854176600000000119e-02 3.200860000000000250e-04 2.285285440000000001e-01 -2.659204999999999989e-03 -1.627654200000000148e-02 -8.468952000000000077e-03 9.998281599999999658e-01
1.702688160765698195e+09 1.844227299999999861e-02 3.106140000000000181e-04 2.310469450000000036e-01 -3.166602000000000132e-03 -1.103538000000000045e-03 -8.708758999999999945e-03 9.999564890000000039e-01
1.702688161217192173e+09 1.854595900000000075e-02 2.731419999999999812e-04 2.337145810000000046e-01 -2.358257999999999795e-03 1.105679199999999932e-02 -7.370922999999999711e-03 9.999089239999999768e-01
1.702688161759967089e+09 1.863603700000000113e-02 2.834420000000000147e-04 2.369205359999999871e-01 -1.241430000000000072e-04 9.560074000000000002e-03 -7.491346999999999763e-03 9.999262690000000342e-01
1.702688162423004389e+09 1.874726999999999991e-02 2.537129999999999746e-04 2.408041059999999900e-01 -5.528339999999999860e-04 1.615154599999999926e-02 -6.375452000000000202e-03 9.998490810000000284e-01
1.702688162921742439e+09 1.900222500000000106e-02 3.125630000000000227e-04 2.437268939999999995e-01 -4.767129999999999740e-04 2.228422299999999884e-02 -6.236306999999999962e-03 9.997321369999999652e-01
1.702688163425845146e+09 1.898088499999999942e-02 2.994760000000000174e-04 2.466437069999999898e-01 -7.321450000000000180e-04 3.268891899999999684e-02 -7.201344000000000148e-03 9.994393590000000271e-01
1.702688163963159084e+09 1.946588999999999958e-02 2.952280000000000269e-04 2.499731480000000061e-01 -4.537380000000000254e-04 3.910222299999999845e-02 -7.685693999999999859e-03 9.992055890000000051e-01
1.702688164255248070e+09 1.949479100000000090e-02 3.071990000000000246e-04 2.515999669999999799e-01 1.103051999999999982e-03 4.666816399999999809e-02 -6.519040999999999725e-03 9.988886120000000091e-01
1.702688164547031403e+09 1.955142199999999886e-02 3.341710000000000231e-04 2.533610459999999787e-01 4.342120000000000094e-04 4.739969599999999811e-02 -7.517244000000000183e-03 9.988476630000000522e-01
1.702688164879544973e+09 1.956593200000000116e-02 3.326800000000000200e-04 2.552464309999999958e-01 -2.100626999999999876e-03 4.574396499999999754e-02 -7.741417999999999910e-03 9.989210370000000117e-01
1.702688165173072100e+09 1.960961500000000038e-02 3.631160000000000247e-04 2.568703290000000083e-01 -7.566380000000000154e-04 4.555854599999999838e-02 -7.666217999999999817e-03 9.989320040000000400e-01
1.702688165504096508e+09 1.998099500000000139e-02 4.241219999999999756e-04 2.589034139999999984e-01 -7.265760000000000447e-04 4.547786699999999821e-02 -7.668962999999999995e-03 9.989356400000000136e-01
1.702688166003127813e+09 1.990218800000000121e-02 4.305140000000000052e-04 2.616950570000000087e-01 -3.847370000000000130e-04 4.598506900000000341e-02 -7.727298999999999973e-03 9.989121560000000510e-01
1.702688166549207926e+09 2.008424699999999952e-02 4.065359999999999851e-04 2.648361329999999736e-01 -9.499649999999999891e-04 5.058466600000000035e-02 -9.633506000000000014e-03 9.986728430000000323e-01
1.702688166877514839e+09 2.023330699999999899e-02 4.743729999999999930e-04 2.665907739999999748e-01 -1.014944000000000046e-03 4.864253100000000274e-02 -8.799648999999999666e-03 9.987770320000000090e-01
1.702688167210869551e+09 2.018582799999999941e-02 3.682819999999999952e-04 2.683061359999999729e-01 -1.310181000000000106e-03 6.664779799999999421e-02 -9.933090999999999796e-03 9.977262620000000304e-01
1.702688167794887781e+09 2.033442599999999920e-02 3.968970000000000050e-04 2.711927000000000088e-01 -1.487164999999999928e-03 7.791139199999999598e-02 -8.919352999999999657e-03 9.969192740000000219e-01
1.702688168750536442e+09 2.061371099999999984e-02 3.154079999999999861e-04 2.758609060000000168e-01 -2.322092999999999900e-03 9.749691200000000502e-02 -4.018820000000000205e-03 9.952250120000000200e-01
1.702688169083957195e+09 2.070935299999999979e-02 2.835229999999999890e-04 2.776976820000000012e-01 -2.533305000000000019e-03 1.077405290000000015e-01 -2.986298000000000077e-03 9.941713810000000207e-01
1.702688169374660969e+09 2.075027299999999963e-02 1.049130000000000033e-04 2.795999049999999819e-01 -4.273535999999999654e-03 1.198324489999999937e-01 -4.710854000000000430e-03 9.927737709999999716e-01
1.702688169627766848e+09 2.080671099999999857e-02 1.324080000000000103e-04 2.810650470000000123e-01 -4.102487000000000147e-03 1.287178250000000079e-01 -4.766702999999999739e-03 9.916613100000000181e-01
1.702688169957812309e+09 2.096300900000000120e-02 1.094469999999999975e-04 2.831620870000000068e-01 -3.556575000000000188e-03 1.418537940000000053e-01 -3.611946999999999901e-03 9.898746609999999890e-01
1.702688170249803305e+09 2.114505499999999941e-02 1.707160000000000101e-04 2.851712410000000197e-01 -1.303064000000000045e-03 1.545035539999999874e-01 -3.966169999999999765e-03 9.879834060000000084e-01
1.702688170543037176e+09 2.132084000000000062e-02 1.328079999999999929e-04 2.871335449999999900e-01 -1.154616999999999926e-03 1.706100849999999947e-01 -4.452882000000000021e-03 9.853278989999999515e-01
1.702688170874715567e+09 2.121811700000000162e-02 2.694800000000000017e-04 2.890987990000000174e-01 -9.432289999999999642e-04 1.856613900000000095e-01 -5.735699999999999826e-03 9.825966360000000233e-01
1.702688171207048178e+09 2.129978899999999953e-02 2.476180000000000134e-04 2.912102039999999725e-01 -5.783290000000000392e-04 2.001787419999999929e-01 -4.678828999999999801e-03 9.797480699999999709e-01
1.702688171582180500e+09 2.112065999999999943e-02 3.870000000000000111e-07 2.930189369999999793e-01 -4.540775000000000367e-03 2.102647569999999966e-01 -3.874527000000000006e-03 9.776262639999999671e-01
1.702688171998087168e+09 2.088335499999999928e-02 8.727300000000000281e-05 2.935392259999999864e-01 -5.827414000000000378e-03 2.124188989999999944e-01 -4.339741000000000258e-03 9.771516919999999606e-01
1.702688172248949051e+09 2.058774999999999841e-02 1.080199999999999992e-04 2.938687209999999994e-01 -5.261504999999999654e-03 2.134415950000000117e-01 -4.530183999999999600e-03 9.769311550000000510e-01
1.702688172502281427e+09 2.044706400000000091e-02 1.742530000000000001e-04 2.942583559999999987e-01 -4.746038999999999640e-03 2.142652569999999868e-01 -4.702378999999999587e-03 9.767526979999999748e-01
1.702688173080498457e+09 2.068460399999999880e-02 1.353570000000000120e-04 2.958249150000000216e-01 -5.109698000000000191e-03 1.781991270000000127e-01 -3.886575000000000186e-03 9.839735630000000510e-01
1.702688173999684095e+09 2.075223799999999924e-02 2.326399999999999952e-05 2.975743710000000042e-01 -7.862390999999999824e-03 9.162575000000000580e-02 -1.917579999999999892e-04 9.957624670000000400e-01
1.702688174248526812e+09 2.081477099999999927e-02 -5.181199999999999792e-05 2.980798479999999806e-01 -9.124840999999999855e-03 6.904513399999999412e-02 -7.242179999999999972e-04 9.975715280000000407e-01
1.702688174829981327e+09 2.096419399999999850e-02 1.500069999999999887e-04 2.994573710000000277e-01 -5.924907000000000090e-03 1.700151000000000093e-02 -7.652940000000000220e-04 9.998376369999999458e-01
1.702688175285869837e+09 2.075344299999999989e-02 4.785500000000000176e-05 3.001777230000000074e-01 -9.061194999999999319e-03 -1.842112699999999895e-02 -1.602843999999999970e-03 9.997879859999999619e-01
1.702688175500180483e+09 2.086171300000000048e-02 1.477410000000000073e-04 3.008619249999999745e-01 -7.359713000000000366e-03 -3.554881399999999803e-02 -1.104579999999999972e-03 9.993402359999999929e-01
1.702688175874465227e+09 2.087748400000000171e-02 1.831999999999999993e-06 3.014570469999999780e-01 -1.225573500000000024e-02 -4.631425399999999915e-02 -2.606074999999999798e-03 9.988483790000000084e-01
1.702688175994744062e+09 2.091810300000000039e-02 -1.850599999999999866e-05 3.017485140000000232e-01 -1.284967100000000001e-02 -5.325570699999999935e-02 -2.971182000000000163e-03 9.984938500000000161e-01
1.702688176329749107e+09 2.110269299999999876e-02 -6.888899999999999722e-05 3.025805950000000077e-01 -1.785192999999999849e-02 -7.160220999999999947e-02 -3.405382000000000201e-03 9.972677229999999948e-01
1.702688176501611233e+09 2.118658299999999842e-02 -8.073599999999999408e-05 3.029831949999999829e-01 -1.838495199999999954e-02 -8.102727699999999478e-02 -4.101567999999999881e-03 9.965338710000000155e-01
1.702688176662036896e+09 2.130973499999999979e-02 -7.488299999999999438e-05 3.034566639999999871e-01 -1.839979699999999899e-02 -9.245586399999999871e-02 -4.152511000000000223e-03 9.955381159999999729e-01
1.702688176827462435e+09 2.140831199999999879e-02 -8.452400000000000592e-05 3.039019410000000088e-01 -1.935357199999999944e-02 -1.027349079999999998e-01 -5.068872000000000308e-03 9.945076109999999581e-01
1.702688177162247181e+09 2.136526299999999892e-02 -1.405199999999999895e-04 3.041872979999999949e-01 -2.186327600000000093e-02 -1.091378409999999993e-01 -5.477718999999999817e-03 9.937710760000000310e-01
1.702688177284803391e+09 2.135772099999999965e-02 -1.380300000000000049e-04 3.042064609999999836e-01 -2.269146999999999831e-02 -1.080233679999999946e-01 -5.099369000000000297e-03 9.938762780000000019e-01
1.702688177455182552e+09 2.134366000000000041e-02 -1.459649999999999891e-04 3.042494060000000000e-01 -2.335407200000000003e-02 -1.080627219999999999e-01 -5.146892000000000134e-03 9.938564300000000129e-01
1.702688177953813076e+09 2.123572099999999907e-02 -1.415049999999999945e-04 3.044367130000000254e-01 -2.402000300000000158e-02 -1.110630850000000058e-01 -5.229863000000000393e-03 9.935092930000000155e-01
1.702688178126352549e+09 2.117649099999999868e-02 -1.156860000000000033e-04 3.044867520000000272e-01 -2.199364499999999917e-02 -1.125093850000000034e-01 -4.985098999999999780e-03 9.933947319999999470e-01
1.702688178533615112e+09 2.105490700000000118e-02 -1.134130000000000066e-04 3.046596050000000000e-01 -2.309825600000000104e-02 -1.155359069999999932e-01 -7.221309000000000408e-03 9.930084940000000193e-01
1.702688178701378584e+09 2.098747700000000091e-02 -1.042400000000000049e-04 3.046975729999999993e-01 -2.211484099999999967e-02 -1.183578519999999995e-01 -7.626835000000000211e-03 9.926954510000000065e-01
1.702688179075419426e+09 2.095441899999999844e-02 -1.250900000000000102e-04 3.047906759999999826e-01 -2.514010699999999834e-02 -1.338886619999999916e-01 -7.547220000000000317e-03 9.906487459999999690e-01
1.702688179450808048e+09 2.090313300000000082e-02 -1.307930000000000063e-04 3.048907519999999871e-01 -2.608250800000000078e-02 -1.474843769999999998e-01 -1.037419000000000015e-02 9.886659979999999903e-01
1.702688179617077351e+09 2.088491099999999906e-02 -1.297089999999999875e-04 3.049383159999999870e-01 -2.526764600000000124e-02 -1.550890649999999982e-01 -1.082900300000000024e-02 9.875179530000000039e-01
1.702688179826010227e+09 2.085856700000000147e-02 -1.180910000000000049e-04 3.050022419999999790e-01 -2.491383299999999981e-02 -1.639200899999999905e-01 -1.093910399999999984e-02 9.860983490000000407e-01
1.702688180285767794e+09 2.079530799999999846e-02 -1.105980000000000006e-04 3.051104840000000151e-01 -2.400974700000000142e-02 -1.824199999999999988e-01 -9.568482999999999156e-03 9.828809499999999755e-01
1.702688180491962671e+09 2.076973999999999834e-02 -1.138620000000000018e-04 3.051553960000000232e-01 -2.538047499999999956e-02 -1.891721339999999918e-01 -9.954258000000000550e-03 9.815654160000000239e-01
1.702688180699378014e+09 2.073151399999999950e-02 -1.111440000000000052e-04 3.052039149999999923e-01 -2.681951600000000158e-02 -1.980027560000000020e-01 -9.361664000000000443e-03 9.797897930000000200e-01
1.702688181574390411e+09 2.058708100000000013e-02 -9.313400000000000649e-05 3.054295180000000109e-01 -2.392579400000000023e-02 -2.411923860000000086e-01 -6.054076000000000249e-03 9.701634649999999471e-01
1.702688181781741858e+09 2.054642099999999874e-02 -8.843400000000000067e-05 3.054885860000000064e-01 -2.674672800000000086e-02 -2.511088850000000039e-01 -6.083494000000000054e-03 9.675701260000000303e-01
1.702688181989973545e+09 2.051562399999999967e-02 -8.045999999999999875e-05 3.055429459999999819e-01 -2.462339800000000120e-02 -2.621572609999999748e-01 -6.366303000000000240e-03 9.646899700000000077e-01
1.702688182198526859e+09 2.047831199999999852e-02 -8.297300000000000671e-05 3.056033249999999812e-01 -2.756212099999999846e-02 -2.735765580000000252e-01 -6.465165999999999621e-03 9.614335299999999807e-01
1.702688182407867432e+09 2.044109399999999993e-02 -8.468400000000000439e-05 3.056506219999999829e-01 -2.860187399999999935e-02 -2.831475439999999733e-01 -5.984838999999999611e-03 9.586310980000000148e-01
1.702688183073505640e+09 2.030442699999999989e-02 -8.178199999999999728e-05 3.058140870000000122e-01 -3.238860100000000297e-02 -3.233834800000000009e-01 -5.377808999999999888e-03 9.456982609999999845e-01
1.702688183326176405e+09 2.025201899999999958e-02 -6.339999999999999607e-05 3.058702050000000061e-01 -2.883939300000000136e-02 -3.380740280000000264e-01 -6.276753000000000367e-03 9.406566020000000083e-01
1.702688183571993589e+09 2.019926899999999886e-02 -6.250899999999999393e-05 3.059360090000000088e-01 -3.090449400000000110e-02 -3.600176569999999909e-01 -5.379857000000000042e-03 9.324179889999999471e-01
1.702688183780685425e+09 2.015753099999999937e-02 -5.922800000000000281e-05 3.059864039999999896e-01 -2.959846699999999983e-02 -3.765293659999999765e-01 -4.194902000000000353e-03 9.259222750000000168e-01
1.702688183988583326e+09 2.010417700000000085e-02 -6.146599999999999731e-05 3.060111110000000023e-01 -3.221018999999999965e-02 -3.887607750000000029e-01 -3.198421999999999810e-03 9.207699889999999554e-01
1.702688184156305552e+09 2.006698399999999952e-02 -5.465100000000000242e-05 3.060430590000000062e-01 -3.026430499999999829e-02 -4.009365440000000058e-01 -3.023637000000000026e-03 9.156008359999999735e-01
1.702688184361381769e+09 2.000924899999999979e-02 -4.627699999999999755e-05 3.060868979999999961e-01 -3.068876099999999843e-02 -4.182703790000000255e-01 -2.599452999999999833e-03 9.078002569999999993e-01
1.702688184576878309e+09 1.996242299999999997e-02 -4.591199999999999681e-05 3.061193229999999987e-01 -3.040248699999999887e-02 -4.342693979999999732e-01 -1.676290999999999892e-03 9.002682570000000162e-01
1.702688184822968721e+09 1.989896600000000057e-02 -4.324700000000000115e-05 3.061569040000000075e-01 -3.018704800000000105e-02 -4.554489549999999887e-01 -1.790639999999999918e-04 8.897499439999999593e-01
1.702688185073422670e+09 1.984250499999999987e-02 -4.729699999999999795e-05 3.061939180000000094e-01 -3.078220799999999840e-02 -4.762252869999999971e-01 1.127189999999999919e-03 8.787836430000000032e-01
1.702688185281377316e+09 1.981045299999999870e-02 -4.908999999999999925e-05 3.062121870000000246e-01 -3.012841399999999920e-02 -4.929048120000000255e-01 1.139269999999999953e-03 8.695607189999999820e-01
1.702688185487078190e+09 1.972962899999999853e-02 -4.228199999999999938e-05 3.062470259999999778e-01 -3.172647600000000345e-02 -5.091212990000000271e-01 5.868359999999999766e-04 8.601096270000000432e-01
1.702688185695312500e+09 1.968634099999999956e-02 -4.199000000000000285e-05 3.062659799999999932e-01 -3.116617699999999977e-02 -5.268037920000000485e-01 1.516271999999999932e-03 8.494139910000000349e-01
1.702688185905757666e+09 1.963031299999999993e-02 -3.779600000000000201e-05 3.062938150000000248e-01 -3.280926900000000201e-02 -5.438609720000000536e-01 1.679130999999999940e-03 8.385320309999999555e-01
1.702688186109722614e+09 1.958040900000000001e-02 -3.496500000000000150e-05 3.062943819999999762e-01 -3.299921399999999894e-02 -5.552133919999999723e-01 2.280875999999999824e-03 8.310499190000000258e-01
1.702688186490792990e+09 1.951839000000000005e-02 -2.569099999999999848e-05 3.063304720000000203e-01 -3.046716199999999902e-02 -5.820797089999999452e-01 2.785131000000000152e-03 8.125559690000000446e-01
1.702688186862880468e+09 1.944090399999999844e-02 -1.675600000000000017e-05 3.063259119999999780e-01 -2.848881300000000172e-02 -5.898411869999999890e-01 4.900007999999999968e-03 8.070016500000000148e-01
1.702688187072584152e+09 1.941296500000000078e-02 -1.743699999999999924e-05 3.063360749999999855e-01 -3.116595900000000002e-02 -5.886483789999999994e-01 3.288034999999999916e-03 8.077815769999999729e-01
1.702688187282107353e+09 1.935450699999999996e-02 -1.309700000000000013e-05 3.063833710000000154e-01 -3.127364400000000322e-02 -5.870654579999999845e-01 3.032660999999999864e-03 8.089295629999999626e-01
1.702688187527546406e+09 1.927371300000000134e-02 -1.047299999999999951e-05 3.063927590000000145e-01 -3.110397200000000056e-02 -5.850864049999999761e-01 2.992783000000000162e-03 8.103687760000000129e-01
1.702688188029271603e+09 1.910895099999999902e-02 -3.469999999999999811e-06 3.064304290000000042e-01 -3.114447899999999922e-02 -5.900915270000000046e-01 2.812924999999999974e-03 8.067305089999999845e-01
1.702688188279265881e+09 1.902979600000000160e-02 3.048999999999999946e-06 3.064616019999999996e-01 -3.072967000000000060e-02 -5.884113909999999503e-01 3.662123000000000201e-03 8.079692720000000161e-01
1.702688188527059317e+09 1.895098400000000058e-02 6.744000000000000144e-06 3.064882460000000197e-01 -2.996241300000000024e-02 -5.862992409999999710e-01 3.638675000000000069e-03 8.095321659999999975e-01
1.702688188780746937e+09 1.887808700000000173e-02 8.542999999999999352e-06 3.065150380000000174e-01 -3.032345300000000021e-02 -5.809954999999999981e-01 2.932371999999999930e-03 8.133364920000000220e-01
1.702688189066060066e+09 1.878783100000000136e-02 1.197300000000000039e-05 3.065459130000000032e-01 -3.116423299999999952e-02 -5.894260999999999528e-01 4.219783000000000388e-03 8.072099090000000032e-01
1.702688189316132784e+09 1.870507000000000072e-02 2.262800000000000087e-05 3.065603969999999845e-01 -2.922974700000000037e-02 -5.988684300000000071e-01 5.573665000000000216e-03 8.002944589999999581e-01
1.702688189567132950e+09 1.862189200000000100e-02 1.819099999999999914e-05 3.065770569999999862e-01 -3.148342700000000133e-02 -6.083754900000000188e-01 4.773132999999999716e-03 7.930102350000000078e-01
1.702688189814556599e+09 1.853981600000000063e-02 2.558200000000000003e-05 3.066029250000000261e-01 -3.099270399999999939e-02 -6.028230190000000155e-01 3.199004000000000084e-03 7.972663639999999496e-01
1.702688190027931929e+09 1.847125599999999840e-02 3.223900000000000084e-05 3.066184519999999858e-01 -3.157812000000000119e-02 -6.128948929999999962e-01 3.263870999999999786e-03 7.895264629999999562e-01
1.702688190279198170e+09 1.839289100000000149e-02 3.269700000000000221e-05 3.066360650000000132e-01 -3.082089500000000093e-02 -6.242462989999999490e-01 4.218373000000000088e-03 7.806079980000000251e-01
1.702688190525139809e+09 1.831157500000000007e-02 3.779600000000000201e-05 3.066477479999999978e-01 -2.967966199999999902e-02 -6.252858639999999690e-01 4.078380999999999847e-03 7.798205609999999677e-01
1.702688190774636507e+09 1.823528099999999902e-02 4.051800000000000068e-05 3.066699210000000120e-01 -2.922683200000000120e-02 -6.163575650000000516e-01 4.287227999999999699e-03 7.869122029999999768e-01
1.702688191025105238e+09 1.815424900000000077e-02 4.754399999999999745e-05 3.067024050000000113e-01 -2.960527699999999929e-02 -6.165636180000000355e-01 5.001890999999999629e-03 7.867324350000000077e-01
1.702688191273354053e+09 1.807604700000000134e-02 4.202199999999999848e-05 3.067082170000000052e-01 -3.081102900000000019e-02 -6.268686650000000471e-01 5.732319999999999950e-03 7.784944179999999658e-01
1.702688191525332451e+09 1.799657899999999866e-02 4.713800000000000168e-05 3.067242499999999761e-01 -2.959916599999999967e-02 -6.214073300000000355e-01 5.531763999999999779e-03 7.829087970000000452e-01
1.702688191774575710e+09 1.791940599999999884e-02 4.807100000000000104e-05 3.067502979999999768e-01 -2.937146599999999885e-02 -6.097297670000000336e-01 6.795902000000000366e-03 7.920358180000000026e-01
1.702688192062933922e+09 1.782800299999999852e-02 5.406199999999999840e-05 3.067752719999999877e-01 -2.919234000000000065e-02 -6.044486169999999658e-01 7.344365999999999742e-03 7.960752250000000529e-01
1.702688192315282345e+09 1.774516699999999919e-02 6.255499999999999993e-05 3.067990540000000155e-01 -2.861656599999999953e-02 -5.936824080000000503e-01 4.529473000000000006e-03 8.041776419999999703e-01
1.702688192606889486e+09 1.765768200000000093e-02 6.385400000000000223e-05 3.068383630000000029e-01 -2.996513799999999880e-02 -5.823226569999999658e-01 5.395112999999999992e-03 8.123874070000000058e-01
1.702688192901882648e+09 1.756831999999999838e-02 6.957499999999999709e-05 3.068752590000000113e-01 -3.054709499999999980e-02 -5.760614870000000387e-01 4.728971999999999690e-03 8.168216940000000426e-01
1.702688193188095808e+09 1.747465100000000077e-02 7.643700000000000017e-05 3.068985040000000164e-01 -3.097553700000000090e-02 -5.862988829999999929e-01 2.980756000000000204e-03 8.094969389999999709e-01
1.702688193482086897e+09 1.738615300000000141e-02 7.904999999999999701e-05 3.069272940000000172e-01 -3.057786300000000027e-02 -5.869203210000000226e-01 2.981478000000000080e-03 8.090615869999999710e-01
1.702688193811842442e+09 1.728969799999999918e-02 8.002900000000000237e-05 3.069736060000000100e-01 -2.977134700000000009e-02 -5.741760729999999535e-01 4.778967999999999758e-03 8.181765079999999690e-01
1.702688194108810425e+09 1.719948599999999994e-02 8.593399999999999411e-05 3.070053159999999726e-01 -2.932701399999999847e-02 -5.638761519999999638e-01 4.144576999999999983e-03 8.253280520000000342e-01
1.702688194397277594e+09 1.711299999999999974e-02 9.036500000000000641e-05 3.070425689999999874e-01 -2.913755000000000164e-02 -5.636373759999999677e-01 3.438716999999999989e-03 8.255011439999999645e-01
1.702688194727857113e+09 1.701131499999999908e-02 9.809199999999999528e-05 3.070834880000000155e-01 -2.926145499999999872e-02 -5.601124760000000258e-01 3.721125000000000040e-03 8.278912899999999464e-01
1.702688195104681492e+09 1.690077800000000172e-02 1.050130000000000058e-04 3.071275949999999755e-01 -2.856148799999999946e-02 -5.609003310000000297e-01 4.354964000000000231e-03 8.273791069999999470e-01
1.702688195436059237e+09 1.680099999999999996e-02 1.067560000000000058e-04 3.071702720000000220e-01 -2.764876000000000139e-02 -5.530346630000000374e-01 4.850003999999999774e-03 8.326852319999999974e-01
1.702688195769635916e+09 1.670016300000000051e-02 1.097169999999999932e-04 3.072092240000000030e-01 -2.787791599999999911e-02 -5.475072260000000135e-01 3.084058000000000199e-03 8.363308310000000523e-01
1.702688196102466345e+09 1.660990700000000014e-02 1.077529999999999965e-04 3.072606920000000019e-01 -2.872186300000000025e-02 -5.435517429999999761e-01 1.277272000000000086e-03 8.388831620000000155e-01
1.702688196436167717e+09 1.650828099999999965e-02 1.165130000000000007e-04 3.073005080000000278e-01 -2.812359099999999987e-02 -5.310377480000000316e-01 2.064888999999999874e-03 8.468788269999999452e-01
1.702688196769356012e+09 1.641561100000000009e-02 1.192989999999999974e-04 3.073551059999999890e-01 -2.740270300000000048e-02 -5.199717879999999903e-01 2.066872999999999887e-03 8.537412880000000426e-01
1.702688197104158878e+09 1.632157000000000052e-02 1.271099999999999943e-04 3.074080049999999842e-01 -2.880714800000000117e-02 -5.061994189999999838e-01 4.012619999999999945e-04 8.619351389999999613e-01
1.702688197437030554e+09 1.623272900000000130e-02 1.321340000000000058e-04 3.074658510000000122e-01 -2.938501400000000097e-02 -4.942141179999999800e-01 -2.987910000000000197e-04 8.688433770000000278e-01
1.702688197852490187e+09 1.612473999999999852e-02 1.333980000000000127e-04 3.075484039999999974e-01 -2.923735599999999907e-02 -4.761087299999999800e-01 -1.194924999999999893e-03 8.788994549999999961e-01
1.702688198201086521e+09 1.604154699999999975e-02 1.418179999999999896e-04 3.076118230000000064e-01 -2.927494200000000171e-02 -4.610469340000000193e-01 -2.952130000000000075e-04 8.868927359999999593e-01
1.702688198517964125e+09 1.595324999999999868e-02 1.488879999999999880e-04 3.076782519999999854e-01 -2.987630100000000094e-02 -4.453870650000000264e-01 -2.404304999999999810e-03 8.948363070000000530e-01
1.702688198809097290e+09 1.588204500000000088e-02 1.488650000000000053e-04 3.077367540000000012e-01 -2.873546100000000034e-02 -4.324709179999999820e-01 -2.181423999999999950e-03 9.011872410000000277e-01
1.702688199102700233e+09 1.581026599999999990e-02 1.520609999999999930e-04 3.077452780000000110e-01 -2.906707299999999883e-02 -4.221269489999999736e-01 -7.055129999999999518e-04 9.060703519999999678e-01
1.702688199353220463e+09 1.576363299999999912e-02 1.568829999999999953e-04 3.078196049999999961e-01 -2.905989100000000089e-02 -4.192995429999999968e-01 -6.652929999999999608e-04 9.073824879999999871e-01
1.702688199517095566e+09 1.573163299999999834e-02 1.571429999999999962e-04 3.078673180000000009e-01 -2.922919400000000001e-02 -4.189367889999999761e-01 -2.488489999999999886e-04 9.075447920000000446e-01
1.702688199726180553e+09 1.568680999999999895e-02 1.660400000000000027e-04 3.079281750000000262e-01 -2.871299000000000073e-02 -4.172930719999999871e-01 -5.095120000000000508e-04 9.083181620000000400e-01
1.702688199933295965e+09 1.563624300000000106e-02 1.680800000000000035e-04 3.079734149999999726e-01 -2.798950299999999891e-02 -4.166618289999999836e-01 -3.391080000000000201e-04 9.086305500000000368e-01
1.702688200183932304e+09 1.557971499999999919e-02 1.669069999999999929e-04 3.080030979999999752e-01 -2.864286699999999894e-02 -4.166426959999999791e-01 -9.433510000000000419e-04 9.086185100000000459e-01
1.702688200353221655e+09 1.553371500000000002e-02 1.692650000000000133e-04 3.080250319999999764e-01 -2.876381899999999950e-02 -4.158965350000000116e-01 -1.041819000000000035e-03 9.089563489999999968e-01
1.702688200557782173e+09 1.547794000000000079e-02 1.749660000000000050e-04 3.080595139999999788e-01 -2.880549400000000093e-02 -4.160840210000000261e-01 -9.660190000000000356e-04 9.088692670000000362e-01
1.702688200765596151e+09 1.542270199999999994e-02 1.659710000000000005e-04 3.080726560000000003e-01 -2.945915199999999887e-02 -4.175275860000000061e-01 -9.181709999999999611e-04 9.081861380000000317e-01
1.702688200972126484e+09 1.537220199999999974e-02 1.674970000000000126e-04 3.081025780000000158e-01 -2.942291500000000087e-02 -4.166078269999999861e-01 -1.553401999999999951e-03 9.086087349999999452e-01
1.702688201139844418e+09 1.532979299999999954e-02 1.707310000000000023e-04 3.081448079999999923e-01 -3.026781400000000052e-02 -4.311582150000000113e-01 -1.059789999999999907e-03 9.017679690000000026e-01
1.702688201349103689e+09 1.528224299999999918e-02 1.718669999999999996e-04 3.081778290000000142e-01 -3.135161799999999777e-02 -4.371009770000000016e-01 -1.385483000000000070e-03 8.988648059999999607e-01
1.702688201561335087e+09 1.522642400000000056e-02 1.817029999999999915e-04 3.082181809999999800e-01 -3.080373999999999959e-02 -4.394745529999999900e-01 -2.033580000000000110e-03 8.977243900000000387e-01
1.702688201812285900e+09 1.516439800000000081e-02 1.846580000000000064e-04 3.082638679999999964e-01 -3.141061600000000231e-02 -4.367000759999999926e-01 -3.029542999999999993e-03 8.990535139999999981e-01
1.702688202304698467e+09 1.502953500000000012e-02 1.978679999999999968e-04 3.083505930000000061e-01 -3.160364899999999755e-02 -4.436999859999999907e-01 -3.086716000000000199e-03 8.956126570000000342e-01
1.702688202564944267e+09 1.496945300000000062e-02 1.826209999999999986e-04 3.083892460000000058e-01 -3.347464299999999837e-02 -4.450499709999999887e-01 -3.793208000000000170e-03 8.948718310000000065e-01
1.702688202808984041e+09 1.491350699999999946e-02 1.998050000000000021e-04 3.084506690000000106e-01 -3.151386999999999938e-02 -4.441329840000000084e-01 -3.351087999999999897e-03 8.954002260000000213e-01
1.702688203055158377e+09 1.483935899999999988e-02 2.008970000000000113e-04 3.084852399999999939e-01 -3.188638800000000162e-02 -4.347524640000000051e-01 -4.870511999999999585e-03 8.999721410000000033e-01
1.702688203307215929e+09 1.478109499999999930e-02 2.005010000000000104e-04 3.085313140000000010e-01 -3.189524600000000210e-02 -4.298999909999999813e-01 -5.038116999999999943e-03 9.022989270000000284e-01
1.702688203554644823e+09 1.472259300000000083e-02 2.064249999999999896e-04 3.085846600000000106e-01 -3.113359400000000055e-02 -4.161052109999999749e-01 -3.845611000000000081e-03 9.087752700000000239e-01
1.702688203765537977e+09 1.468304500000000047e-02 1.992390000000000079e-04 3.086164590000000096e-01 -3.077024999999999899e-02 -3.976226749999999810e-01 -5.243829999999999672e-03 9.170179370000000052e-01
1.702688204010977030e+09 1.462779900000000036e-02 1.966729999999999921e-04 3.086650670000000152e-01 -3.138075399999999682e-02 -3.860892360000000023e-01 -5.793094999999999842e-03 9.219093320000000258e-01
1.702688204221482992e+09 1.458247799999999941e-02 1.973180000000000105e-04 3.087113499999999955e-01 -3.168829499999999827e-02 -3.750390109999999777e-01 -6.283094999999999826e-03 9.264460209999999529e-01
1.702688204718520403e+09 1.449132000000000024e-02 2.110539999999999888e-04 3.088336289999999984e-01 -3.117969300000000138e-02 -3.506295079999999786e-01 -7.734030000000000245e-03 9.359630939999999955e-01
1.702688204968915701e+09 1.444489499999999926e-02 2.192670000000000133e-04 3.088921009999999745e-01 -2.982302900000000090e-02 -3.360538479999999883e-01 -6.912528999999999722e-03 9.413450960000000478e-01
1.702688205230297089e+09 1.439968500000000061e-02 2.202039999999999944e-04 3.089552819999999977e-01 -3.024955799999999931e-02 -3.196524980000000071e-01 -8.337369000000000724e-03 9.470151660000000193e-01
1.702688205512762785e+09 1.435784300000000034e-02 2.196119999999999973e-04 3.090217109999999767e-01 -3.070588000000000137e-02 -3.022504750000000184e-01 -9.107429000000000219e-03 9.526903629999999845e-01
1.702688205760909319e+09 1.431821500000000046e-02 2.265179999999999885e-04 3.090811070000000216e-01 -3.118285900000000027e-02 -2.828395659999999867e-01 -9.793919999999999362e-03 9.586102370000000317e-01
1.702688206053707123e+09 1.428466999999999931e-02 2.238209999999999972e-04 3.091593979999999742e-01 -3.164753700000000336e-02 -2.548180520000000171e-01 -1.220861799999999921e-02 9.663938880000000342e-01
1.702688206347591877e+09 1.424386199999999950e-02 2.231079999999999923e-04 3.092313709999999771e-01 -3.050620500000000151e-02 -2.259988779999999864e-01 -1.298738500000000060e-02 9.735631940000000206e-01
1.702688206635316849e+09 1.422503900000000009e-02 2.333609999999999905e-04 3.093164860000000016e-01 -3.015344799999999936e-02 -1.997868270000000002e-01 -1.292675599999999932e-02 9.792900089999999613e-01
1.702688206929320335e+09 1.419377500000000049e-02 2.404170000000000124e-04 3.094045519999999994e-01 -3.049496000000000151e-02 -1.706622839999999974e-01 -1.460653200000000020e-02 9.847492580000000162e-01
1.702688207217567205e+09 1.418450199999999987e-02 2.301559999999999967e-04 3.094698189999999793e-01 -3.036384500000000042e-02 -1.428263339999999992e-01 -1.851553099999999827e-02 9.891086220000000484e-01
1.702688207524470568e+09 1.415256399999999942e-02 2.307400000000000033e-04 3.095291259999999878e-01 -3.167064099999999938e-02 -1.173041979999999984e-01 -1.861663300000000049e-02 9.924163219999999619e-01
1.702688207842466831e+09 1.415735499999999994e-02 2.394340000000000118e-04 3.096314669999999936e-01 -3.085864300000000157e-02 -9.011533100000000684e-02 -1.963558400000000106e-02 9.952594639999999826e-01
1.702688208093335867e+09 1.414239599999999979e-02 2.407739999999999956e-04 3.097050789999999942e-01 -3.154334799999999883e-02 -7.373633999999999744e-02 -1.884789400000000045e-02 9.966005679999999645e-01
1.702688208344605207e+09 1.414084900000000047e-02 2.530020000000000012e-04 3.097767830000000000e-01 -2.820526199999999831e-02 -6.091571199999999686e-02 -2.006841300000000022e-02 9.975424999999999986e-01
1.702688208554110289e+09 1.413174199999999922e-02 2.583749999999999784e-04 3.098428850000000123e-01 -2.807335399999999828e-02 -5.462477699999999936e-02 -1.999420699999999995e-02 9.979119899999999710e-01
1.702688208805665493e+09 1.413784499999999958e-02 2.564800000000000109e-04 3.098955749999999787e-01 -3.024879299999999951e-02 -5.313522700000000015e-02 -1.772372399999999973e-02 9.979717139999999542e-01
1.702688209216115236e+09 1.413131200000000004e-02 2.697800000000000089e-04 3.100213709999999900e-01 -3.289781900000000175e-02 -6.065560100000000343e-02 -1.300987699999999955e-02 9.975316520000000464e-01
1.702688209382207632e+09 1.412227500000000011e-02 2.711650000000000236e-04 3.100776080000000046e-01 -3.580195099999999853e-02 -6.315972699999999884e-02 -1.185425099999999968e-02 9.972906110000000490e-01
1.702688209552491188e+09 1.412717599999999997e-02 2.726529999999999796e-04 3.101087510000000158e-01 -3.658629199999999942e-02 -6.321915999999999647e-02 -1.218197099999999977e-02 9.972544309999999967e-01
1.702688210008157015e+09 1.408575899999999978e-02 2.824810000000000081e-04 3.102406260000000193e-01 -3.476712099999999805e-02 -7.641080000000000094e-02 -2.441893700000000167e-02 9.961708780000000374e-01
1.702688210215263605e+09 1.406671100000000084e-02 2.829400000000000252e-04 3.102938530000000084e-01 -3.505655800000000155e-02 -9.150712199999999630e-02 -2.724141399999999852e-02 9.948142770000000246e-01
1.702688210465261459e+09 1.405284400000000010e-02 2.866379999999999753e-04 3.103576900000000194e-01 -2.916937299999999844e-02 -1.120629310000000045e-01 -2.479863200000000101e-02 9.929633140000000413e-01
1.702688210716919899e+09 1.403674400000000030e-02 2.885160000000000003e-04 3.104172949999999820e-01 -2.040419699999999892e-02 -1.280816499999999913e-01 -2.109623500000000137e-02 9.913292529999999658e-01
1.702688211213455200e+09 1.402469299999999953e-02 2.883060000000000006e-04 3.105317349999999754e-01 -2.167851299999999995e-02 -9.779508400000000434e-02 -2.263884999999999856e-02 9.947128889999999890e-01
1.702688211463964939e+09 1.401704600000000002e-02 2.883229999999999973e-04 3.105948270000000178e-01 -2.324153099999999930e-02 -8.506653499999999868e-02 -2.412373599999999979e-02 9.958120580000000555e-01
1.702688211796597958e+09 1.400943800000000079e-02 2.949450000000000162e-04 3.106937710000000075e-01 -2.278862499999999985e-02 -6.525548500000000196e-02 -2.551209600000000147e-02 9.972820879999999555e-01
1.702688212052156448e+09 1.399840699999999917e-02 2.940849999999999736e-04 3.107659220000000277e-01 -2.241869299999999995e-02 -5.191502299999999764e-02 -2.563143299999999861e-02 9.980708360000000168e-01
1.702688212629299164e+09 1.400579199999999955e-02 3.036320000000000230e-04 3.109194639999999787e-01 -2.447374399999999867e-02 -2.293581000000000092e-02 -2.366337400000000091e-02 9.991571900000000284e-01
1.702688212963274240e+09 1.400187100000000080e-02 3.075050000000000179e-04 3.110137880000000132e-01 -2.766545999999999936e-02 -4.215777000000000413e-03 -2.650948599999999877e-02 9.992567900000000058e-01
1.702688213257724524e+09 1.400892400000000072e-02 3.144609999999999832e-04 3.110969659999999748e-01 -2.946672399999999969e-02 1.037078699999999937e-02 -2.713192400000000171e-02 9.991436599999999890e-01
1.702688213508032560e+09 1.401377900000000051e-02 3.188469999999999781e-04 3.111661079999999968e-01 -2.938716499999999981e-02 2.354383700000000149e-02 -2.643447399999999947e-02 9.989410640000000452e-01
1.702688214128657818e+09 1.402700699999999932e-02 3.225729999999999895e-04 3.113439980000000107e-01 -2.990367400000000161e-02 6.007084299999999877e-02 -2.916985000000000064e-02 9.973195790000000116e-01
1.702688214424846411e+09 1.404213900000000036e-02 3.230659999999999999e-04 3.114173709999999984e-01 -2.989246500000000001e-02 7.315847300000000164e-02 -2.976846299999999848e-02 9.964277150000000471e-01
1.702688214678100109e+09 1.405814499999999932e-02 3.318910000000000111e-04 3.114837710000000204e-01 -2.764044300000000065e-02 8.557636300000000251e-02 -2.969976499999999950e-02 9.955052140000000271e-01
1.702688215254939556e+09 1.409471099999999935e-02 3.415960000000000003e-04 3.116413060000000068e-01 -2.584176300000000023e-02 1.110574010000000000e-01 -2.958444699999999983e-02 9.930374029999999852e-01
1.702688216167394876e+09 1.413360699999999942e-02 3.521819999999999833e-04 3.118963539999999868e-01 -2.588864999999999916e-02 8.219049900000000020e-02 -2.977283500000000097e-02 9.958353639999999452e-01
1.702688216458909988e+09 1.414338600000000085e-02 3.598559999999999780e-04 3.119765820000000023e-01 -2.695632900000000109e-02 6.818327300000000257e-02 -2.786137500000000072e-02 9.969193339999999903e-01
1.702688216753650188e+09 1.415040499999999958e-02 3.608889999999999798e-04 3.120541569999999987e-01 -2.590279800000000118e-02 5.740810200000000252e-02 -2.785426400000000011e-02 9.976259469999999574e-01
1.702688217044773579e+09 1.415919199999999926e-02 3.672929999999999815e-04 3.121341759999999854e-01 -2.577282499999999921e-02 5.097453300000000243e-02 -2.707432400000000031e-02 9.980002049999999736e-01
1.702688217333448172e+09 1.416616599999999913e-02 3.705080000000000244e-04 3.122131819999999780e-01 -2.765219699999999989e-02 5.231073499999999710e-02 -2.773402800000000085e-02 9.978626369999999968e-01
1.702688217627594709e+09 1.418160199999999975e-02 3.735650000000000190e-04 3.122926650000000248e-01 -2.813112400000000041e-02 5.880578200000000089e-02 -2.827157799999999860e-02 9.974724050000000064e-01
1.702688217915682554e+09 1.418794399999999921e-02 3.766950000000000246e-04 3.123711940000000187e-01 -2.733936199999999900e-02 6.802968700000000535e-02 -2.819506299999999938e-02 9.969100360000000549e-01
1.702688218505681515e+09 1.420901400000000071e-02 3.832509999999999801e-04 3.125299509999999725e-01 -2.745188800000000068e-02 6.786522300000000230e-02 -2.792943599999999846e-02 9.969255919999999715e-01
1.702688218832949400e+09 1.422611000000000014e-02 3.918799999999999953e-04 3.126220699999999741e-01 -2.759624800000000031e-02 7.088345299999999904e-02 -2.905526900000000162e-02 9.966793659999999555e-01
1.702688219126700401e+09 1.423643999999999951e-02 3.963239999999999819e-04 3.127001819999999932e-01 -2.769317300000000148e-02 7.304668400000000061e-02 -2.986849499999999838e-02 9.964964389999999561e-01
1.702688219414684772e+09 1.424510799999999938e-02 4.005030000000000243e-04 3.127814230000000029e-01 -2.714879799999999829e-02 7.508834500000000078e-02 -2.911006500000000094e-02 9.963821170000000116e-01
1.702688219751873255e+09 1.426056199999999920e-02 4.028009999999999946e-04 3.128693100000000116e-01 -2.621547299999999955e-02 8.447042100000000386e-02 -2.907029699999999842e-02 9.956567880000000148e-01
1.702688220081994772e+09 1.428341099999999933e-02 4.095780000000000145e-04 3.129633669999999923e-01 -2.624620500000000162e-02 9.121192200000000083e-02 -2.873972799999999911e-02 9.950706360000000084e-01
1.702688220413036108e+09 1.429866400000000086e-02 4.144679999999999762e-04 3.130542640000000265e-01 -2.664385000000000017e-02 9.589689999999999326e-02 -2.883469500000000046e-02 9.946167470000000232e-01
1.702688220750591516e+09 1.432165300000000016e-02 4.156690000000000211e-04 3.131446239999999825e-01 -2.687283600000000064e-02 1.021737830000000041e-01 -2.872968099999999997e-02 9.939884540000000213e-01
1.702688221461582422e+09 1.437053599999999973e-02 4.260959999999999943e-04 3.133331240000000184e-01 -2.507940100000000117e-02 1.324768510000000066e-01 -2.900205399999999933e-02 9.904442430000000019e-01
1.702688221747570276e+09 1.439203000000000010e-02 4.273459999999999976e-04 3.134071230000000097e-01 -2.420931899999999998e-02 1.396373210000000087e-01 -2.926218699999999853e-02 9.894741179999999581e-01
1.702688222081618071e+09 1.442623900000000042e-02 4.318279999999999862e-04 3.134952189999999916e-01 -2.393184400000000073e-02 1.530003550000000045e-01 -3.028968500000000022e-02 9.874718789999999968e-01
1.702688222412844181e+09 1.445317599999999987e-02 4.352760000000000114e-04 3.135820930000000062e-01 -2.348017900000000033e-02 1.600380690000000050e-01 -3.053509800000000010e-02 9.863589999999999858e-01
1.702688222749086380e+09 1.448490900000000067e-02 4.385470000000000145e-04 3.136662239999999935e-01 -2.174237600000000076e-02 1.601023819999999875e-01 -3.018672199999999917e-02 9.863991140000000213e-01
1.702688223123359203e+09 1.451712900000000014e-02 4.425289999999999909e-04 3.137651379999999990e-01 -2.217094600000000040e-02 1.557044089999999881e-01 -3.067547099999999929e-02 9.870783090000000426e-01
1.702688223499274969e+09 1.454525400000000052e-02 4.469990000000000074e-04 3.138640520000000045e-01 -2.341368200000000163e-02 1.459228399999999981e-01 -2.975387100000000118e-02 9.885712269999999968e-01
1.702688223872582912e+09 1.457471200000000008e-02 4.504639999999999751e-04 3.139642180000000171e-01 -2.294936399999999987e-02 1.347538530000000068e-01 -2.961638200000000012e-02 9.901704789999999923e-01
1.702688224286411285e+09 1.459794499999999932e-02 4.531879999999999849e-04 3.140566049999999887e-01 -2.337310600000000113e-02 1.209639760000000008e-01 -2.892975100000000008e-02 9.919599289999999625e-01
1.702688224660736084e+09 1.460518700000000038e-02 4.551900000000000108e-04 3.141277129999999751e-01 -2.495193299999999906e-02 1.168306399999999995e-01 -2.861848300000000012e-02 9.924258590000000213e-01
1.702688225118273020e+09 1.464301900000000017e-02 4.611199999999999761e-04 3.142448070000000149e-01 -2.459748100000000090e-02 1.366465990000000075e-01 -2.935950999999999839e-02 9.898791310000000232e-01
1.702688225535191774e+09 1.467816000000000086e-02 4.654789999999999796e-04 3.143520949999999980e-01 -2.430499699999999833e-02 1.464756429999999887e-01 -2.973376000000000144e-02 9.884685279999999574e-01
1.702688225952118635e+09 1.471826199999999932e-02 4.692610000000000054e-04 3.144595620000000258e-01 -2.473078500000000166e-02 1.593111899999999914e-01 -2.980970000000000147e-02 9.864683149999999845e-01
1.702688226368670225e+09 1.475741199999999927e-02 4.747460000000000113e-04 3.145612179999999758e-01 -2.483332300000000090e-02 1.709596959999999943e-01 -3.085616999999999874e-02 9.844816330000000226e-01
1.702688226829157352e+09 1.480459500000000025e-02 4.775040000000000144e-04 3.146735430000000000e-01 -2.362692500000000001e-02 1.876146939999999985e-01 -3.001069099999999906e-02 9.814997909999999548e-01
1.702688227241759777e+09 1.484771600000000039e-02 4.812120000000000134e-04 3.147763310000000203e-01 -2.325418400000000066e-02 1.912287179999999920e-01 -3.054808100000000123e-02 9.807944299999999949e-01
1.702688227661375046e+09 1.489662400000000067e-02 4.856589999999999930e-04 3.148833220000000210e-01 -2.253451000000000065e-02 2.014577979999999935e-01 -3.093566600000000055e-02 9.787491560000000090e-01
1.702688228075241804e+09 1.493700799999999988e-02 4.892079999999999823e-04 3.149873910000000055e-01 -2.228083599999999831e-02 1.885532139999999968e-01 -3.031846100000000141e-02 9.813419580000000142e-01
1.702688228493070126e+09 1.498488800000000003e-02 4.902360000000000138e-04 3.150884509999999916e-01 -2.243851900000000052e-02 2.066125269999999903e-01 -3.121996999999999967e-02 9.776671529999999555e-01
1.702688228907167673e+09 1.503576700000000023e-02 4.904720000000000434e-04 3.151879610000000165e-01 -2.048852500000000049e-02 2.295784949999999935e-01 -3.166779499999999858e-02 9.725590349999999606e-01
1.702688229238532305e+09 1.508553399999999940e-02 4.932750000000000502e-04 3.152588900000000138e-01 -1.982813099999999884e-02 2.414484919999999868e-01 -3.278345199999999765e-02 9.696570629999999857e-01
1.702688229614859104e+09 1.513815100000000073e-02 4.946249999999999475e-04 3.153460619999999826e-01 -1.882915599999999967e-02 2.543356119999999887e-01 -3.173932100000000089e-02 9.664116499999999554e-01
1.702688230031160355e+09 1.519298000000000003e-02 4.938759999999999721e-04 3.154468539999999988e-01 -1.826865999999999907e-02 2.623760700000000168e-01 -3.120780700000000060e-02 9.642878769999999600e-01
1.702688230405149937e+09 1.524632300000000086e-02 4.937369999999999520e-04 3.155352180000000062e-01 -1.851183899999999868e-02 2.754140789999999783e-01 -3.109491099999999938e-02 9.606443049999999761e-01
1.702688230824258804e+09 1.530350500000000023e-02 4.957969999999999695e-04 3.156320149999999880e-01 -2.054413799999999998e-02 2.691144650000000249e-01 -3.188781799999999833e-02 9.623609189999999813e-01
1.702688231199275970e+09 1.535044699999999970e-02 4.966869999999999966e-04 3.157258629999999955e-01 -2.165338400000000121e-02 2.502982619999999936e-01 -3.170783099999999882e-02 9.674071069999999883e-01
1.702688231614550829e+09 1.539467100000000040e-02 5.044420000000000197e-04 3.158290089999999939e-01 -2.184871600000000066e-02 2.285394070000000000e-01 -3.096699500000000063e-02 9.727967379999999942e-01
1.702688231986952305e+09 1.543872100000000074e-02 5.070250000000000321e-04 3.159231539999999838e-01 -2.383492099999999850e-02 2.086356580000000016e-01 -2.965520300000000151e-02 9.772530790000000245e-01
1.702688232363601923e+09 1.547083399999999928e-02 5.110429999999999790e-04 3.160182240000000142e-01 -2.486974399999999918e-02 1.881261620000000134e-01 -2.981702599999999995e-02 9.813770649999999929e-01
1.702688232778873444e+09 1.550502900000000003e-02 5.164949999999999533e-04 3.161256610000000022e-01 -2.492823099999999861e-02 1.671471890000000016e-01 -2.772707699999999928e-02 9.852266910000000433e-01
1.702688233194522858e+09 1.553180300000000028e-02 5.212899999999999912e-04 3.162344690000000180e-01 -2.554638700000000026e-02 1.499363180000000129e-01 -2.784063100000000110e-02 9.879733920000000058e-01
1.702688233570001841e+09 1.556148499999999990e-02 5.266609999999999911e-04 3.163334429999999919e-01 -2.515993099999999996e-02 1.323661359999999954e-01 -2.642532800000000140e-02 9.905291200000000407e-01
1.702688233985103130e+09 1.558270900000000014e-02 5.325679999999999737e-04 3.164438609999999930e-01 -2.604461599999999960e-02 1.139355600000000052e-01 -2.626199300000000084e-02 9.927994610000000497e-01
1.702688234448661566e+09 1.560444799999999993e-02 5.382330000000000491e-04 3.165702819999999806e-01 -2.783974800000000097e-02 1.015804190000000051e-01 -2.603034099999999851e-02 9.940969939999999561e-01
1.702688234859760523e+09 1.562537599999999985e-02 5.426740000000000426e-04 3.166778679999999735e-01 -2.806785100000000130e-02 9.463085200000000141e-02 -2.589859400000000048e-02 9.947796460000000174e-01
1.702688235276866913e+09 1.564393199999999928e-02 5.456509999999999702e-04 3.167874219999999852e-01 -2.867551700000000106e-02 9.086923299999999371e-02 -2.708751699999999846e-02 9.950813059999999988e-01
1.702688235698872328e+09 1.565548799999999866e-02 5.524529999999999502e-04 3.168981370000000242e-01 -2.934377499999999903e-02 7.596258100000000124e-02 -2.582239000000000062e-02 9.963442679999999774e-01
1.702688236152121305e+09 1.567435999999999829e-02 5.561669999999999895e-04 3.170202670000000222e-01 -2.885727600000000115e-02 6.789048000000000305e-02 -2.606286099999999967e-02 9.969347720000000246e-01
1.702688236692832947e+09 1.569633700000000118e-02 5.610460000000000490e-04 3.171618279999999790e-01 -2.891746200000000142e-02 7.698768400000000067e-02 -2.543638599999999833e-02 9.962880020000000059e-01
1.702688237235167742e+09 1.572532199999999991e-02 5.679980000000000055e-04 3.173004389999999897e-01 -2.972183399999999906e-02 9.209566600000000658e-02 -2.785649200000000006e-02 9.949165580000000064e-01
1.702688237651001930e+09 1.575250599999999945e-02 5.716820000000000061e-04 3.174127039999999900e-01 -3.157463700000000262e-02 1.072079320000000058e-01 -2.788457999999999909e-02 9.933438300000000387e-01
1.702688238108538628e+09 1.577832900000000066e-02 5.755849999999999855e-04 3.175317650000000214e-01 -3.014118000000000006e-02 1.290303770000000017e-01 -2.804332199999999900e-02 9.907857180000000374e-01
1.702688238567563534e+09 1.581162599999999877e-02 5.846329999999999843e-04 3.176490960000000197e-01 -2.837771000000000043e-02 1.305957289999999937e-01 -2.825910599999999911e-02 9.906265739999999820e-01
1.702688239105998039e+09 1.583492900000000106e-02 5.858569999999999577e-04 3.177962899999999813e-01 -3.026873100000000011e-02 1.340397299999999958e-01 -2.878918299999999944e-02 9.900951390000000130e-01
1.702688239605092049e+09 1.588287899999999905e-02 5.949520000000000459e-04 3.179199400000000120e-01 -2.844736399999999929e-02 1.370585860000000100e-01 -2.783721700000000090e-02 9.897630210000000206e-01
1.702688240149369001e+09 1.590806200000000059e-02 6.039059999999999741e-04 3.180652259999999787e-01 -2.824946700000000033e-02 1.351325509999999896e-01 -2.765537599999999888e-02 9.900385739999999490e-01
1.702688240775227785e+09 1.595616000000000048e-02 6.085920000000000305e-04 3.182259199999999955e-01 -2.837152199999999971e-02 1.386667040000000017e-01 -2.701922299999999846e-02 9.895638230000000091e-01
1.702688241104655981e+09 1.598076699999999989e-02 6.109629999999999575e-04 3.183106479999999738e-01 -2.852521800000000149e-02 1.382261220000000068e-01 -2.767804800000000023e-02 9.896028639999999710e-01
1.702688241561665297e+09 1.599741199999999905e-02 6.188199999999999604e-04 3.184314369999999839e-01 -2.805293700000000001e-02 1.387475579999999931e-01 -2.806995099999999924e-02 9.895323510000000322e-01
1.702688241897000074e+09 1.603330899999999906e-02 6.190590000000000372e-04 3.185088629999999754e-01 -2.771122599999999853e-02 1.416818200000000139e-01 -2.749444900000000067e-02 9.891422989999999471e-01
1.702688242229049921e+09 1.605008700000000108e-02 6.228720000000000090e-04 3.185926379999999836e-01 -2.739129200000000111e-02 1.430360529999999963e-01 -2.776825399999999916e-02 9.889486429999999606e-01
1.702688242810931683e+09 1.608990700000000051e-02 6.314639999999999836e-04 3.187421859999999829e-01 -3.274751800000000324e-02 1.493295279999999892e-01 -2.919827200000000081e-02 9.878136520000000420e-01
1.702688243561703205e+09 1.616359499999999935e-02 6.404829999999999595e-04 3.189071419999999768e-01 -3.157361599999999879e-02 1.385815290000000088e-01 -2.777286600000000022e-02 9.894579049999999709e-01
1.702688244022066116e+09 1.617518600000000112e-02 6.476439999999999541e-04 3.190279899999999835e-01 -3.036764299999999972e-02 1.340373900000000063e-01 -2.742638400000000157e-02 9.901310800000000523e-01
1.702688244477405787e+09 1.621240200000000076e-02 6.548170000000000292e-04 3.191355759999999764e-01 -2.903543600000000127e-02 1.166202719999999970e-01 -2.726290400000000100e-02 9.923776389999999781e-01
1.702688244976760149e+09 1.623724000000000001e-02 6.587610000000000037e-04 3.192580640000000081e-01 -3.006637300000000040e-02 1.127638890000000060e-01 -2.642480999999999997e-02 9.928152559999999793e-01
1.702688245516830683e+09 1.625869099999999873e-02 6.667069999999999984e-04 3.193853199999999726e-01 -2.739750200000000066e-02 1.094418469999999949e-01 -2.599950100000000125e-02 9.932753439999999490e-01
1.702688245974857330e+09 1.627333300000000094e-02 6.687909999999999602e-04 3.194456700000000149e-01 -2.976452200000000159e-02 1.119861159999999967e-01 -2.611017599999999883e-02 9.929206969999999632e-01
