1.702688123750164747e+09 0.000000000000000000e+00 0.000000000000000000e+00 0.000000000000000000e+00 -0.000000000000000000e+00 -0.000000000000000000e+00 -0.000000000000000000e+00 1.000000000000000000e+00
1.702688124081733227e+09 5.720999999999999943e-06 7.456000000000000272e-06 1.617529999999999944e-04 -1.993770000000000123e-04 3.581980000000000016e-04 -1.022680000000000041e-04 9.999999400000000316e-01
1.702688124373106241e+09 -9.960000000000000777e-07 6.245000000000000347e-06 2.994310000000000136e-04 1.504760000000000006e-04 1.628350000000000088e-04 -4.608659999999999883e-04 9.999998810000000349e-01
1.702688124626137257e+09 -1.540300000000000143e-05 7.403999999999999754e-06 4.112550000000000190e-04 5.208870000000000427e-04 -1.895517999999999899e-03 -6.224880000000000344e-04 9.999979140000000433e-01
1.702688124706651211e+09 -2.234500000000000036e-05 9.867000000000000567e-06 4.489049999999999855e-04 2.677439999999999898e-04 -2.176987999999999927e-03 -2.228959999999999882e-04 9.999975559999999541e-01
1.702688125370526314e+09 -2.275900000000000012e-05 6.316000000000000176e-06 7.620720000000000315e-04 -7.612279999999999698e-04 -3.178634000000000060e-03 1.484236000000000106e-03 9.999935629999999742e-01
1.702688125457316160e+09 -2.487099999999999955e-05 8.753999999999999534e-06 7.990859999999999587e-04 -4.923980000000000110e-04 -2.905104999999999840e-03 1.057304999999999920e-03 9.999951120000000193e-01
1.702688126038130522e+09 -2.275500000000000152e-05 7.609999999999999984e-06 1.072028000000000043e-03 -9.746680000000000404e-04 -2.495840000000000038e-03 1.281550999999999914e-03 9.999955889999999625e-01
1.702688126204810381e+09 -2.922000000000000145e-05 4.840999999999999898e-06 1.152646999999999916e-03 -9.527659999999999645e-04 -3.922125999999999738e-03 1.454203999999999957e-03 9.999908210000000297e-01
1.702688126289400339e+09 -3.274900000000000104e-05 -1.433999999999999950e-06 1.185482000000000072e-03 -1.394141999999999907e-03 -2.875756000000000145e-03 1.099698999999999989e-03 9.999942779999999587e-01
1.702688126461143494e+09 -2.722300000000000007e-05 2.804999999999999825e-06 1.269163000000000019e-03 -1.307014999999999913e-03 -3.626980000000000134e-03 1.899026999999999963e-03 9.999907609999999503e-01
1.702688126539796829e+09 -2.500199999999999881e-05 5.086000000000000094e-06 1.307891999999999952e-03 -1.153975000000000009e-03 -3.463879000000000003e-03 1.823921999999999956e-03 9.999917149999999477e-01
1.702688126703040838e+09 -1.330900000000000082e-05 -6.800000000000000010e-08 1.379363999999999894e-03 -7.266100000000000109e-05 -2.246231999999999916e-03 2.730503999999999917e-03 9.999937420000000188e-01
1.702688126789506912e+09 -1.965699999999999831e-05 -6.241000000000000047e-06 1.418596000000000050e-03 -3.039680000000000008e-04 -2.233805000000000165e-03 2.468946999999999982e-03 9.999943970000000348e-01
1.702688126871085882e+09 -1.853999999999999867e-05 -3.705000000000000102e-06 1.456723000000000046e-03 8.080410000000000110e-04 -2.825242999999999852e-03 2.656545000000000174e-03 9.999921920000000020e-01
1.702688127203821421e+09 -2.091000000000000139e-05 -7.249000000000000391e-06 1.612628999999999972e-03 7.272309999999999495e-04 -2.973749999999999831e-03 1.855778999999999892e-03 9.999936219999999709e-01
1.702688127289536476e+09 -2.778000000000000169e-05 -5.830999999999999737e-06 1.646020999999999899e-03 1.178589000000000069e-03 -3.385299999999999941e-03 2.490401000000000160e-03 9.999905230000000200e-01
1.702688127541034222e+09 -3.244100000000000331e-05 -4.464999999999999602e-06 1.762881999999999904e-03 1.801283000000000094e-03 -1.053547600000000022e-02 1.822234999999999957e-03 9.999412300000000142e-01
1.702688127667459726e+09 -4.522800000000000133e-05 -3.801000000000000115e-06 1.820758999999999919e-03 2.217733999999999851e-03 -1.379934000000000022e-02 1.644595999999999905e-03 9.999009970000000136e-01
1.702688128329286575e+09 -5.364399999999999665e-05 -7.984000000000000130e-06 2.129757999999999825e-03 3.318134999999999835e-03 -1.847763399999999973e-02 1.660060000000000095e-04 9.998237490000000394e-01
1.702688128496362686e+09 -5.606000000000000197e-05 -1.799000000000000055e-06 2.198488000000000178e-03 4.313555999999999641e-03 -1.988389299999999971e-02 7.447709999999999747e-04 9.997927549999999774e-01
1.702688128829103947e+09 -7.668899999999999708e-05 4.408999999999999630e-06 2.363061999999999975e-03 3.167114999999999861e-03 -3.069034199999999893e-02 1.035082000000000103e-03 9.995234010000000335e-01
1.702688128994348288e+09 -7.939900000000000332e-05 -7.352000000000000082e-06 2.428097000000000154e-03 3.188280999999999841e-03 -3.314854899999999938e-02 -1.954199999999999958e-04 9.994453789999999671e-01
1.702688129160883665e+09 -8.707099999999999356e-05 -4.403999999999999678e-06 2.508181999999999860e-03 3.936702999999999730e-03 -3.270635799999999788e-02 8.250879999999999716e-04 9.994569420000000148e-01
1.702688129493230581e+09 -8.820100000000000477e-05 -3.460999999999999982e-06 2.665283999999999969e-03 5.240072999999999606e-03 -2.356396399999999974e-02 1.453532000000000001e-03 9.997075800000000401e-01
1.702688129701104403e+09 -9.208499999999999672e-05 -5.047999999999999780e-06 2.762581000000000064e-03 4.415027000000000187e-03 -2.772170300000000032e-02 2.334566000000000158e-03 9.996032120000000187e-01
1.702688129868022680e+09 -9.978699999999999853e-05 -7.876999999999999291e-06 2.838751999999999942e-03 3.415436999999999900e-03 -3.024392799999999978e-02 3.505237999999999930e-03 9.995305540000000155e-01
1.702688130036317587e+09 -9.969299999999999570e-05 -4.619000000000000160e-06 2.918385999999999810e-03 2.305843000000000129e-03 -3.263644500000000004e-02 3.388841999999999983e-03 9.994589090000000065e-01
1.702688130412891626e+09 -1.106519999999999970e-04 -3.890000000000000025e-07 3.089981999999999798e-03 3.187479999999999914e-04 -2.895857199999999840e-02 3.016948000000000199e-03 9.995760320000000032e-01
1.702688130619312525e+09 -1.113139999999999985e-04 1.720000000000000049e-06 3.189032000000000065e-03 1.811499999999999851e-05 -2.569260799999999872e-02 3.054053000000000150e-03 9.996652600000000000e-01
1.702688130783398628e+09 -1.211320000000000051e-04 2.817999999999999955e-06 3.267587000000000182e-03 -1.530082000000000100e-03 -2.457977600000000110e-02 2.895595999999999847e-03 9.996924999999999839e-01
1.702688130996082067e+09 -1.267440000000000049e-04 9.040000000000000480e-07 3.363945000000000130e-03 -1.954602000000000162e-03 -2.173604399999999950e-02 2.563844000000000019e-03 9.997586010000000245e-01
1.702688131159907103e+09 -1.129199999999999963e-04 4.760999999999999817e-06 3.445444000000000197e-03 -1.955000000000000086e-04 -1.854097500000000120e-02 2.493515999999999875e-03 9.998250010000000465e-01
1.702688131328139067e+09 -1.166620000000000021e-04 5.990000000000000036e-07 3.520119999999999846e-03 2.239529999999999885e-04 -1.468197100000000026e-02 2.221845999999999977e-03 9.998897310000000038e-01
1.702688131703373194e+09 -1.268929999999999928e-04 1.701000000000000104e-06 3.696558999999999869e-03 -4.055080000000000078e-04 -7.248153000000000235e-03 1.542987999999999912e-03 9.999724629999999781e-01
1.702688131908922195e+09 -1.108230000000000060e-04 1.070999999999999995e-06 3.787987999999999945e-03 -4.563510000000000223e-04 -3.303243999999999885e-03 1.598812000000000020e-03 9.999932049999999961e-01
1.702688132116333008e+09 -1.056490000000000044e-04 1.342000000000000026e-06 3.884683999999999793e-03 -1.561049999999999970e-04 -3.861739999999999791e-04 1.544809999999999977e-03 9.999987479999999929e-01
1.702688132330769300e+09 -1.050750000000000062e-04 3.137999999999999856e-06 3.980169999999999889e-03 7.339910000000000271e-04 1.994680000000000086e-04 1.242187000000000065e-03 9.999989270000000374e-01
1.702688132783902168e+09 -1.065400000000000066e-04 1.075999999999999947e-06 4.191875999999999762e-03 5.681339999999999784e-04 -2.770420000000000217e-04 2.004241999999999829e-03 9.999977949999999671e-01
1.702688133033560991e+09 -1.051290000000000026e-04 4.602999999999999805e-06 4.306489000000000150e-03 1.635530000000000111e-04 7.652009999999999671e-04 2.246782000000000119e-03 9.999971989999999478e-01
1.702688133329488754e+09 -1.108879999999999995e-04 4.719999999999999702e-06 4.442243000000000233e-03 -6.247660000000000149e-04 -1.532369999999999967e-04 4.109879999999999892e-04 9.999997619999999587e-01
1.702688133615092039e+09 -1.145720000000000001e-04 4.257000000000000069e-06 4.573345000000000361e-03 -1.919883999999999957e-03 -2.602188000000000070e-03 -5.061000000000000333e-06 9.999947550000000129e-01
1.702688133906847477e+09 -1.032049999999999987e-04 8.488999999999999530e-06 4.714282999999999668e-03 -2.218322000000000002e-03 -2.095993999999999895e-03 2.496679999999999820e-04 9.999952909999999529e-01
1.702688134196194649e+09 -1.035439999999999966e-04 9.103000000000000767e-06 4.843314999999999947e-03 -1.396857000000000047e-03 -1.164555000000000061e-03 5.964699999999999999e-05 9.999983310000000181e-01
1.702688134492103577e+09 -9.521400000000000013e-05 6.114000000000000246e-06 4.979853999999999704e-03 -1.396663999999999935e-03 -7.857899999999999694e-04 9.534809999999999466e-04 9.999982710000000496e-01
1.702688134822543144e+09 -9.814099999999999430e-05 1.085500000000000026e-05 5.135507000000000093e-03 -2.339027000000000033e-03 -1.703576999999999956e-03 4.535410000000000136e-04 9.999957080000000387e-01
1.702688135115931511e+09 -8.822000000000000577e-05 7.014000000000000100e-06 5.268573999999999827e-03 -2.368236000000000126e-03 -9.780909999999999431e-04 9.934530000000000444e-04 9.999962449999999503e-01
1.702688135446045160e+09 -9.493600000000000042e-05 6.056999999999999776e-06 5.421368000000000194e-03 -7.406920000000000431e-04 -2.219020000000000042e-04 1.954646999999999895e-03 9.999977949999999671e-01
1.702688135740039825e+09 -1.028399999999999979e-04 7.692000000000000215e-06 5.556695000000000384e-03 -1.306817999999999955e-03 -1.630705000000000088e-03 6.314050000000000305e-04 9.999976160000000336e-01
1.702688136028672934e+09 -9.869000000000000548e-05 6.632999999999999851e-06 5.691878000000000042e-03 -1.938712999999999895e-03 -9.529150000000000337e-04 1.205342999999999996e-03 9.999969600000000458e-01
1.702688136363383770e+09 -7.905400000000000578e-05 9.499000000000000024e-06 5.838885000000000255e-03 -1.503460999999999990e-03 8.225689999999999912e-04 3.876120000000000151e-04 9.999985099999999516e-01
1.702688136695716858e+09 -9.257100000000000528e-05 7.067999999999999922e-06 5.994888000000000300e-03 -1.018355000000000085e-03 -9.494320000000000537e-04 7.833220000000000330e-04 9.999987479999999929e-01
1.702688136987335205e+09 -9.590399999999999522e-05 6.870000000000000293e-06 6.128238999999999735e-03 -5.443520000000000086e-04 1.531728999999999903e-03 9.903729999999999044e-04 9.999982120000000529e-01
1.702688137821210623e+09 -1.127930000000000024e-04 7.568000000000000217e-06 6.515665000000000345e-03 -8.525260000000000433e-04 -2.764609999999999811e-03 1.855200999999999899e-03 9.999940990000000252e-01
1.702688138070867062e+09 -1.116980000000000002e-04 1.686000000000000036e-06 6.627581999999999918e-03 -1.591558000000000079e-03 -2.885799000000000090e-03 1.818727999999999925e-03 9.999929069999999864e-01
1.702688138277302980e+09 -1.198700000000000026e-04 2.875000000000000002e-06 6.728373000000000166e-03 -2.015392999999999872e-03 -3.432212999999999931e-03 1.764668999999999960e-03 9.999905230000000200e-01
1.702688138569628239e+09 -1.294660000000000103e-04 4.580999999999999847e-06 6.860180999999999918e-03 -1.469346999999999971e-03 -7.216979000000000102e-03 1.927471999999999953e-03 9.999710320000000374e-01
1.702688138820494890e+09 -1.199779999999999955e-04 4.320999999999999795e-06 6.969200000000000048e-03 -7.986379999999999521e-04 -3.885149999999999975e-03 2.107480000000000117e-03 9.999899270000000007e-01
1.702688139069547892e+09 -1.220510000000000009e-04 5.210999999999999744e-06 7.084069999999999603e-03 1.122720999999999919e-03 1.126083500000000029e-02 1.653848999999999988e-03 9.999346140000000549e-01
1.702688139238245964e+09 -1.200130000000000044e-04 4.524000000000000223e-06 7.161700000000000010e-03 7.426639999999999761e-04 1.951943299999999923e-02 9.078680000000000430e-04 9.998087879999999483e-01
1.702688139443001509e+09 -1.142539999999999940e-04 5.893000000000000160e-06 7.255550000000000367e-03 1.325068999999999900e-03 3.052320700000000012e-02 1.472449999999999931e-03 9.995321040000000323e-01
1.702688140609241247e+09 -2.386700000000000036e-05 -3.176999999999999821e-06 7.786043999999999778e-03 1.453637000000000028e-03 8.128935099999999581e-02 8.844000000000000028e-05 9.966894979999999515e-01
1.702688140820414782e+09 -8.947999999999999709e-06 2.150000000000000167e-06 7.880895000000000608e-03 9.928240000000000069e-04 8.976068299999999389e-02 1.346016999999999917e-03 9.959619640000000329e-01
1.702688141277390480e+09 3.301999999999999895e-05 -2.453000000000000062e-06 8.086513000000000034e-03 9.194020000000000447e-04 1.004175320000000038e-01 3.309560999999999927e-03 9.949394459999999496e-01
1.702688141486972570e+09 6.421099999999999898e-05 -4.959999999999999945e-07 8.177201999999999735e-03 6.362250000000000284e-04 1.000746940000000057e-01 2.614224000000000062e-03 9.949763419999999581e-01
1.702688142107469559e+09 8.457900000000000455e-05 -2.539000000000000170e-06 8.463996999999999146e-03 7.315159999999999805e-04 9.250856200000000251e-02 2.557301000000000105e-03 9.957083460000000219e-01
1.702688142523002625e+09 1.201360000000000031e-04 -3.550999999999999967e-06 8.648182000000000785e-03 1.785927999999999995e-03 9.008944000000000674e-02 2.274263999999999800e-03 9.959294800000000336e-01
1.702688143360421896e+09 1.915200000000000095e-04 -8.200000000000000635e-08 9.030664000000000746e-03 9.367559999999999602e-04 8.648197400000000312e-02 2.449495999999999792e-03 9.962499740000000381e-01
1.702688144022531033e+09 2.446109999999999929e-04 3.031999999999999939e-06 9.330323999999999215e-03 9.121770000000000182e-04 8.359614799999999513e-02 2.385807000000000205e-03 9.964964990000000356e-01
1.702688144775765181e+09 3.030190000000000205e-04 -1.183199999999999954e-05 9.662433999999999260e-03 1.718715000000000000e-03 8.407426599999999473e-02 1.827009000000000098e-03 9.964563250000000316e-01
1.702688144980602741e+09 3.313699999999999935e-04 -1.147199999999999960e-05 9.761482999999999619e-03 1.895783999999999967e-03 9.025543900000000674e-02 2.609727999999999961e-03 9.959134459999999800e-01
1.702688145192295074e+09 3.412600000000000225e-04 -7.495999999999999889e-06 9.855024999999999896e-03 2.101977000000000099e-03 9.206392600000000426e-02 2.789487000000000216e-03 9.957469700000000090e-01
1.702688145565780878e+09 3.707809999999999860e-04 -8.341000000000000269e-06 1.002831700000000013e-02 7.160559999999999625e-04 9.230908799999999748e-02 2.321009000000000180e-03 9.957274790000000264e-01
1.702688145770009756e+09 3.825969999999999827e-04 -8.490000000000000029e-06 1.012237700000000011e-02 1.027137999999999923e-03 9.076406099999999311e-02 2.300444999999999920e-03 9.958692789999999961e-01
1.702688146146174431e+09 4.067869999999999798e-04 -1.167299999999999988e-05 1.028960699999999923e-02 2.740166999999999950e-03 7.156265500000000279e-02 3.391720999999999885e-03 9.974265690000000406e-01
1.702688146525763988e+09 4.257719999999999886e-04 -5.895999999999999962e-06 1.046998700000000004e-02 2.357983000000000127e-03 5.779296200000000328e-02 2.868889999999999808e-03 9.983217119999999722e-01
1.702688146773280859e+09 4.406549999999999747e-04 -2.343999999999999919e-06 1.058976200000000083e-02 1.944470000000000009e-03 4.450732500000000036e-02 1.813911000000000082e-03 9.990054969999999646e-01
1.702688146935305357e+09 4.283959999999999960e-04 9.699999999999999508e-08 1.067012500000000079e-02 9.851379999999999859e-04 4.014360499999999887e-02 2.257308999999999878e-03 9.991908670000000381e-01
1.702688147102916002e+09 4.618719999999999987e-04 -4.038000000000000133e-06 1.073425700000000052e-02 1.370689000000000022e-03 4.239894400000000091e-02 2.201953999999999891e-03 9.990974070000000484e-01
1.702688147938467026e+09 4.989600000000000068e-04 -2.985999999999999871e-06 1.111996099999999939e-02 8.214020000000000479e-04 6.148413900000000015e-02 1.649103999999999978e-03 9.981063599999999703e-01
1.702688148105138779e+09 5.154709999999999848e-04 -5.139000000000000264e-06 1.119976699999999936e-02 4.996799999999999593e-04 6.062436100000000161e-02 1.199222000000000005e-03 9.981598259999999723e-01
1.702688148311103821e+09 5.180350000000000232e-04 -4.578000000000000045e-06 1.128918599999999967e-02 1.252990000000000050e-03 6.254347400000000168e-02 1.249078000000000037e-03 9.980406760000000155e-01
1.702688148604917288e+09 5.480240000000000371e-04 -6.647000000000000056e-06 1.142795599999999953e-02 2.159306000000000159e-03 6.081127399999999850e-02 7.543730000000000227e-04 9.981466530000000503e-01
1.702688148851818323e+09 5.665019999999999778e-04 -7.203999999999999975e-06 1.154248899999999953e-02 3.112658999999999825e-03 6.065487099999999909e-02 5.561910000000000421e-04 9.981538060000000323e-01
1.702688149645361662e+09 6.077660000000000354e-04 -8.858000000000000571e-06 1.190610999999999926e-02 3.760776999999999870e-03 6.096283000000000257e-02 1.001895000000000042e-03 9.981324670000000232e-01
1.702688149851557970e+09 6.157699999999999676e-04 -1.033299999999999915e-05 1.199966400000000016e-02 4.164690000000000406e-03 6.211019300000000104e-02 1.757707999999999970e-03 9.980590940000000355e-01
1.702688150146930933e+09 6.391580000000000221e-04 -8.617000000000000676e-06 1.213602499999999994e-02 4.615066000000000133e-03 6.499646600000000274e-02 1.415756999999999910e-03 9.978738430000000381e-01
1.702688150397174120e+09 6.534859999999999974e-04 -6.640000000000000165e-07 1.224975099999999970e-02 5.286179999999999699e-03 6.756127600000000344e-02 2.734149999999999970e-04 9.977011080000000032e-01
1.702688150644988060e+09 6.846330000000000297e-04 -1.712000000000000083e-06 1.236467400000000084e-02 5.549567000000000042e-03 7.054215699999999423e-02 5.623880000000000372e-04 9.974932069999999928e-01
1.702688150893731833e+09 7.047950000000000308e-04 -5.609999999999999651e-06 1.248832599999999925e-02 5.363075999999999607e-03 7.043218599999999385e-02 9.886789999999999034e-04 9.975016709999999787e-01
1.702688151432885170e+09 7.301970000000000292e-04 -9.258000000000000130e-06 1.273819600000000024e-02 3.094986999999999999e-03 7.623938500000000673e-02 1.647040000000000006e-04 9.970847369999999987e-01
1.702688151723624706e+09 7.565010000000000267e-04 -2.530999999999999992e-06 1.287403600000000016e-02 2.595378000000000181e-03 7.613912999999999931e-02 -4.697400000000000121e-04 9.970937370000000355e-01
1.702688151933344364e+09 7.739650000000000479e-04 -8.797000000000000647e-06 1.296914400000000016e-02 2.625895999999999959e-03 7.777222999999999775e-02 -3.120630000000000105e-04 9.969676729999999987e-01
1.702688152141554832e+09 7.880769999999999833e-04 -7.934999999999999413e-06 1.306367899999999992e-02 3.690853000000000016e-03 7.859299299999999988e-02 -2.891209999999999852e-04 9.968999619999999728e-01
1.702688152436959982e+09 8.106899999999999783e-04 -1.296599999999999919e-05 1.319692899999999960e-02 3.217118000000000148e-03 8.049754800000000210e-02 -4.056900000000000003e-04 9.967495800000000239e-01
1.702688152724060774e+09 8.464790000000000248e-04 -1.537500000000000102e-05 1.333049499999999950e-02 2.096905000000000036e-03 8.713527799999999657e-02 1.108859999999999951e-04 9.961943030000000032e-01
1.702688153015389681e+09 8.653250000000000134e-04 -1.195300000000000058e-05 1.345813600000000075e-02 2.039757000000000115e-03 9.741185600000000500e-02 2.917220000000000099e-04 9.952420589999999567e-01
1.702688153348134518e+09 9.010840000000000212e-04 -7.106000000000000235e-06 1.360921799999999932e-02 4.143469999999999792e-03 1.088371280000000052e-01 -1.709395999999999962e-03 9.940494890000000083e-01
1.702688153680476189e+09 9.374490000000000297e-04 -1.045199999999999920e-05 1.375929400000000004e-02 4.271866000000000031e-03 1.116242189999999967e-01 -1.712187999999999904e-03 9.937398429999999561e-01
1.702688153977144480e+09 9.635950000000000331e-04 -9.853000000000000362e-06 1.389179800000000034e-02 3.519655999999999913e-03 1.108405660000000015e-01 -2.562074000000000122e-03 9.938286539999999780e-01
1.702688154307840109e+09 9.995679999999999409e-04 -1.195099999999999959e-05 1.404084899999999934e-02 5.124842999999999586e-03 1.074599249999999978e-01 -3.058843999999999799e-03 9.941915270000000193e-01
1.702688154638869762e+09 1.024210000000000008e-03 -9.276000000000000635e-06 1.418429000000000044e-02 6.767004000000000075e-03 9.937372799999999451e-02 -4.170721999999999971e-03 9.950184819999999819e-01
1.702688154929962397e+09 1.047132000000000097e-03 -1.426099999999999949e-05 1.431689300000000067e-02 5.700776000000000281e-03 8.859238799999999414e-02 -3.099268000000000075e-03 9.960468409999999606e-01
1.702688155225627184e+09 1.063867999999999932e-03 -1.581800000000000000e-05 1.445015300000000030e-02 5.057920999999999945e-03 8.241137099999999716e-02 -3.245071999999999887e-03 9.965803030000000007e-01
1.702688155511144876e+09 1.075629000000000038e-03 -7.480000000000000381e-06 1.458231699999999915e-02 3.884252999999999838e-03 7.438377999999999657e-02 -4.453183000000000315e-03 9.972122310000000045e-01
1.702688155804564238e+09 1.085683000000000047e-03 -1.094199999999999959e-05 1.471095199999999936e-02 3.329453000000000013e-03 6.200378000000000139e-02 -3.490299000000000092e-03 9.980642800000000259e-01
1.702688156095242023e+09 1.101547000000000030e-03 -1.461900000000000013e-05 1.483035499999999993e-02 1.635726000000000107e-03 5.142462999999999895e-02 -2.761515999999999884e-03 9.986717099999999903e-01
1.702688156427106619e+09 1.103674999999999925e-03 -1.038399999999999917e-05 1.498859299999999971e-02 2.423241000000000023e-03 3.566450300000000018e-02 -4.850550999999999821e-03 9.993491169999999535e-01
1.702688156720108271e+09 1.115607999999999921e-03 -1.069900000000000039e-05 1.512292999999999971e-02 3.778469000000000012e-03 1.867806699999999959e-02 -4.173821000000000302e-03 9.998096819999999774e-01
1.702688157015946865e+09 1.096233999999999967e-03 -1.556699999999999851e-05 1.524920199999999990e-02 3.274744000000000006e-03 1.803728000000000102e-03 -1.897767000000000074e-03 9.999912380000000045e-01
1.702688157302709579e+09 1.094116999999999919e-03 -2.168200000000000010e-05 1.538126100000000024e-02 7.989369999999999979e-04 -6.122810000000000231e-03 -2.591478999999999831e-03 9.999775890000000000e-01
1.702688157552653313e+09 1.086581000000000092e-03 -1.613299999999999953e-05 1.550260900000000053e-02 1.084663000000000033e-03 -2.082589300000000157e-02 -4.131458000000000179e-03 9.997739789999999793e-01
1.702688157802221060e+09 1.074616000000000026e-03 -1.514300000000000054e-05 1.561231299999999919e-02 -3.930709999999999912e-04 -2.663725600000000152e-02 -4.898808000000000155e-03 9.996331330000000071e-01
1.702688158093513012e+09 1.060729000000000056e-03 -1.446600000000000007e-05 1.575163799999999836e-02 -8.071999999999999965e-04 -2.841419400000000026e-02 -5.393087999999999875e-03 9.995813970000000381e-01
1.702688158384329796e+09 1.062278999999999958e-03 -1.409000000000000062e-05 1.588782299999999884e-02 7.781139999999999975e-04 -2.856247699999999931e-02 -4.513180999999999790e-03 9.995815160000000033e-01
1.702688158718852758e+09 1.056407000000000092e-03 -1.086399999999999966e-05 1.603601500000000069e-02 1.263353000000000045e-03 -1.692259100000000072e-02 -5.499765999999999683e-03 9.998409150000000523e-01
1.702688159592873335e+09 1.029350000000000057e-03 -1.304499999999999962e-05 1.644325799999999879e-02 2.941800000000000057e-04 -3.367069699999999943e-02 -3.931183000000000420e-03 9.994252319999999967e-01
1.702688159927341223e+09 1.015801999999999894e-03 -1.170299999999999959e-05 1.659278399999999931e-02 1.136714000000000040e-03 -3.699833200000000183e-02 -4.214670999999999695e-03 9.993057850000000020e-01
1.702688160259718895e+09 1.005714999999999908e-03 -1.570499999999999956e-05 1.675010799999999966e-02 9.871300000000000170e-05 -3.295209300000000174e-02 -4.925541999999999768e-03 9.994448420000000555e-01
1.702688160968840122e+09 1.012225000000000060e-03 -1.131000000000000013e-05 1.707168699999999859e-02 5.594779999999999719e-04 -8.276125000000000495e-03 -4.919236999999999915e-03 9.999535080000000464e-01
1.702688161674808025e+09 1.003285999999999935e-03 -1.271899999999999969e-05 1.738290300000000163e-02 3.689398999999999890e-03 -5.777097000000000135e-03 -4.523608000000000143e-03 9.999662639999999936e-01
1.702688161964703560e+09 9.973180000000000760e-04 -1.406300000000000071e-05 1.750593300000000130e-02 3.175025000000000156e-03 -1.891452999999999971e-03 -3.983043999999999821e-03 9.999852780000000330e-01
1.702688162173366308e+09 9.973140000000000130e-04 -1.381700000000000002e-05 1.760208599999999943e-02 3.035298999999999983e-03 -3.382999999999999831e-04 -3.514600000000000102e-03 9.999891520000000478e-01
1.702688162423004389e+09 1.016530999999999988e-03 -2.651400000000000059e-05 1.770786800000000161e-02 2.713015000000000045e-03 -3.997599999999999808e-05 -2.561075999999999804e-03 9.999930259999999516e-01
1.702688162843043566e+09 1.000047999999999909e-03 -2.213299999999999968e-05 1.788632799999999995e-02 3.130500000000000036e-03 6.612065999999999777e-03 -2.831189000000000015e-03 9.999692439999999793e-01
1.702688163094022989e+09 1.005065000000000082e-03 -2.351099999999999902e-05 1.799701500000000162e-02 2.480290999999999919e-03 1.265642800000000082e-02 -2.932923999999999948e-03 9.999125599999999503e-01
1.702688163547879696e+09 1.010679999999999912e-03 -2.535400000000000154e-05 1.818462499999999940e-02 1.564131000000000072e-03 1.950361399999999898e-02 -2.838123000000000121e-03 9.998045559999999554e-01
1.702688163797790051e+09 1.009806000000000028e-03 -2.404000000000000023e-05 1.828160499999999938e-02 1.906179000000000033e-03 2.313381200000000013e-02 -4.583471000000000420e-03 9.997200969999999742e-01
1.702688164338948727e+09 1.013203000000000064e-03 -2.301300000000000142e-05 1.848102500000000162e-02 3.525025000000000207e-03 3.677612200000000137e-02 -4.095961000000000393e-03 9.993089440000000323e-01
1.702688164588802576e+09 1.035328999999999980e-03 -2.758200000000000121e-05 1.857753100000000129e-02 2.160510999999999942e-03 3.289319200000000165e-02 -4.064846000000000431e-03 9.994482989999999845e-01
1.702688164962179899e+09 1.037570000000000029e-03 -2.958600000000000100e-05 1.873203600000000052e-02 -5.827090000000000481e-04 3.081848499999999963e-02 -4.254668999999999986e-03 9.995157719999999690e-01
1.702688165377518654e+09 1.034930000000000095e-03 -2.957299999999999960e-05 1.889861199999999866e-02 6.889739999999999667e-04 3.440615899999999866e-02 -3.849393999999999906e-03 9.994002579999999858e-01
1.702688165840541601e+09 1.030620000000000104e-03 -2.927899999999999868e-05 1.906765599999999880e-02 1.038541999999999937e-03 3.043958700000000059e-02 -5.473205000000000084e-03 9.995210770000000355e-01
1.702688166092609167e+09 1.028056999999999973e-03 -2.498799999999999860e-05 1.915875800000000143e-02 8.686320000000000412e-04 3.874950499999999659e-02 -5.931556999999999628e-03 9.992309809999999626e-01
1.702688166338781834e+09 1.031947000000000073e-03 -2.672700000000000008e-05 1.924995499999999915e-02 9.076750000000000399e-04 4.611636699999999839e-02 -6.471521000000000044e-03 9.989147189999999510e-01
1.702688167127230883e+09 1.041128000000000105e-03 -3.568399999999999919e-05 1.955096200000000159e-02 -1.933590000000000005e-03 4.889859600000000250e-02 -7.439519000000000340e-03 9.987741709999999884e-01
1.702688167627204895e+09 1.048286000000000053e-03 -3.622699999999999721e-05 1.974692899999999987e-02 -9.862399999999999899e-04 6.168918699999999949e-02 -7.018527999999999573e-03 9.980702399999999974e-01
1.702688167964262962e+09 1.037226999999999941e-03 -3.553100000000000252e-05 1.986572699999999969e-02 -1.756074999999999954e-03 7.030635300000000198e-02 -4.821968999999999735e-03 9.975122210000000322e-01
1.702688168376931429e+09 1.041052999999999900e-03 -3.622699999999999721e-05 1.998950400000000169e-02 -2.076769000000000011e-03 7.809687399999999668e-02 -3.811482000000000151e-03 9.969363810000000381e-01
1.702688168750536442e+09 1.044135000000000072e-03 -4.054000000000000149e-05 2.008818600000000093e-02 -2.818263000000000105e-03 8.623164099999999777e-02 -1.352752999999999942e-03 9.962702390000000019e-01
1.702688169131126642e+09 1.042930999999999980e-03 -3.855799999999999912e-05 2.017188799999999893e-02 -1.765646000000000056e-03 1.004810329999999974e-01 -4.042178999999999911e-03 9.949292539999999851e-01
1.702688169374660969e+09 1.043871000000000035e-03 -3.718199999999999739e-05 2.022448199999999849e-02 -3.700183000000000118e-03 1.108892489999999953e-01 -7.030609999999999637e-03 9.938009979999999910e-01
1.702688169543945074e+09 1.048859999999999983e-03 -4.627000000000000253e-05 2.026431600000000097e-02 -4.866698000000000031e-03 1.159225400000000045e-01 -6.038171000000000163e-03 9.932280180000000458e-01
1.702688169753377438e+09 1.048178999999999994e-03 -4.258099999999999770e-05 2.031930499999999931e-02 -5.057447999999999978e-03 1.243450339999999932e-01 -6.697319999999999662e-03 9.922035340000000536e-01
1.702688169922340631e+09 1.047949999999999967e-03 -4.170099999999999935e-05 2.035285300000000061e-02 -5.092397999999999716e-03 1.302206959999999969e-01 -6.555374999999999570e-03 9.914503099999999458e-01
1.702688170249803305e+09 1.049433999999999914e-03 -4.071799999999999877e-05 2.046824400000000002e-02 -2.771945000000000051e-03 1.440564099999999959e-01 -4.538976000000000122e-03 9.895551799999999787e-01
1.702688170543037176e+09 1.041915999999999936e-03 -5.496199999999999995e-05 2.057756999999999989e-02 -5.297043999999999885e-03 1.607459629999999917e-01 -5.027972000000000344e-03 9.869688149999999993e-01
1.702688170833398342e+09 1.047596000000000031e-03 -4.713699999999999948e-05 2.068158800000000075e-02 -5.843054000000000303e-03 1.723563670000000103e-01 -3.059132999999999904e-03 9.850125910000000484e-01
1.702688171167533875e+09 1.045425999999999907e-03 -4.161999999999999793e-05 2.082084299999999860e-02 -4.159516000000000255e-03 1.856791379999999936e-01 -4.136370000000000107e-04 9.826015230000000322e-01
1.702688171418480873e+09 1.026837000000000062e-03 -5.149500000000000079e-05 2.089560000000000028e-02 -5.292528999999999810e-03 1.930584009999999906e-01 -1.247520000000000009e-04 9.811729790000000007e-01
1.702688171956597805e+09 1.002164999999999957e-03 -7.160799999999999609e-05 2.105093599999999926e-02 -9.706901999999999892e-03 2.015572190000000097e-01 -8.341130000000000419e-04 9.794282909999999509e-01
1.702688172207362890e+09 9.629989999999999731e-04 -9.643099999999999881e-05 2.107798500000000047e-02 -1.308392899999999935e-02 2.035149629999999932e-01 -1.660224000000000075e-03 9.789830449999999962e-01
1.702688172457218885e+09 9.376809999999999963e-04 -1.095949999999999968e-04 2.110795099999999980e-02 -1.462472100000000025e-02 2.055312250000000118e-01 -1.556152000000000099e-03 9.785400629999999600e-01
1.702688172787898779e+09 8.936289999999999512e-04 -1.119359999999999935e-04 2.120182799999999895e-02 -1.723906799999999975e-02 2.076969740000000064e-01 -3.431814000000000045e-03 9.780352709999999838e-01
1.702688173121058702e+09 8.682629999999999775e-04 -1.334630000000000061e-04 2.128052899999999942e-02 -1.921423900000000101e-02 1.755137890000000034e-01 -2.497999999999999787e-03 9.842863080000000542e-01
1.702688174370779753e+09 9.424589999999999834e-04 -1.701119999999999867e-04 2.161239499999999952e-02 -2.328230599999999914e-02 5.075883099999999731e-02 6.129443000000000044e-03 9.984207149999999586e-01
1.702688174537330389e+09 9.464760000000000230e-04 -1.726890000000000131e-04 2.166618000000000016e-02 -2.461220000000000074e-02 3.591076299999999832e-02 5.651760999999999938e-03 9.990358950000000071e-01
1.702688175161272287e+09 1.008386000000000005e-03 -2.259779999999999970e-04 2.179997200000000079e-02 -3.235454499999999844e-02 -2.522809999999999983e-02 9.448213999999999918e-03 9.991133810000000226e-01
1.702688175454298258e+09 1.008554000000000048e-03 -2.017420000000000075e-04 2.192968299999999843e-02 -3.089948600000000031e-02 -5.025010199999999788e-02 1.107501600000000003e-02 9.981971379999999838e-01
1.702688176501611233e+09 1.114764000000000076e-03 -2.074629999999999888e-04 2.224981599999999865e-02 -3.962630400000000108e-02 -1.157636120000000018e-01 1.081285400000000022e-02 9.924271700000000251e-01
1.702688176662036896e+09 1.132051999999999928e-03 -2.325229999999999962e-04 2.231350400000000136e-02 -4.293414200000000153e-02 -1.283713429999999989e-01 7.817266999999999272e-03 9.907655720000000388e-01
1.702688176784389257e+09 1.144779999999999973e-03 -2.238920000000000038e-04 2.235271399999999922e-02 -4.220438399999999757e-02 -1.363924589999999937e-01 8.234002000000000682e-03 9.897212389999999749e-01
1.702688176909668684e+09 1.164757999999999896e-03 -2.255050000000000034e-04 2.239701200000000086e-02 -4.302296399999999688e-02 -1.459640120000000041e-01 7.791132000000000092e-03 9.883232709999999477e-01
1.702688177494449854e+09 1.163233999999999969e-03 -2.370609999999999992e-04 2.243914300000000167e-02 -4.705992700000000140e-02 -1.507304010000000138e-01 6.368669000000000413e-03 9.874336719999999845e-01
1.702688177619721651e+09 1.159862000000000002e-03 -2.372669999999999901e-04 2.245098900000000106e-02 -4.768515799999999832e-02 -1.525771170000000121e-01 6.749136999999999671e-03 9.871174689999999696e-01
1.702688178908134699e+09 1.047692999999999932e-03 -2.251719999999999915e-04 2.264865699999999912e-02 -5.012293500000000041e-02 -1.849542110000000072e-01 -3.191800000000000171e-05 9.814680810000000477e-01
1.702688179032839775e+09 1.037502000000000042e-03 -2.234439999999999972e-04 2.267076100000000108e-02 -5.027740099999999934e-02 -1.900568599999999941e-01 4.579130000000000049e-04 9.804847840000000536e-01
1.702688179160036325e+09 1.025854000000000089e-03 -2.268290000000000063e-04 2.268945199999999884e-02 -5.209094300000000066e-02 -1.946273450000000071e-01 4.797499999999999790e-04 9.794930219999999910e-01
1.702688179409809589e+09 1.003069000000000096e-03 -2.289899999999999878e-04 2.272831499999999894e-02 -5.340382800000000041e-02 -2.030451149999999982e-01 -1.736272000000000076e-03 9.777104260000000213e-01
1.702688179826010227e+09 9.737570000000000080e-04 -2.569259999999999860e-04 2.278337600000000102e-02 -6.235780199999999690e-02 -2.222854499999999955e-01 -5.068549999999999575e-04 9.729853269999999554e-01
1.702688179954319000e+09 9.599240000000000203e-04 -2.683799999999999749e-04 2.280456000000000150e-02 -6.578081099999999459e-02 -2.273293439999999888e-01 -9.506890000000000045e-04 9.715932609999999858e-01
1.702688180199259996e+09 9.368430000000000290e-04 -2.855549999999999994e-04 2.283860399999999846e-02 -6.907603099999999607e-02 -2.372564520000000066e-01 -1.692418000000000004e-03 9.689865709999999632e-01
1.702688180699378014e+09 8.819159999999999500e-04 -3.307259999999999909e-04 2.291937399999999930e-02 -8.073051300000000374e-02 -2.590302230000000039e-01 -4.641636000000000199e-03 9.624782800000000194e-01
1.702688180949100494e+09 8.508650000000000197e-04 -3.426360000000000039e-04 2.296263399999999913e-02 -8.626252399999999321e-02 -2.728307839999999929e-01 -3.661045999999999832e-03 9.581798910000000058e-01
1.702688181075598478e+09 8.341310000000000001e-04 -3.431309999999999916e-04 2.298619999999999830e-02 -8.743048500000000223e-02 -2.790411409999999925e-01 -3.077372000000000093e-03 9.562858340000000013e-01
1.702688181655990839e+09 7.606810000000000307e-04 -3.498619999999999920e-04 2.307906200000000088e-02 -9.216718399999999922e-02 -3.088650410000000068e-01 1.649126000000000107e-03 9.466281530000000277e-01
1.702688181950026751e+09 7.183930000000000047e-04 -3.450840000000000049e-04 2.313787999999999956e-02 -9.593324400000000085e-02 -3.242251569999999861e-01 2.721934999999999980e-03 9.410990479999999936e-01
1.702688182198526859e+09 6.816349999999999883e-04 -3.384269999999999770e-04 2.317738199999999985e-02 -9.710936200000000462e-02 -3.373001520000000197e-01 3.276887999999999936e-03 9.363694190000000361e-01
1.702688182366729975e+09 6.584390000000000295e-04 -3.282350000000000176e-04 2.320728099999999974e-02 -9.698858100000000426e-02 -3.460598289999999855e-01 3.657567999999999930e-03 9.331786629999999638e-01
1.702688182491040230e+09 6.399770000000000155e-04 -3.235429999999999751e-04 2.322854800000000164e-02 -9.708351599999999471e-02 -3.540849979999999841e-01 4.149673999999999897e-03 9.301512840000000226e-01
1.702688182622808218e+09 6.186769999999999856e-04 -3.231169999999999897e-04 2.324641100000000155e-02 -9.867605599999999810e-02 -3.616492749999999923e-01 5.918577999999999860e-03 9.270586969999999871e-01
1.702688182951270819e+09 5.663960000000000435e-04 -3.095579999999999794e-04 2.329951300000000086e-02 -9.962026799999999793e-02 -3.818968240000000236e-01 7.359387999999999694e-03 9.187907579999999852e-01
1.702688183279956341e+09 5.158229999999999977e-04 -3.000829999999999795e-04 2.335635200000000036e-02 -1.002281379999999944e-01 -4.039945600000000026e-01 8.509308999999999623e-03 9.092141390000000323e-01
1.702688183452444553e+09 4.899280000000000431e-04 -2.986339999999999871e-04 2.338283000000000028e-02 -1.019198969999999954e-01 -4.195275010000000249e-01 1.236103099999999975e-02 9.019180540000000246e-01
1.702688183613313675e+09 4.665250000000000234e-04 -2.958130000000000221e-04 2.340440099999999829e-02 -1.019615309999999941e-01 -4.324041599999999819e-01 1.279918600000000059e-02 8.958050610000000136e-01
1.702688183780685425e+09 4.347050000000000198e-04 -2.849740000000000129e-04 2.342133199999999957e-02 -1.001246350000000035e-01 -4.436376989999999965e-01 1.512994200000000039e-02 8.904671669999999484e-01
1.702688183947933674e+09 4.066920000000000019e-04 -2.784039999999999996e-04 2.343569699999999839e-02 -9.972711700000000401e-02 -4.547755119999999929e-01 1.644945299999999930e-02 8.848521110000000522e-01
1.702688184156305552e+09 3.759289999999999984e-04 -2.765499999999999729e-04 2.345876400000000001e-02 -1.000151410000000018e-01 -4.701218309999999900e-01 1.780645499999999881e-02 8.767356280000000446e-01
1.702688184328037739e+09 3.504550000000000048e-04 -2.791599999999999767e-04 2.348066099999999989e-02 -1.031678619999999991e-01 -4.844008980000000242e-01 1.756823199999999960e-02 8.685640690000000497e-01
1.702688184529604912e+09 3.143999999999999985e-04 -2.678609999999999889e-04 2.349308500000000036e-02 -1.003136929999999954e-01 -5.000207420000000180e-01 2.097731499999999985e-02 8.599281309999999845e-01
1.702688184699704170e+09 2.896220000000000131e-04 -2.617349999999999733e-04 2.350298099999999918e-02 -9.940211499999999922e-02 -5.143166179999999477e-01 2.291474500000000025e-02 8.515120149999999555e-01
1.702688184860982895e+09 2.683879999999999925e-04 -2.631450000000000022e-04 2.350797300000000145e-02 -1.003542320000000015e-01 -5.254755620000000071e-01 2.436529100000000073e-02 8.445180060000000433e-01
1.702688184988913059e+09 2.536039999999999931e-04 -2.611940000000000203e-04 2.351549799999999926e-02 -9.922709300000000232e-02 -5.356683730000000310e-01 2.616600499999999913e-02 8.381698130000000413e-01
1.702688185159322262e+09 2.352490000000000104e-04 -2.600489999999999898e-04 2.352766900000000105e-02 -9.978275699999999970e-02 -5.490216610000000497e-01 2.853426200000000121e-02 8.293397430000000181e-01
1.702688185321039677e+09 2.094759999999999981e-04 -2.577060000000000158e-04 2.352938400000000041e-02 -9.868933300000000408e-02 -5.614258050000000555e-01 2.985031299999999985e-02 8.210788970000000297e-01
1.702688185487078190e+09 1.865240000000000051e-04 -2.557540000000000182e-04 2.353794500000000109e-02 -9.972216200000000308e-02 -5.741116400000000342e-01 2.986420700000000025e-02 8.121326570000000356e-01
1.702688185652658939e+09 1.702829999999999958e-04 -2.521150000000000214e-04 2.353946300000000005e-02 -9.781288400000000272e-02 -5.864005679999999554e-01 3.161207199999999801e-02 8.034722810000000104e-01
1.702688185785310984e+09 1.543969999999999924e-04 -2.492010000000000015e-04 2.354599300000000117e-02 -9.788648799999999373e-02 -5.978490709999999542e-01 3.342466799999999766e-02 7.949073309999999948e-01
1.702688185945967197e+09 1.379139999999999945e-04 -2.471880000000000193e-04 2.355132999999999879e-02 -9.811890900000000415e-02 -6.092387439999999987e-01 3.413784100000000210e-02 7.861523630000000207e-01
1.702688186074335814e+09 1.262219999999999987e-04 -2.441540000000000073e-04 2.355230599999999855e-02 -9.732230799999999626e-02 -6.170337200000000077e-01 3.522339499999999762e-02 7.801007030000000064e-01
1.702688186235409260e+09 1.120330000000000029e-04 -2.448819999999999773e-04 2.355209200000000017e-02 -9.658017000000000685e-02 -6.255728600000000084e-01 3.640330600000000333e-02 7.733082770000000439e-01
1.702688186449345827e+09 9.183600000000000639e-05 -2.423260000000000106e-04 2.355503299999999953e-02 -9.571856300000000650e-02 -6.400616169999999716e-01 3.763307999999999931e-02 7.614084479999999600e-01
1.702688186692717075e+09 7.362999999999999808e-05 -2.424329999999999877e-04 2.354759699999999997e-02 -9.499952200000000291e-02 -6.449000240000000161e-01 3.844493599999999900e-02 7.573645709999999864e-01
1.702688186902578831e+09 6.242700000000000386e-05 -2.388129999999999919e-04 2.355437200000000050e-02 -9.378121000000000373e-02 -6.528173689999999807e-01 4.081839699999999932e-02 7.505787609999999832e-01
1.702688187162397385e+09 3.336400000000000108e-05 -2.378969999999999891e-04 2.355856099999999870e-02 -9.538130499999999956e-02 -6.472640629999999451e-01 3.864971899999999905e-02 7.552866339999999568e-01
1.702688187323381901e+09 9.684000000000000794e-06 -2.344400000000000119e-04 2.356334399999999996e-02 -9.628128299999999529e-02 -6.453871129999999567e-01 3.820174900000000012e-02 7.567999359999999509e-01
1.702688187484103918e+09 -1.044199999999999930e-05 -2.320649999999999948e-04 2.356942000000000065e-02 -9.529411000000000131e-02 -6.451326010000000277e-01 3.831839199999999973e-02 7.571358679999999897e-01
1.702688187734517336e+09 -4.656099999999999687e-05 -2.301700000000000002e-04 2.357000700000000046e-02 -9.553516700000000417e-02 -6.506688590000000438e-01 3.812194599999999683e-02 7.523627280000000361e-01
1.702688187944904566e+09 -7.504999999999999465e-05 -2.278290000000000035e-04 2.357483299999999990e-02 -9.571427899999999933e-02 -6.520781519999999665e-01 3.866212399999999910e-02 7.510913009999999890e-01
1.702688188108237743e+09 -9.538399999999999342e-05 -2.250689999999999961e-04 2.357645499999999963e-02 -9.581666399999999584e-02 -6.526473160000000329e-01 3.850579999999999975e-02 7.505918150000000511e-01
1.702688188279265881e+09 -1.202209999999999997e-04 -2.214670000000000126e-04 2.357968100000000164e-02 -9.515237799999999579e-02 -6.499003169999999496e-01 3.829473600000000283e-02 7.530664799999999826e-01
1.702688188445574999e+09 -1.432279999999999914e-04 -2.212840000000000043e-04 2.357840400000000072e-02 -9.513927299999999643e-02 -6.499829289999999871e-01 3.792698299999999745e-02 7.530154589999999981e-01
1.702688188654875278e+09 -1.704490000000000074e-04 -2.162850000000000070e-04 2.358856200000000042e-02 -9.493680300000000016e-02 -6.428498030000000529e-01 3.778725899999999666e-02 7.591463920000000032e-01
1.702688189441761494e+09 -2.781509999999999734e-04 -2.058949999999999930e-04 2.359654900000000138e-02 -9.393426000000000553e-02 -6.660205129999999807e-01 4.134008299999999969e-02 7.388396259999999716e-01
1.702688189690997839e+09 -3.137549999999999801e-04 -2.023310000000000115e-04 2.359858899999999968e-02 -9.353382100000000310e-02 -6.652909519999999910e-01 4.000187699999999819e-02 7.396211029999999464e-01
1.702688189901802540e+09 -3.420109999999999752e-04 -1.998489999999999902e-04 2.360282099999999952e-02 -9.345219300000000284e-02 -6.637061239999999529e-01 3.926599399999999851e-02 7.410931589999999458e-01
1.702688190065590382e+09 -3.652390000000000042e-04 -1.981519999999999961e-04 2.360220299999999868e-02 -9.410414100000000226e-02 -6.750302310000000361e-01 4.043501199999999934e-02 7.306460139999999548e-01
1.702688190314291477e+09 -3.991329999999999748e-04 -1.947420000000000000e-04 2.360341499999999912e-02 -9.168512400000000673e-02 -6.848534939999999516e-01 4.233495899999999840e-02 7.216489910000000174e-01
1.702688190525139809e+09 -4.290830000000000252e-04 -1.940110000000000098e-04 2.360132900000000075e-02 -9.173577300000000656e-02 -6.831458809999999549e-01 4.091801500000000202e-02 7.233408690000000529e-01
1.702688190731891394e+09 -4.562209999999999811e-04 -1.920539999999999877e-04 2.360604100000000122e-02 -9.189119900000000674e-02 -6.767163870000000303e-01 4.072341000000000155e-02 7.293507460000000497e-01
1.702688190902237892e+09 -4.799159999999999906e-04 -1.889949999999999887e-04 2.361142299999999944e-02 -9.252607799999999771e-02 -6.724779010000000445e-01 4.027118500000000101e-02 7.332057360000000523e-01
1.702688191152343512e+09 -5.146340000000000333e-04 -1.888799999999999941e-04 2.360953600000000041e-02 -9.347291300000000469e-02 -6.799105410000000349e-01 4.071580600000000022e-02 7.261726259999999877e-01
1.702688191358403444e+09 -5.426349999999999707e-04 -1.855279999999999896e-04 2.361141300000000123e-02 -9.179664399999999669e-02 -6.859027149999999962e-01 4.238541800000000109e-02 7.206347579999999864e-01
1.702688191605288982e+09 -5.770229999999999674e-04 -1.826510000000000102e-04 2.361664200000000019e-02 -9.119185800000000064e-02 -6.760317089999999807e-01 4.232289999999999663e-02 7.299822569999999677e-01
1.702688191815576553e+09 -6.050470000000000501e-04 -1.817389999999999891e-04 2.361731400000000036e-02 -9.288724499999999329e-02 -6.670703289999999619e-01 4.096389899999999806e-02 7.380454539999999897e-01
1.702688191980682611e+09 -6.262009999999999495e-04 -1.804900000000000016e-04 2.362198199999999970e-02 -9.241490099999999375e-02 -6.697481269999999709e-01 4.448476800000000092e-02 7.354713080000000458e-01
1.702688192187819004e+09 -6.578789999999999942e-04 -1.763780000000000111e-04 2.362652100000000102e-02 -9.377299999999999525e-02 -6.573798060000000110e-01 4.170145799999999681e-02 7.465382809999999703e-01
1.702688192397768021e+09 -6.859299999999999599e-04 -1.745449999999999899e-04 2.362840999999999900e-02 -9.438636200000000143e-02 -6.538081770000000459e-01 4.057930800000000143e-02 7.496528630000000026e-01
1.702688192606889486e+09 -7.151809999999999548e-04 -1.703449999999999962e-04 2.363612299999999847e-02 -9.463159000000000154e-02 -6.433023209999999548e-01 3.906302500000000122e-02 7.587364909999999574e-01
1.702688192813505888e+09 -7.431770000000000303e-04 -1.667130000000000012e-04 2.364052499999999904e-02 -9.545889500000000194e-02 -6.362481709999999735e-01 3.718415299999999757e-02 7.646523710000000529e-01
1.702688193107145071e+09 -7.837550000000000202e-04 -1.635019999999999941e-04 2.364563199999999976e-02 -9.705024199999999490e-02 -6.457846760000000019e-01 3.692103499999999788e-02 7.564259770000000271e-01
1.702688193312842131e+09 -8.106489999999999833e-04 -1.613730000000000015e-04 2.364843200000000048e-02 -9.569630799999999382e-02 -6.514279250000000188e-01 3.815532499999999688e-02 7.516834740000000181e-01
1.702688193562391758e+09 -8.459299999999999459e-04 -1.564260000000000097e-04 2.365618599999999919e-02 -9.559915200000000668e-02 -6.429132819999999748e-01 3.733890100000000073e-02 7.590317730000000207e-01
1.702688193811842442e+09 -8.764099999999999929e-04 -1.541819999999999953e-04 2.366255000000000094e-02 -9.429919000000000495e-02 -6.352813240000000361e-01 3.750184599999999840e-02 7.655839920000000465e-01
1.702688194108810425e+09 -9.172019999999999913e-04 -1.495300000000000134e-04 2.367171800000000131e-02 -9.468395999999999757e-02 -6.264410609999999657e-01 3.646840900000000024e-02 7.728368039999999883e-01
1.702688194397277594e+09 -9.564530000000000124e-04 -1.459970000000000050e-04 2.367898300000000067e-02 -9.458412200000000658e-02 -6.250112060000000413e-01 3.509189900000000278e-02 7.740693690000000071e-01
1.702688194644421816e+09 -9.893350000000000408e-04 -1.417810000000000034e-04 2.368735699999999916e-02 -9.449996099999999344e-02 -6.217203140000000516e-01 3.480017199999999727e-02 7.767384050000000206e-01
1.702688194900834322e+09 -1.024179000000000062e-03 -1.377259999999999888e-04 2.369321099999999874e-02 -9.499080499999999760e-02 -6.241363880000000419e-01 3.526702899999999835e-02 7.747172119999999884e-01
1.702688195144940853e+09 -1.056843999999999926e-03 -1.344290000000000101e-04 2.370042500000000066e-02 -9.410119100000000070e-02 -6.221944090000000038e-01 3.599729799999999702e-02 7.763525839999999567e-01
1.702688195395807028e+09 -1.089097999999999932e-03 -1.327880000000000033e-04 2.370842399999999878e-02 -9.436604399999999615e-02 -6.167235370000000438e-01 3.601047400000000065e-02 7.806730870000000433e-01
1.702688195606745243e+09 -1.117387999999999975e-03 -1.302379999999999955e-04 2.371404300000000062e-02 -9.412214900000000217e-02 -6.096965069999999987e-01 3.337819499999999939e-02 7.863187790000000232e-01
1.702688195854430914e+09 -1.150203999999999940e-03 -1.265960000000000056e-04 2.372214599999999951e-02 -9.373119500000000326e-02 -6.118136050000000381e-01 3.439772099999999916e-02 7.846752999999999645e-01
1.702688196102466345e+09 -1.184406000000000044e-03 -1.227520000000000065e-04 2.373224100000000114e-02 -9.468367699999999387e-02 -6.065710779999999858e-01 3.215966700000000289e-02 7.887155409999999645e-01
1.702688196436167717e+09 -1.228590000000000107e-03 -1.169389999999999997e-04 2.374457199999999851e-02 -9.467914700000000516e-02 -5.956904290000000213e-01 3.192955299999999941e-02 7.969750759999999490e-01
1.702688196852713108e+09 -1.283323999999999966e-03 -1.115979999999999978e-04 2.376174400000000131e-02 -9.493029899999999577e-02 -5.805976990000000226e-01 2.977484999999999854e-02 8.080891369999999574e-01
1.702688197143969774e+09 -1.318439999999999933e-03 -1.045769999999999984e-04 2.378319200000000161e-02 -9.650933700000000059e-02 -5.727890730000000374e-01 2.789910099999999907e-02 8.135233520000000329e-01
1.702688197396642208e+09 -1.352408000000000039e-03 -9.922999999999999692e-05 2.379252199999999998e-02 -9.725834399999999658e-02 -5.632529849999999838e-01 2.740453699999999965e-02 8.200828430000000058e-01
1.702688197603774071e+09 -1.377963999999999968e-03 -9.590399999999999522e-05 2.380107000000000056e-02 -9.771672600000000375e-02 -5.539391040000000155e-01 2.625338400000000114e-02 8.263859150000000264e-01
1.702688197852490187e+09 -1.409735999999999975e-03 -9.313499999999999513e-05 2.381986800000000098e-02 -9.793783699999999981e-02 -5.439278480000000471e-01 2.492415200000000150e-02 8.330242629999999870e-01
1.702688198068964243e+09 -1.434841999999999975e-03 -8.784700000000000104e-05 2.383462500000000164e-02 -9.834975699999999599e-02 -5.355018379999999523e-01 2.445827600000000102e-02 8.384312990000000188e-01
1.702688198309193373e+09 -1.466241000000000072e-03 -8.371400000000000521e-05 2.385071700000000045e-02 -9.903287099999999454e-02 -5.249609950000000413e-01 2.222813100000000167e-02 8.450528980000000523e-01
1.702688198726268530e+09 -1.513051999999999973e-03 -7.320500000000000130e-05 2.388242999999999963e-02 -9.825152900000000411e-02 -5.087784530000000194e-01 2.192294599999999871e-02 8.549915550000000142e-01
1.702688199059116602e+09 -1.554239999999999918e-03 -6.605299999999999930e-05 2.390192799999999937e-02 -9.745229800000000664e-02 -4.999046619999999996e-01 2.200851599999999880e-02 8.602988120000000238e-01
1.702688199229028463e+09 -1.572768999999999903e-03 -6.149699999999999752e-05 2.391221699999999950e-02 -9.701912899999999562e-02 -4.956837889999999858e-01 2.179886799999999902e-02 8.627918359999999787e-01
1.702688199391685724e+09 -1.590817999999999920e-03 -6.110799999999999837e-05 2.392637499999999973e-02 -9.877400799999999648e-02 -4.920167619999999964e-01 2.061795799999999873e-02 8.647185560000000271e-01
1.702688199558371782e+09 -1.608229999999999989e-03 -5.564799999999999982e-05 2.393882300000000143e-02 -9.833162300000000688e-02 -4.895907640000000116e-01 2.061199199999999912e-02 8.661448360000000291e-01
1.702688199933295965e+09 -1.651588999999999965e-03 -5.269100000000000086e-05 2.396132100000000070e-02 -9.798282399999999615e-02 -4.848900139999999803e-01 1.905186700000000011e-02 8.688601849999999516e-01
1.702688200100477219e+09 -1.671825000000000047e-03 -4.781399999999999995e-05 2.397173299999999854e-02 -9.737676400000000454e-02 -4.854666890000000068e-01 1.936132800000000057e-02 8.685994740000000380e-01
1.702688200435864687e+09 -1.710235000000000054e-03 -4.065299999999999854e-05 2.399677399999999849e-02 -9.846016800000000069e-02 -4.898634550000000032e-01 2.011457300000000017e-02 8.659877780000000413e-01
1.702688200807152271e+09 -1.753367000000000033e-03 -3.026999999999999987e-05 2.402382000000000128e-02 -9.726249400000000489e-02 -4.956585470000000049e-01 2.305515099999999942e-02 8.627462980000000226e-01
1.702688201022895813e+09 -1.777254000000000030e-03 -3.087400000000000290e-05 2.403265099999999863e-02 -9.924154699999999940e-02 -4.985964889999999761e-01 2.165251799999999907e-02 8.608623149999999891e-01
1.702688201387943506e+09 -1.825271000000000055e-03 -2.046000000000000062e-05 2.405510500000000024e-02 -9.885442999999999314e-02 -5.129730700000000310e-01 2.366329199999999897e-02 8.523652550000000439e-01
1.702688201561335087e+09 -1.846551000000000095e-03 -2.024299999999999914e-05 2.406154599999999963e-02 -9.937850400000000639e-02 -5.146008130000000458e-01 2.182475500000000124e-02 8.513715859999999580e-01
1.702688201722691774e+09 -1.864959000000000018e-03 -1.646300000000000145e-05 2.407361900000000096e-02 -9.959577799999999592e-02 -5.139108300000000407e-01 2.181928799999999918e-02 8.517630099999999871e-01
1.702688201931998014e+09 -1.893055000000000042e-03 -1.241100000000000027e-05 2.408406100000000036e-02 -9.983828699999999778e-02 -5.146508810000000045e-01 2.040489800000000117e-02 8.513227700000000064e-01
1.702688202138675690e+09 -1.916893999999999933e-03 -5.679999999999999828e-06 2.410009700000000088e-02 -9.986224000000000489e-02 -5.168721080000000523e-01 2.173906600000000133e-02 8.499401210000000484e-01
1.702688202345653296e+09 -1.942904999999999979e-03 -1.929999999999999944e-07 2.411614000000000119e-02 -9.934841799999999390e-02 -5.222405789999999826e-01 2.232605600000000037e-02 8.466972710000000291e-01
1.702688202564944267e+09 -1.966962999999999958e-03 2.557999999999999903e-06 2.412640099999999871e-02 -9.914976400000000134e-02 -5.240346790000000032e-01 2.298843500000000151e-02 8.455935719999999600e-01
1.702688202970739126e+09 -2.018096000000000039e-03 8.857000000000000072e-06 2.414827400000000082e-02 -9.904713199999999607e-02 -5.165306929999999852e-01 2.170981300000000142e-02 8.502438070000000181e-01
1.702688203387044668e+09 -2.068688999999999858e-03 2.131600000000000056e-05 2.417868700000000079e-02 -9.856625600000000487e-02 -5.072674750000000232e-01 2.238644799999999976e-02 8.558406830000000465e-01
1.702688203974164248e+09 -2.129072999999999990e-03 3.505200000000000253e-05 2.422576599999999927e-02 -9.733075600000000438e-02 -4.748303890000000194e-01 2.054220600000000035e-02 8.744374510000000322e-01
1.702688204305177450e+09 -2.171301999999999954e-03 3.678500000000000102e-05 2.424870200000000045e-02 -9.957772500000000582e-02 -4.552422760000000013e-01 1.632753899999999855e-02 8.846311569999999458e-01
1.702688204718520403e+09 -2.214118000000000162e-03 4.735100000000000116e-05 2.428329900000000124e-02 -9.892024100000000597e-02 -4.352811280000000171e-01 1.402338600000000053e-02 8.947337269999999787e-01
1.702688204928294897e+09 -2.234803999999999957e-03 4.576600000000000194e-05 2.430045200000000016e-02 -1.006799790000000028e-01 -4.239455460000000064e-01 1.230360800000000060e-02 8.999902010000000452e-01
1.702688205360034704e+09 -2.274660999999999871e-03 6.168500000000000317e-05 2.434328200000000081e-02 -9.951505099999999326e-02 -3.998095990000000155e-01 1.123264099999999981e-02 9.111107590000000478e-01
1.702688205512762785e+09 -2.288727999999999856e-03 6.445599999999999409e-05 2.435671400000000153e-02 -9.964914599999999401e-02 -3.896056119999999900e-01 9.823114000000000845e-03 9.155222769999999954e-01
1.702688205678390741e+09 -2.303733999999999990e-03 6.991300000000000639e-05 2.437267799999999832e-02 -1.008516549999999984e-01 -3.799275160000000207e-01 8.793653999999999707e-03 9.194599989999999723e-01
1.702688205844716787e+09 -2.317716999999999954e-03 7.398400000000000180e-05 2.439006999999999981e-02 -1.005216909999999964e-01 -3.629625140000000139e-01 6.188853000000000236e-03 9.263451700000000510e-01
1.702688206013332129e+09 -2.329191999999999894e-03 7.585999999999999536e-05 2.440751000000000032e-02 -1.015195619999999938e-01 -3.482162650000000248e-01 4.292464000000000175e-03 9.318909650000000156e-01
1.702688206511146545e+09 -2.365832000000000004e-03 9.264300000000000052e-05 2.446577900000000000e-02 -9.922091700000000569e-02 -3.035636540000000161e-01 1.041093000000000096e-03 9.476303459999999568e-01
1.702688206685341120e+09 -2.376262999999999986e-03 9.553800000000000584e-05 2.448483599999999941e-02 -1.002772970000000013e-01 -2.878448670000000043e-01 -1.071689999999999926e-03 9.524120689999999723e-01
1.702688206806217194e+09 -2.383553000000000061e-03 9.820000000000000170e-05 2.449963100000000088e-02 -1.000383499999999981e-01 -2.762143610000000193e-01 -2.771683999999999953e-03 9.558714630000000323e-01
1.702688206968369007e+09 -2.393009000000000195e-03 1.033199999999999933e-04 2.452017700000000064e-02 -1.005115429999999949e-01 -2.607079740000000090e-01 -4.309429000000000037e-03 9.601615669999999936e-01
1.702688207259655237e+09 -2.409074000000000198e-03 1.126960000000000066e-04 2.455809499999999854e-02 -9.953868400000000227e-02 -2.333095219999999914e-01 -7.449754999999999745e-03 9.672658440000000413e-01
1.702688207429315329e+09 -2.417780999999999923e-03 1.186619999999999965e-04 2.457870700000000172e-02 -9.958445999999999965e-02 -2.193062600000000029e-01 -9.076558000000000195e-03 9.705180530000000472e-01
1.702688207592875957e+09 -2.430369999999999839e-03 1.192950000000000022e-04 2.459623500000000101e-02 -1.004186420000000024e-01 -2.056506569999999867e-01 -1.000165599999999939e-02 9.734084010000000342e-01
1.702688207760922909e+09 -2.440530000000000217e-03 1.231329999999999881e-04 2.461832799999999835e-02 -1.001395360000000012e-01 -1.895371230000000018e-01 -1.261257999999999997e-02 9.766722319999999735e-01
1.702688207925628185e+09 -2.445722999999999907e-03 1.267490000000000023e-04 2.463932900000000148e-02 -1.001362799999999942e-01 -1.781977859999999969e-01 -1.421328500000000085e-02 9.787830709999999490e-01
1.702688208093335867e+09 -2.448376999999999845e-03 1.334940000000000063e-04 2.466068000000000079e-02 -1.003421770000000046e-01 -1.695301090000000122e-01 -1.322504400000000004e-02 9.803142550000000233e-01
1.702688209508686781e+09 -2.498715999999999784e-03 1.763450000000000065e-04 2.484553700000000087e-02 -1.060216130000000007e-01 -1.556169540000000018e-01 -9.471682999999999839e-03 9.820657369999999942e-01
1.702688210008157015e+09 -2.531317999999999849e-03 1.915449999999999965e-04 2.490751600000000107e-02 -1.028577759999999980e-01 -1.712146700000000132e-01 -2.044332600000000125e-02 9.796366100000000188e-01
1.702688210215263605e+09 -2.543718999999999841e-03 1.956259999999999867e-04 2.493112200000000001e-02 -1.019846870000000044e-01 -1.864228249999999865e-01 -2.218575000000000061e-02 9.769101740000000200e-01
1.702688210465261459e+09 -2.554966000000000095e-03 2.008099999999999967e-04 2.495916899999999980e-02 -9.720173499999999744e-02 -2.065279040000000121e-01 -1.818245500000000014e-02 9.734308120000000342e-01
1.702688210672807455e+09 -2.566313000000000188e-03 2.059680000000000039e-04 2.497956200000000029e-02 -8.933087400000000455e-02 -2.182578149999999939e-01 -1.271205299999999920e-02 9.717108610000000368e-01
1.702688211713690996e+09 -2.606834000000000148e-03 2.282619999999999907e-04 2.510497299999999918e-02 -9.349621800000000593e-02 -1.635650690000000074e-01 -1.814512000000000069e-02 9.819244740000000471e-01
1.702688212424245834e+09 -2.627219000000000082e-03 2.457010000000000248e-04 2.519659299999999977e-02 -9.116286799999999413e-02 -1.293135729999999872e-01 -1.884964899999999957e-02 9.872244000000000019e-01
1.702688212629299164e+09 -2.635497000000000100e-03 2.514489999999999976e-04 2.522513300000000028e-02 -9.245357699999999512e-02 -1.174349410000000010e-01 -2.039336799999999852e-02 9.885572790000000110e-01
1.702688212837169409e+09 -2.640163000000000058e-03 2.576640000000000050e-04 2.525353400000000109e-02 -9.385614800000000035e-02 -1.059341060000000001e-01 -2.323616499999999960e-02 9.896611570000000135e-01
1.702688213005451918e+09 -2.641736999999999905e-03 2.625710000000000175e-04 2.527555999999999900e-02 -9.550838899999999909e-02 -9.859646900000000602e-02 -2.321017699999999850e-02 9.902616739999999806e-01
1.702688213212734461e+09 -2.645980000000000033e-03 2.692230000000000209e-04 2.530505900000000127e-02 -9.734366799999999431e-02 -8.753296700000000319e-02 -2.427601600000000096e-02 9.910967950000000304e-01
1.702688213801527262e+09 -2.652930999999999866e-03 2.852430000000000200e-04 2.538117399999999940e-02 -9.640600500000000295e-02 -5.690193200000000229e-02 -2.685895199999999844e-02 9.933512209999999509e-01
1.702688214128657818e+09 -2.656332999999999871e-03 2.907659999999999737e-04 2.542661900000000100e-02 -9.716668000000000527e-02 -3.724137300000000123e-02 -3.053069300000000111e-02 9.941024179999999877e-01
1.702688214295942068e+09 -2.657690999999999786e-03 2.949399999999999917e-04 2.544750100000000084e-02 -9.673081299999999882e-02 -2.822740199999999866e-02 -3.157928599999999808e-02 9.944089649999999780e-01
1.702688214460943699e+09 -2.656766999999999983e-03 2.977190000000000001e-04 2.546651100000000070e-02 -9.658361199999999924e-02 -2.215247799999999975e-02 -3.262666200000000072e-02 9.945433139999999561e-01
1.702688216044643641e+09 -2.656870999999999886e-03 3.380929999999999764e-04 2.567366100000000040e-02 -9.268392599999999981e-02 -9.068533999999999623e-03 -3.375685199999999692e-02 9.950818420000000497e-01
1.702688216253287792e+09 -2.659325000000000144e-03 3.441130000000000035e-04 2.570100700000000141e-02 -9.321114399999999578e-02 -1.874315899999999882e-02 -3.254732899999999984e-02 9.949377179999999710e-01
1.702688216504587173e+09 -2.659597000000000089e-03 3.491829999999999804e-04 2.573289299999999974e-02 -9.452751299999999357e-02 -3.025175600000000117e-02 -3.137351199999999923e-02 9.945678110000000238e-01
1.702688216710136890e+09 -2.663046999999999984e-03 3.541999999999999901e-04 2.575978099999999896e-02 -9.400975699999999935e-02 -3.836873899999999893e-02 -3.076790100000000028e-02 9.943557379999999890e-01
1.702688216917298079e+09 -2.663555000000000176e-03 3.598159999999999987e-04 2.578543299999999996e-02 -9.295036600000000648e-02 -4.398174199999999728e-02 -2.911720400000000070e-02 9.942726490000000084e-01
1.702688217627594709e+09 -2.672944999999999922e-03 3.785509999999999743e-04 2.588034200000000062e-02 -9.580385700000000615e-02 -3.727142499999999692e-02 -3.090271400000000127e-02 9.942221049999999671e-01
1.702688218083411217e+09 -2.676978999999999904e-03 3.916090000000000109e-04 2.593805299999999911e-02 -9.400962999999999681e-02 -2.918836699999999978e-02 -3.024364300000000061e-02 9.946836230000000167e-01
1.702688218332665443e+09 -2.677323000000000116e-03 3.969500000000000263e-04 2.597150800000000079e-02 -9.440539800000000148e-02 -2.923406099999999869e-02 -3.075075000000000031e-02 9.946292639999999574e-01
1.702688218545012951e+09 -2.679650000000000001e-03 4.028500000000000071e-04 2.599860400000000155e-02 -9.431246699999999705e-02 -2.880965699999999893e-02 -3.087568699999999888e-02 9.946466090000000149e-01
1.702688218958949327e+09 -2.680651999999999948e-03 4.131970000000000217e-04 2.605221599999999957e-02 -9.514447299999999330e-02 -2.395064800000000146e-02 -3.203232999999999775e-02 9.946596620000000000e-01
1.702688219207016230e+09 -2.684451000000000025e-03 4.202620000000000227e-04 2.608452699999999971e-02 -9.501057100000000200e-02 -2.292302800000000154e-02 -3.252108399999999871e-02 9.946808219999999645e-01
1.702688219459428310e+09 -2.685538999999999808e-03 4.264699999999999741e-04 2.611657400000000004e-02 -9.394279899999999350e-02 -2.081590300000000018e-02 -3.153182599999999891e-02 9.948604110000000000e-01
1.702688219709184408e+09 -2.684445000000000147e-03 4.321850000000000236e-04 2.614840300000000062e-02 -9.322965900000000639e-02 -1.489244099999999932e-02 -3.206093599999999821e-02 9.950168729999999684e-01
1.702688219956988096e+09 -2.685223000000000037e-03 4.389069999999999907e-04 2.618174300000000038e-02 -9.373349000000000264e-02 -6.586012999999999937e-03 -3.303127699999999778e-02 9.950274230000000220e-01
1.702688220164463282e+09 -2.686608000000000052e-03 4.436350000000000037e-04 2.620827400000000015e-02 -9.382570499999999536e-02 -4.908202000000000398e-03 -3.354643999999999682e-02 9.950112100000000348e-01
1.702688220413036108e+09 -2.686754999999999872e-03 4.496069999999999798e-04 2.624087799999999873e-02 -9.403379300000000440e-02 1.061339999999999972e-04 -3.352298599999999767e-02 9.950044749999999993e-01
1.702688221539165497e+09 -2.674586000000000064e-03 4.774930000000000038e-04 2.638701200000000135e-02 -9.161768100000000636e-02 3.888687500000000130e-02 -3.633554700000000276e-02 9.943710569999999471e-01
1.702688221956384659e+09 -2.668963999999999798e-03 4.873810000000000013e-04 2.644057899999999878e-02 -9.046356399999999631e-02 5.264522900000000172e-02 -3.844796899999999851e-02 9.937638640000000523e-01
1.702688222165081263e+09 -2.665123000000000145e-03 4.916210000000000285e-04 2.646706299999999901e-02 -9.091636499999999899e-02 5.928997700000000065e-02 -3.915797199999999922e-02 9.933204650000000413e-01
1.702688222412844181e+09 -2.660244999999999884e-03 4.977490000000000213e-04 2.649838800000000119e-02 -9.004229299999999547e-02 6.348980199999999796e-02 -3.850662299999999677e-02 9.931659699999999535e-01
1.702688222662907839e+09 -2.655261999999999813e-03 5.028090000000000033e-04 2.652937199999999898e-02 -8.860468100000000458e-02 6.392784399999999756e-02 -3.786783999999999983e-02 9.932917359999999807e-01
1.702688222913859606e+09 -2.651787000000000068e-03 5.087409999999999459e-04 2.656196799999999830e-02 -8.941344900000000595e-02 6.256537900000000429e-02 -3.858270899999999975e-02 9.932785029999999793e-01
1.702688223455141783e+09 -2.644406000000000187e-03 5.217989999999999825e-04 2.663114100000000053e-02 -9.015436500000000020e-02 5.073559300000000244e-02 -3.797356000000000342e-02 9.939095380000000368e-01
1.702688223704744339e+09 -2.641478000000000055e-03 5.271100000000000134e-04 2.666357700000000081e-02 -9.020303200000000243e-02 4.312340199999999818e-02 -3.678874699999999665e-02 9.943090079999999942e-01
1.702688223954461336e+09 -2.640092000000000133e-03 5.330250000000000135e-04 2.669458300000000089e-02 -8.934562699999999691e-02 3.704106100000000013e-02 -3.642256199999999861e-02 9.946450589999999981e-01
1.702688224246341705e+09 -2.639321000000000028e-03 5.390570000000000127e-04 2.672561099999999981e-02 -9.061085400000000456e-02 2.708030700000000138e-02 -3.509777399999999825e-02 9.948992129999999490e-01
1.702688224499804020e+09 -2.638665000000000108e-03 5.435960000000000314e-04 2.675034499999999829e-02 -9.106694899999999426e-02 2.001613899999999877e-02 -3.388629900000000167e-02 9.950667619999999935e-01
1.702688224785209179e+09 -2.636246999999999983e-03 5.477970000000000408e-04 2.677670899999999923e-02 -9.026263700000000667e-02 2.669675100000000120e-02 -3.476804499999999742e-02 9.949528570000000238e-01
1.702688225077722311e+09 -2.632342000000000189e-03 5.559949999999999918e-04 2.681739099999999945e-02 -9.142106799999999422e-02 3.882497900000000252e-02 -3.690180199999999744e-02 9.943706989999999690e-01
1.702688225372591734e+09 -2.629500999999999800e-03 5.619159999999999780e-04 2.685373099999999874e-02 -9.225631500000000540e-02 4.398485299999999737e-02 -3.740737200000000123e-02 9.940598010000000206e-01
1.702688225868437290e+09 -2.618469000000000005e-03 5.735500000000000364e-04 2.691646300000000158e-02 -9.073910100000000256e-02 6.485223800000000649e-02 -3.884370599999999868e-02 9.930014010000000058e-01
1.702688226202032089e+09 -2.612421000000000187e-03 5.821749999999999885e-04 2.695947900000000147e-02 -9.193868900000000399e-02 6.341893999999999310e-02 -4.016468699999999753e-02 9.929311280000000517e-01
1.702688226491573334e+09 -2.604790000000000057e-03 5.884879999999999669e-04 2.699319099999999971e-02 -9.022296200000000377e-02 8.055993899999999708e-02 -4.187542200000000242e-02 9.917743799999999554e-01
1.702688226829157352e+09 -2.595547000000000132e-03 5.952569999999999693e-04 2.703400499999999984e-02 -8.970972200000000563e-02 9.222532799999999531e-02 -4.160154199999999830e-02 9.908158179999999593e-01
1.702688227116415501e+09 -2.588460999999999800e-03 6.011179999999999865e-04 2.707049400000000050e-02 -9.019566299999999537e-02 9.328658099999999342e-02 -4.155041999999999763e-02 9.906744960000000155e-01
1.702688227407876492e+09 -2.578144000000000095e-03 6.081250000000000501e-04 2.710850399999999855e-02 -9.004495299999999702e-02 1.002847250000000051e-01 -4.264078699999999944e-02 9.899579290000000142e-01
1.702688227661375046e+09 -2.571538999999999856e-03 6.132050000000000218e-04 2.713808399999999982e-02 -8.859871299999999561e-02 1.063062850000000004e-01 -4.316379099999999996e-02 9.894372820000000290e-01
1.702688227951182604e+09 -2.564026000000000065e-03 6.195569999999999636e-04 2.717605199999999915e-02 -8.897743399999999414e-02 1.008209060000000018e-01 -4.257688999999999918e-02 9.900026920000000175e-01
1.702688228200744867e+09 -2.556285000000000154e-03 6.256579999999999650e-04 2.720687700000000084e-02 -8.831542700000000190e-02 1.065467519999999946e-01 -4.413149899999999765e-02 9.893940690000000426e-01
1.702688228493070126e+09 -2.546217999999999832e-03 6.304509999999999715e-04 2.724129900000000007e-02 -8.825202999999999520e-02 1.107379869999999961e-01 -4.409962500000000341e-02 9.889408349999999626e-01
1.702688228781436682e+09 -2.535161000000000185e-03 6.366050000000000484e-04 2.727657699999999977e-02 -8.597619800000000367e-02 1.305473149999999971e-01 -4.498064899999999755e-02 9.866824749999999478e-01
1.702688229074207544e+09 -2.521253000000000209e-03 6.399360000000000204e-04 2.731284900000000015e-02 -8.559414699999999543e-02 1.432420610000000039e-01 -4.675247099999999684e-02 9.848703739999999929e-01
1.702688229337942123e+09 -2.510903000000000093e-03 6.482309999999999808e-04 2.734200300000000014e-02 -8.416204900000000266e-02 1.503364440000000135e-01 -4.770149299999999759e-02 9.838903549999999942e-01
1.702688229614859104e+09 -2.502841999999999914e-03 6.519380000000000184e-04 2.737645799999999935e-02 -8.366323999999999983e-02 1.611228439999999873e-01 -4.777158399999999888e-02 9.822208879999999587e-01
1.702688229906644106e+09 -2.485156000000000084e-03 6.569390000000000472e-04 2.741189499999999862e-02 -8.345074199999999442e-02 1.708056629999999965e-01 -4.730583399999999800e-02 9.806240800000000091e-01
1.702688230196976662e+09 -2.469989000000000125e-03 6.620449999999999946e-04 2.744573399999999941e-02 -8.226241900000000329e-02 1.762468670000000015e-01 -4.762549299999999791e-02 9.797457459999999729e-01
1.702688230572820187e+09 -2.452997000000000163e-03 6.691060000000000410e-04 2.749150599999999889e-02 -8.416428400000000587e-02 1.810204089999999932e-01 -4.804460700000000306e-02 9.786928889999999548e-01
1.702688231155379534e+09 -2.429839000000000044e-03 6.793660000000000410e-04 2.756329999999999891e-02 -8.642323300000000208e-02 1.570014210000000021e-01 -4.717135100000000025e-02 9.826782349999999555e-01
1.702688231446124554e+09 -2.420485999999999905e-03 6.855620000000000203e-04 2.759795300000000146e-02 -8.696790000000000076e-02 1.410651649999999924e-01 -4.570417499999999966e-02 9.851133819999999819e-01
1.702688231780295849e+09 -2.411355000000000009e-03 6.942720000000000098e-04 2.764203800000000072e-02 -8.859939099999999956e-02 1.228067060000000016e-01 -4.275122700000000275e-02 9.875429270000000148e-01
1.702688232113836765e+09 -2.403167999999999797e-03 7.008970000000000217e-04 2.768427299999999883e-02 -9.028077099999999577e-02 1.057394219999999996e-01 -4.220719299999999702e-02 9.893872740000000388e-01
1.702688232611936808e+09 -2.394453999999999853e-03 7.138729999999999598e-04 2.774770400000000151e-02 -9.040445799999999310e-02 7.868331700000000262e-02 -3.821717599999999854e-02 9.920561310000000077e-01
1.702688232960220575e+09 -2.389560000000000208e-03 7.199080000000000062e-04 2.778983900000000021e-02 -9.166045500000000179e-02 6.395533700000000099e-02 -3.740127000000000035e-02 9.930303099999999716e-01
1.702688233403072834e+09 -2.383919999999999876e-03 7.311079999999999532e-04 2.784837600000000107e-02 -9.210330999999999380e-02 4.261794299999999841e-02 -3.506435499999999844e-02 9.942188859999999684e-01
1.702688233779441833e+09 -2.383323000000000125e-03 7.409279999999999642e-04 2.789763500000000049e-02 -9.243679000000000479e-02 2.570666200000000165e-02 -3.209130500000000052e-02 9.948692319999999922e-01
1.702688234235087156e+09 -2.385060999999999952e-03 7.513310000000000474e-04 2.795627700000000160e-02 -9.334557500000000008e-02 1.034846600000000061e-02 -3.211946799999999824e-02 9.950617550000000477e-01
1.702688234610731840e+09 -2.384839000000000143e-03 7.612660000000000260e-04 2.800541200000000036e-02 -9.492094099999999479e-02 -4.232600000000000099e-05 -3.118954599999999855e-02 9.949961299999999786e-01
1.702688235028414726e+09 -2.385754999999999820e-03 7.702800000000000315e-04 2.805733100000000133e-02 -9.391177400000000342e-02 -2.971712000000000051e-03 -3.082295700000000152e-02 9.950988290000000180e-01
1.702688235483720541e+09 -2.388070999999999857e-03 7.796710000000000099e-04 2.811419799999999997e-02 -9.522461100000000067e-02 -1.193573300000000045e-02 -3.121186999999999920e-02 9.948948029999999942e-01
1.702688235904521942e+09 -2.390867000000000079e-03 7.891159999999999711e-04 2.816486199999999884e-02 -9.637263399999999869e-02 -3.207527500000000031e-02 -2.962318200000000137e-02 9.943872089999999941e-01
1.702688236316504717e+09 -2.392249999999999845e-03 7.969230000000000541e-04 2.821503200000000100e-02 -9.490912399999999749e-02 -2.655079600000000151e-02 -3.059893799999999914e-02 9.946612719999999852e-01
1.702688237149650574e+09 -2.393596000000000005e-03 8.172560000000000371e-04 2.832008499999999832e-02 -9.641256199999999332e-02 -7.482433000000000139e-03 -3.293077600000000188e-02 9.947684409999999477e-01
1.702688237498155117e+09 -2.389515999999999949e-03 8.254560000000000196e-04 2.836166700000000013e-02 -9.729338399999999665e-02 1.237416000000000080e-03 -3.342943999999999777e-02 9.946933980000000064e-01
1.702688238275112629e+09 -2.386339999999999816e-03 8.427699999999999558e-04 2.846409600000000123e-02 -9.665602399999999317e-02 3.790247100000000008e-02 -3.767650599999999850e-02 9.938820600000000116e-01
1.702688238736720562e+09 -2.380381999999999897e-03 8.545039999999999624e-04 2.852135700000000065e-02 -9.506686000000000303e-02 3.186569399999999996e-02 -3.622546399999999889e-02 9.943010810000000310e-01
1.702688239148632288e+09 -2.375859000000000130e-03 8.659190000000000420e-04 2.857347600000000043e-02 -9.450256099999999881e-02 3.350332000000000310e-02 -3.675324099999999899e-02 9.942816500000000168e-01
1.702688239480493546e+09 -2.366239999999999923e-03 8.730030000000000168e-04 2.861614200000000066e-02 -9.537570200000000664e-02 3.514580099999999735e-02 -3.690206599999999726e-02 9.941360350000000290e-01
1.702688239815783501e+09 -2.362485000000000106e-03 8.810069999999999490e-04 2.865856899999999832e-02 -9.447389800000000060e-02 3.525219100000000216e-02 -3.661834099999999870e-02 9.942288989999999993e-01
1.702688240229991913e+09 -2.365402999999999863e-03 8.897370000000000365e-04 2.871181100000000028e-02 -9.543040399999999646e-02 3.478148999999999824e-02 -3.729112400000000188e-02 9.941291209999999490e-01
1.702688240564853191e+09 -2.357459000000000117e-03 8.994100000000000098e-04 2.875255800000000098e-02 -9.490154700000000276e-02 3.705281800000000125e-02 -3.687624999999999931e-02 9.941131469999999748e-01
1.702688240941674471e+09 -2.356756000000000215e-03 9.064369999999999546e-04 2.880014499999999922e-02 -9.433120500000000130e-02 3.795389099999999655e-02 -3.619959999999999845e-02 9.941582679999999561e-01
1.702688241272750378e+09 -2.359874999999999994e-03 9.139890000000000340e-04 2.884385399999999863e-02 -9.465663100000000496e-02 3.731162100000000315e-02 -3.681041300000000016e-02 9.941292409999999968e-01
1.702688241942994356e+09 -2.345892999999999937e-03 9.295020000000000192e-04 2.892416299999999926e-02 -9.311202200000000262e-02 4.012813400000000280e-02 -3.688118199999999847e-02 9.941627979999999587e-01
1.702688242562241554e+09 -2.335671000000000101e-03 9.423370000000000140e-04 2.900336300000000075e-02 -9.510284700000000424e-02 4.205342000000000108e-02 -3.720997999999999667e-02 9.938824769999999864e-01
1.702688242939709902e+09 -2.330830999999999788e-03 9.530300000000000013e-04 2.905334500000000125e-02 -9.742628000000000399e-02 4.408960800000000235e-02 -3.792532900000000068e-02 9.935421349999999929e-01
1.702688243353327990e+09 -2.326416999999999895e-03 9.637800000000000186e-04 2.910471300000000081e-02 -9.693765599999999705e-02 4.702572499999999739e-02 -3.830077500000000218e-02 9.934408660000000335e-01
1.702688243685340405e+09 -2.328162999999999847e-03 9.719180000000000007e-04 2.914837600000000015e-02 -9.868264899999999729e-02 4.089388299999999893e-02 -3.737293900000000085e-02 9.935757520000000342e-01
1.702688244022066116e+09 -2.326882000000000169e-03 9.765909999999999608e-04 2.918771300000000055e-02 -9.755715700000000545e-02 3.305302200000000135e-02 -3.642702800000000019e-02 9.940136670000000452e-01
1.702688244311707020e+09 -2.327224000000000133e-03 9.871170000000000291e-04 2.922579299999999991e-02 -9.719216099999999914e-02 2.570949900000000024e-02 -3.577710299999999760e-02 9.942900540000000342e-01
1.702688244644537926e+09 -2.326327999999999903e-03 9.968889999999999349e-04 2.926600500000000118e-02 -9.504196800000000445e-02 1.371501099999999918e-02 -3.301900299999999816e-02 9.948309659999999832e-01
1.702688245394082546e+09 -2.326386000000000166e-03 1.011133999999999904e-03 2.935750800000000091e-02 -9.449549000000000143e-02 1.239997099999999922e-02 -3.235393799999999875e-02 9.949221609999999716e-01
1.702688245651625156e+09 -2.330407000000000051e-03 1.019397000000000011e-03 2.938422699999999887e-02 -9.303177099999999922e-02 1.335750800000000058e-02 -3.296399099999999804e-02 9.950276609999999522e-01
1.702688245938695192e+09 -2.322671000000000111e-03 1.021893000000000063e-03 2.940038000000000026e-02 -9.360066100000000167e-02 1.298181799999999914e-02 -3.234695600000000310e-02 9.949995280000000220e-01
1.702688246308021784e+09 -2.321778000000000036e-03 1.022219999999999900e-03 2.939991800000000058e-02 -9.278355500000000367e-02 1.454132999999999988e-02 -3.237535099999999666e-02 9.950535889999999606e-01
1.702688246725628614e+09 -2.321693000000000107e-03 1.022314999999999986e-03 2.940075799999999906e-02 -9.299142700000000150e-02 1.413408399999999988e-02 -3.268702300000000255e-02 9.950298669999999568e-01
1.702688246933677197e+09 -2.321581999999999986e-03 1.022359999999999935e-03 2.940027200000000160e-02 -9.292954200000000387e-02 1.406880500000000020e-02 -3.233020400000000127e-02 9.950482250000000084e-01
