1.702688123750164747e+09 0.000000000000000000e+00 0.000000000000000000e+00 0.000000000000000000e+00 -0.000000000000000000e+00 -0.000000000000000000e+00 -0.000000000000000000e+00 1.000000000000000000e+00
1.702688124081733227e+09 2.697900000000000038e-05 8.657500000000000373e-05 1.890762999999999949e-03 -3.449200000000000248e-04 4.313620000000000215e-04 4.783260000000000007e-04 9.999997619999999587e-01
1.702688124373106241e+09 -4.066799999999999755e-05 1.260260000000000026e-04 3.479827999999999914e-03 5.490910000000000322e-04 2.887909999999999935e-04 -9.071199999999999479e-05 9.999998209999999554e-01
1.702688124872781754e+09 -2.144790000000000043e-04 7.561100000000000503e-05 6.311330000000000412e-03 -9.213049999999999755e-04 -3.342200000000000032e-03 -2.931550000000000215e-04 9.999939799999999490e-01
1.702688125043920755e+09 -3.231800000000000059e-04 1.029379999999999960e-04 7.162289999999999976e-03 -9.307189999999999908e-04 -3.536549999999999850e-03 -3.842499999999999887e-04 9.999932649999999645e-01
1.702688125120471716e+09 -3.595539999999999934e-04 6.288199999999999866e-05 7.628829999999999639e-03 -1.132381000000000013e-03 -4.159139000000000065e-03 -8.900240000000000018e-04 9.999903439999999755e-01
1.702688125622297287e+09 -2.320169999999999980e-04 3.652799999999999992e-05 1.042053899999999950e-02 -1.421231999999999921e-03 -2.180175999999999815e-03 4.025860000000000246e-04 9.999965429999999600e-01
1.702688126119512081e+09 -2.580160000000000179e-04 1.269400000000000077e-05 1.317401699999999967e-02 -1.780522000000000094e-03 -4.137687999999999609e-03 7.847509999999999816e-04 9.999895690000000226e-01
1.702688126204810381e+09 -2.693150000000000058e-04 -2.837000000000000112e-06 1.367919400000000042e-02 -1.385965000000000070e-03 -5.065860999999999628e-03 2.663289999999999907e-04 9.999861719999999510e-01
1.702688126370384932e+09 -2.837870000000000258e-04 1.368999999999999937e-06 1.456889800000000026e-02 -1.566378999999999905e-03 -4.461096999999999806e-03 6.898040000000000248e-04 9.999886159999999968e-01
1.702688126461143494e+09 -2.751000000000000190e-04 1.771199999999999915e-05 1.499956399999999995e-02 -1.847061000000000102e-03 -4.248019999999999921e-03 1.054809999999999992e-03 9.999887349999999619e-01
1.702688126789506912e+09 -7.651300000000000419e-05 -7.960800000000000081e-05 1.680348599999999942e-02 -6.502419999999999858e-04 -3.829604999999999815e-03 1.843259000000000087e-03 9.999907609999999503e-01
1.702688126913067341e+09 -1.685679999999999893e-04 -1.021620000000000020e-04 1.749273900000000020e-02 -1.691460000000000099e-04 -3.799784000000000061e-03 2.160984999999999816e-03 9.999904630000000516e-01
1.702688127166734934e+09 -1.917429999999999970e-04 -7.914199999999999545e-05 1.883326999999999918e-02 7.646680000000000317e-04 -3.306767999999999860e-03 1.471019000000000059e-03 9.999932049999999961e-01
1.702688127412698984e+09 -4.009889999999999787e-04 -8.360999999999999400e-05 2.018813399999999994e-02 7.252320000000000251e-04 -5.857104000000000130e-03 1.235369000000000050e-03 9.999818209999999929e-01
1.702688127748889685e+09 -5.768400000000000133e-04 -8.142999999999999794e-05 2.204691400000000079e-02 4.603300000000000057e-04 -1.592160199999999998e-02 1.866400000000000047e-03 9.998714330000000317e-01
1.702688127912306786e+09 -7.030170000000000082e-04 -6.257099999999999435e-05 2.299068300000000134e-02 6.802680000000000402e-04 -1.791927199999999998e-02 1.502045999999999937e-03 9.998381140000000000e-01
1.702688128079717398e+09 -7.800100000000000349e-04 -6.720899999999999975e-05 2.386608299999999974e-02 1.786129999999999923e-03 -1.790169299999999977e-02 5.382370000000000036e-04 9.998380540000000316e-01
1.702688128578850508e+09 -7.944579999999999481e-04 -3.531599999999999865e-05 2.652547300000000080e-02 3.069753000000000152e-03 -2.391902900000000137e-02 4.216979999999999730e-04 9.997091289999999741e-01
1.702688128746195316e+09 -1.059767999999999995e-03 -5.782599999999999828e-05 2.749521699999999888e-02 1.679858999999999910e-03 -2.636799399999999877e-02 3.630320000000000031e-04 9.996508360000000426e-01
1.702688128952136517e+09 -1.098886000000000090e-03 -8.090000000000000132e-05 2.855728199999999981e-02 2.373534000000000060e-03 -3.091230199999999914e-02 -7.031200000000000037e-05 9.995192889999999775e-01
1.702688129331941605e+09 -1.177120000000000033e-03 -5.452599999999999938e-05 3.058535199999999968e-02 4.083777000000000240e-03 -2.484011800000000131e-02 6.848159999999999838e-04 9.996828439999999594e-01
1.702688129535256386e+09 -1.161342000000000103e-03 -1.391309999999999932e-04 3.175481399999999926e-02 3.916237999999999837e-03 -2.325657799999999997e-02 1.010606000000000048e-03 9.997214079999999781e-01
1.702688129744809628e+09 -1.182261999999999896e-03 -9.025200000000000258e-05 3.292700600000000172e-02 2.932562000000000103e-03 -2.735914999999999875e-02 2.209951999999999837e-03 9.996189479999999516e-01
1.702688129952396631e+09 -1.345557000000000046e-03 -1.217289999999999995e-04 3.401211999999999985e-02 2.261421000000000004e-03 -2.760118799999999872e-02 2.673776000000000104e-03 9.996128680000000433e-01
1.702688130158436775e+09 -1.495748000000000086e-03 -5.934000000000000276e-06 3.520041000000000142e-02 1.800673999999999938e-03 -3.029709499999999958e-02 3.005467999999999855e-03 9.995347860000000084e-01
1.702688130366457462e+09 -1.497239000000000035e-03 -2.259900000000000166e-05 3.634342899999999654e-02 3.013679999999999918e-04 -2.744578400000000085e-02 1.785614000000000038e-03 9.996216890000000355e-01
1.702688130576407671e+09 -1.423516000000000104e-03 1.801900000000000146e-05 3.745656800000000258e-02 -3.068130000000000184e-04 -2.481207599999999888e-02 2.846178999999999897e-03 9.996880289999999780e-01
1.702688130783398628e+09 -1.576050999999999971e-03 3.593600000000000288e-05 3.860757900000000298e-02 -1.300223999999999998e-03 -2.253590000000000107e-02 2.536586999999999870e-03 9.997419709999999515e-01
1.702688131036561966e+09 -1.582068999999999967e-03 1.134100000000000035e-05 3.992604100000000239e-02 -1.924046000000000003e-03 -1.995297700000000021e-02 1.967153000000000131e-03 9.997971650000000432e-01
1.702688131282977104e+09 -1.620258999999999979e-03 -1.621100000000000115e-05 4.130692799999999970e-02 -1.469788000000000084e-03 -1.159494500000000060e-02 1.212783000000000047e-03 9.999309779999999703e-01
1.702688131533563614e+09 -1.566345000000000020e-03 -4.275399999999999757e-05 4.265843300000000254e-02 -1.186098999999999921e-03 -8.691785000000000483e-03 1.073254000000000048e-03 9.999609590000000381e-01
1.702688131785080910e+09 -1.341732999999999901e-03 2.544099999999999918e-05 4.403661600000000065e-02 -9.294709999999999648e-04 -5.367361999999999654e-03 1.391062999999999892e-03 9.999842049999999594e-01
1.702688132074300051e+09 -1.214550000000000005e-03 5.618799999999999804e-05 4.555415000000000159e-02 -2.760300000000000253e-04 -3.238040000000000189e-04 1.315497000000000107e-03 9.999990460000000025e-01
1.702688132376459122e+09 -1.224117000000000044e-03 2.393599999999999919e-05 4.709773099999999685e-02 4.663770000000000242e-04 -3.962470000000000163e-04 1.116414000000000035e-03 9.999991660000000504e-01
1.702688132657383680e+09 -1.270943999999999980e-03 -9.663000000000000487e-06 4.861367099999999719e-02 -8.002039999999999978e-04 3.982049999999999999e-04 5.910279999999999527e-04 9.999994039999999806e-01
1.702688132948720217e+09 -1.222402999999999944e-03 -1.623100000000000096e-05 5.018189199999999878e-02 -3.420230000000000015e-04 1.923829999999999909e-04 4.556249999999999753e-04 9.999998209999999554e-01
1.702688133244497776e+09 -1.315975999999999951e-03 5.290400000000000034e-05 5.180560399999999815e-02 -5.461360000000000173e-04 1.060243999999999900e-03 -5.032460000000000535e-04 9.999991660000000504e-01
1.702688133532340288e+09 -1.501413000000000053e-03 1.438029999999999918e-04 5.330979100000000220e-02 -1.238593000000000072e-03 5.502050000000000083e-04 -8.386370000000000413e-04 9.999987479999999929e-01
1.702688133868902445e+09 -1.432228000000000017e-03 1.247339999999999885e-04 5.508284599999999781e-02 -2.926465999999999963e-03 -2.049999999999999854e-06 -1.235952000000000014e-03 9.999949930000000542e-01
1.702688134196194649e+09 -1.489745000000000002e-03 1.212560000000000059e-04 5.678105399999999747e-02 -1.853033999999999931e-03 1.962610999999999956e-03 -5.486860000000000522e-04 9.999961849999999819e-01
1.702688134530259132e+09 -1.461639999999999944e-03 1.679659999999999975e-04 5.863317099999999782e-02 -1.489841999999999902e-03 2.443424000000000030e-03 4.040499999999999685e-05 9.999959470000000517e-01
1.702688134739814997e+09 -1.480091999999999909e-03 1.396550000000000037e-04 5.965735400000000271e-02 -2.446887000000000020e-03 2.058786999999999857e-03 -6.172229999999999687e-04 9.999946950000000445e-01
1.702688135115931511e+09 -1.455953999999999972e-03 1.035619999999999954e-04 6.167602199999999701e-02 -2.636977999999999892e-03 3.551875999999999818e-03 2.993500000000000054e-05 9.999902250000000103e-01
1.702688135332264423e+09 -1.455268000000000013e-03 1.037400000000000063e-04 6.276676100000000424e-02 -1.860157000000000086e-03 4.783429999999999974e-03 1.873590000000000064e-04 9.999868269999999670e-01
1.702688135572385550e+09 -1.437687999999999900e-03 1.715350000000000034e-04 6.402958200000000155e-02 2.317899999999999949e-05 2.003511999999999828e-03 6.486330000000000220e-04 9.999977949999999671e-01
1.702688135783713579e+09 -1.555647999999999970e-03 1.260649999999999933e-04 6.511867799999999928e-02 -1.887229000000000033e-03 2.772847000000000159e-03 -1.960839999999999881e-04 9.999943970000000348e-01
1.702688136028672934e+09 -1.468155999999999975e-03 1.743220000000000023e-04 6.637530799999999398e-02 -1.715794999999999994e-03 2.473381000000000191e-03 7.575300000000000469e-05 9.999954699999999974e-01
1.702688136239547491e+09 -1.519614000000000078e-03 1.466130000000000005e-04 6.736642099999999578e-02 -2.550532999999999793e-03 7.414015000000000362e-03 -6.658649999999999682e-04 9.999690650000000458e-01
1.702688136446591854e+09 -1.567152999999999949e-03 1.717400000000000057e-04 6.827362600000000392e-02 -1.249644000000000059e-03 6.430616000000000110e-03 -4.304339999999999924e-04 9.999784830000000291e-01
1.702688136656612158e+09 -1.553944000000000028e-03 1.534329999999999928e-04 6.911517699999999986e-02 -1.039472000000000052e-03 4.931557999999999949e-03 -3.295129999999999739e-04 9.999872450000000246e-01
1.702688136862253666e+09 -1.486946000000000058e-03 1.509109999999999922e-04 7.005704199999999993e-02 -1.015852000000000031e-03 5.205600999999999805e-03 -4.564029999999999736e-04 9.999858139999999729e-01
1.702688137112512827e+09 -1.438454000000000035e-03 1.623600000000000108e-04 7.120210700000000059e-02 -1.301200000000000010e-05 4.631988000000000077e-03 -8.849809999999999621e-04 9.999889140000000065e-01
1.702688137319440842e+09 -1.519495999999999954e-03 1.351900000000000118e-04 7.217982400000000354e-02 -1.659143999999999983e-03 1.011560000000000052e-04 6.622530000000000170e-04 9.999983909999999865e-01
1.702688137528168678e+09 -1.428622999999999959e-03 1.287279999999999913e-04 7.307874400000000104e-02 -1.643825000000000017e-03 -1.216950000000000063e-04 1.054692000000000086e-03 9.999980929999999768e-01
1.702688137948315859e+09 -1.412084999999999990e-03 1.559110000000000053e-04 7.485748799999999981e-02 -1.837225000000000056e-03 -2.071630000000000086e-04 4.094009999999999923e-04 9.999982120000000529e-01
1.702688138151272774e+09 -1.346774999999999925e-03 1.485249999999999917e-04 7.574471800000000254e-02 -1.402805999999999931e-03 -1.462049999999999895e-03 1.302004000000000052e-03 9.999971389999999793e-01
1.702688138403427362e+09 -1.377380000000000097e-03 1.530529999999999998e-04 7.685398300000000071e-02 -2.120537000000000030e-03 -3.073264999999999938e-03 1.731588999999999958e-03 9.999915360000000142e-01
1.702688138611531258e+09 -1.459605000000000104e-03 1.943530000000000008e-04 7.771819800000000222e-02 -1.614577999999999977e-03 -6.866233000000000232e-03 2.797420000000000115e-03 9.999712109999999710e-01
1.702688138820494890e+09 -1.446365999999999928e-03 1.979849999999999958e-04 7.869318100000000094e-02 -4.794409999999999926e-04 -1.462629000000000012e-03 1.811055000000000000e-03 9.999971989999999478e-01
1.702688139033727646e+09 -1.352391000000000097e-03 1.587860000000000074e-04 7.955947500000000450e-02 9.928100000000000033e-05 8.785855999999999874e-03 1.989227000000000096e-03 9.999594090000000213e-01
1.702688139238245964e+09 -1.288894000000000064e-03 1.811790000000000080e-04 8.051409599999999334e-02 1.074868999999999998e-03 2.082055099999999964e-02 8.065109999999999901e-04 9.997823240000000000e-01
1.702688139443001509e+09 -1.211894999999999943e-03 1.579969999999999986e-04 8.143297600000000414e-02 1.330054999999999909e-03 3.185339300000000068e-02 5.752420000000000059e-04 9.994915130000000536e-01
1.702688139609967709e+09 -1.170145000000000039e-03 1.742109999999999893e-04 8.217249100000000028e-02 1.762024000000000055e-03 4.009559399999999829e-02 -4.246800000000000065e-05 9.991943239999999671e-01
1.702688139820947886e+09 -1.018405999999999912e-03 8.613500000000000117e-05 8.297486599999999435e-02 1.671575000000000014e-03 4.792603899999999667e-02 -3.581430000000000030e-04 9.988494519999999710e-01
1.702688140029549837e+09 -9.059730000000000213e-04 8.379900000000000185e-05 8.384934800000000410e-02 1.654312999999999921e-03 5.763587399999999666e-02 1.996780000000000083e-04 9.983363149999999742e-01
1.702688140192284584e+09 -8.354999999999999797e-04 1.446920000000000031e-04 8.456231699999999796e-02 3.133753999999999880e-03 6.507885500000000489e-02 -2.547700000000000019e-05 9.978752140000000104e-01
1.702688140357342482e+09 -7.359019999999999754e-04 1.218470000000000008e-04 8.531720900000000496e-02 3.161800000000000201e-03 7.324881900000000667e-02 1.247870000000000099e-04 9.973086709999999799e-01
1.702688140525100470e+09 -5.985320000000000354e-04 1.839809999999999991e-04 8.604726199999999936e-02 2.674385999999999951e-03 8.013699900000000043e-02 -7.708250000000000475e-04 9.967799779999999554e-01
1.702688141233258009e+09 -2.838999999999999839e-06 2.222450000000000109e-04 8.916544199999999754e-02 2.089801999999999979e-03 1.036909450000000066e-01 3.538610000000000193e-03 9.946011300000000555e-01
1.702688141401331425e+09 1.187719999999999938e-04 1.793049999999999917e-04 8.964402999999999955e-02 1.718776999999999892e-03 1.032361690000000026e-01 3.750954999999999828e-03 9.946483369999999935e-01
1.702688141569413900e+09 4.263709999999999874e-04 1.798710000000000131e-04 9.046958400000000566e-02 1.241221000000000034e-03 1.032233760000000056e-01 2.572005999999999945e-03 9.946541190000000032e-01
1.702688141732712030e+09 5.046780000000000493e-04 2.030789999999999982e-04 9.112267899999999810e-02 2.370689000000000043e-03 1.008668090000000017e-01 2.820009999999999965e-03 9.948931340000000123e-01
1.702688143027066708e+09 1.525866999999999979e-03 1.537029999999999885e-04 9.675943900000000264e-02 2.353245999999999810e-03 9.021397700000000075e-02 2.483536000000000164e-03 9.959165450000000419e-01
1.702688143233215809e+09 1.719589000000000100e-03 1.862699999999999903e-04 9.763690099999999816e-02 1.911399000000000041e-03 8.882916700000000054e-02 1.968201000000000152e-03 9.960430860000000219e-01
1.702688143730020285e+09 1.882123999999999993e-03 1.337880000000000005e-04 9.978122300000000222e-02 2.085396000000000211e-03 8.499371299999999851e-02 9.320570000000000244e-04 9.963788989999999846e-01
1.702688144564672470e+09 2.544747999999999889e-03 5.739899999999999712e-05 1.033664420000000028e-01 2.443229999999999794e-03 8.604463199999999590e-02 1.676193000000000084e-03 9.962869290000000433e-01
1.702688144775765181e+09 2.752974000000000046e-03 9.009300000000000630e-05 1.042701679999999964e-01 3.464945000000000091e-03 8.612982900000000497e-02 2.018738999999999863e-03 9.962758419999999671e-01
1.702688145066237450e+09 2.990804000000000119e-03 7.280900000000000035e-05 1.055492829999999937e-01 2.723632000000000136e-03 9.558824400000000276e-02 1.209758000000000014e-03 9.954165219999999703e-01
1.702688145271987200e+09 3.269780999999999816e-03 8.597199999999999612e-05 1.065156240000000032e-01 2.000201000000000062e-03 9.521055999999999964e-02 1.573919999999999920e-03 9.954538939999999503e-01
1.702688145770009756e+09 3.591270000000000139e-03 4.042900000000000204e-05 1.086274680000000048e-01 8.618709999999999479e-04 9.276463100000000017e-02 1.297397999999999954e-03 9.956868290000000510e-01
1.702688146314565420e+09 3.962674999999999705e-03 3.859600000000000113e-05 1.109386829999999963e-01 4.273991999999999895e-03 6.893818799999999747e-02 2.071068000000000128e-03 9.976096749999999735e-01
1.702688146603670359e+09 4.073603999999999767e-03 1.120359999999999959e-04 1.123808030000000013e-01 2.931407000000000023e-03 5.681701399999999902e-02 1.240734999999999972e-03 9.983795290000000433e-01
1.702688146854691982e+09 4.128170999999999924e-03 1.363959999999999999e-04 1.135313879999999970e-01 1.233025999999999914e-03 4.474585100000000315e-02 7.937239999999999920e-04 9.989973309999999884e-01
1.702688147102916002e+09 4.240863000000000098e-03 1.515730000000000072e-04 1.145015360000000010e-01 1.726579000000000004e-03 4.572515199999999808e-02 8.339550000000000478e-04 9.989522100000000071e-01
1.702688147354245901e+09 4.382412999999999934e-03 1.338129999999999875e-04 1.156084839999999975e-01 2.402205000000000139e-03 5.736704200000000003e-02 9.621830000000000270e-04 9.983498450000000135e-01
1.702688148150260210e+09 4.951393999999999587e-03 1.183800000000000016e-04 1.192345840000000046e-01 8.317729999999999525e-04 6.241679599999999661e-02 -6.477920000000000076e-04 9.980496169999999445e-01
1.702688148435798645e+09 5.074697999999999883e-03 1.184990000000000050e-04 1.204516290000000045e-01 1.896850000000000055e-03 6.379717599999999711e-02 -8.694490000000000031e-04 9.979606869999999574e-01
1.702688148727200985e+09 5.178336000000000397e-03 8.610299999999999876e-05 1.217804549999999958e-01 2.480973999999999940e-03 6.380676500000000140e-02 -2.681100000000000063e-04 9.979591970000000201e-01
1.702688149392708778e+09 5.684232000000000000e-03 1.036090000000000036e-04 1.247243660000000032e-01 3.145026999999999892e-03 6.452391300000000218e-02 -3.108230000000000021e-04 9.979111550000000497e-01
1.702688149726840496e+09 5.784445000000000038e-03 1.980599999999999977e-05 1.261348720000000090e-01 3.164833000000000143e-03 6.415200999999999543e-02 -4.387039999999999928e-04 9.979350569999999587e-01
1.702688149974812746e+09 5.975229000000000304e-03 1.977199999999999975e-05 1.272079939999999909e-01 2.886311999999999819e-03 6.585103999999999957e-02 1.914069999999999921e-04 9.978253249999999852e-01
1.702688150350371599e+09 6.169795999999999961e-03 -1.255100000000000062e-05 1.288398500000000058e-01 3.794075000000000052e-03 6.950387399999999327e-02 9.317569999999999629e-04 9.975740309999999722e-01
1.702688150681774139e+09 6.494803000000000381e-03 -2.810000000000000201e-06 1.303362250000000000e-01 5.469530000000000225e-03 7.373472999999999833e-02 8.363739999999999716e-04 9.972625370000000045e-01
1.702688151021274805e+09 6.677976000000000398e-03 -1.280500000000000022e-05 1.317904589999999987e-01 4.673738000000000198e-03 7.537104199999999921e-02 1.993590000000000000e-04 9.971445799999999471e-01
1.702688151391448021e+09 6.965054000000000037e-03 -3.696700000000000029e-05 1.334712799999999977e-01 2.728968999999999926e-03 7.766256500000000285e-02 -1.452129999999999936e-04 9.969760180000000194e-01
1.702688151723624706e+09 7.203053000000000060e-03 6.350599999999999811e-05 1.350852549999999874e-01 2.117691000000000105e-03 7.962157599999999946e-02 -2.187094000000000104e-03 9.968205089999999657e-01
1.702688152101733923e+09 7.458689000000000117e-03 1.401399999999999999e-05 1.366844329999999941e-01 2.913033000000000202e-03 8.174589300000000003e-02 -2.156444999999999890e-03 9.966466430000000543e-01
1.702688152474533081e+09 7.754889000000000053e-03 -6.267300000000000117e-05 1.383566559999999945e-01 2.442493999999999915e-03 8.404982099999999678e-02 -1.637920000000000066e-04 9.964585900000000329e-01
1.702688152894231319e+09 8.173468999999999179e-03 1.078700000000000023e-05 1.401672660000000126e-01 1.342859999999999974e-03 9.765337400000000112e-02 -2.234770000000000072e-03 9.952170849999999458e-01
1.702688153224511862e+09 8.512442999999999746e-03 5.837299999999999829e-05 1.415842320000000043e-01 3.289208999999999970e-03 1.081763280000000021e-01 -3.229347999999999941e-03 9.941210750000000207e-01
1.702688153513669491e+09 8.829567999999999445e-03 -6.155699999999999356e-05 1.428319809999999968e-01 2.906906999999999807e-03 1.130977870000000052e-01 -1.862577999999999933e-03 9.935778979999999594e-01
1.702688153853724003e+09 9.179348000000000368e-03 -1.071000000000000080e-05 1.442750540000000137e-01 3.264118999999999788e-03 1.137034600000000062e-01 -3.170456999999999789e-03 9.935043449999999554e-01
1.702688154225344419e+09 9.569582999999999562e-03 -6.000300000000000132e-05 1.459287850000000053e-01 3.494334999999999889e-03 1.101797219999999938e-01 -3.307609999999999890e-03 9.939000609999999458e-01
1.702688154518537760e+09 9.783391000000000656e-03 -6.902499999999999727e-05 1.471430059999999929e-01 4.799142999999999638e-03 1.056346449999999992e-01 -3.789247999999999835e-03 9.943861960000000000e-01
1.702688154888184071e+09 1.004275900000000006e-02 -6.027399999999999924e-05 1.487895700000000099e-01 5.401445999999999852e-03 9.322067400000000337e-02 -3.772237999999999807e-03 9.956237079999999962e-01
1.702688155225627184e+09 1.026962799999999940e-02 -8.110400000000000140e-05 1.502422089999999877e-01 4.001171000000000415e-03 8.531844600000000611e-02 -3.379289000000000164e-03 9.963399769999999878e-01
1.702688155598209143e+09 1.044242499999999997e-02 -1.678499999999999938e-05 1.518544410000000067e-01 2.429925999999999787e-03 7.439450200000000124e-02 -5.067648999999999591e-03 9.972130660000000368e-01
1.702688155970658302e+09 1.064825200000000041e-02 -4.923900000000000070e-05 1.534773560000000092e-01 7.303929999999999711e-04 5.639443499999999970e-02 -2.902126000000000098e-03 9.984040859999999684e-01
1.702688156301827431e+09 1.070286699999999959e-02 -8.245499999999999574e-05 1.548089679999999912e-01 -1.499120000000000107e-04 4.394739100000000231e-02 -2.700119999999999864e-03 9.990301729999999658e-01
1.702688156678430319e+09 1.079358000000000053e-02 -8.611800000000000455e-05 1.564734580000000097e-01 2.364703000000000117e-03 2.358774799999999866e-02 -2.979396999999999948e-03 9.997145530000000058e-01
1.702688157054953098e+09 1.070641100000000075e-02 -5.949700000000000312e-05 1.580865680000000106e-01 2.531085000000000192e-03 3.491665000000000133e-03 -2.956687999999999851e-03 9.999863509999999955e-01
1.702688157384394646e+09 1.065353299999999975e-02 9.860000000000000464e-06 1.597363350000000071e-01 1.425428000000000068e-03 -6.744645999999999975e-03 -4.670584000000000194e-03 9.999653699999999645e-01
1.702688157720948696e+09 1.049079999999999978e-02 -1.880500000000000037e-05 1.612142030000000004e-01 -3.822300000000000047e-04 -2.180785500000000099e-02 -5.558236000000000253e-03 9.997466799999999987e-01
1.702688158052988529e+09 1.040705700000000081e-02 -7.413200000000000106e-05 1.626268029999999865e-01 -1.240669999999999924e-03 -2.657896100000000164e-02 -5.432252999999999735e-03 9.996312259999999839e-01
1.702688158384329796e+09 1.038247399999999918e-02 -2.115799999999999970e-05 1.641762700000000130e-01 4.989999999999999997e-05 -2.588386800000000085e-02 -5.431253999999999943e-03 9.996502400000000232e-01
1.702688158718852758e+09 1.033534699999999994e-02 -2.231000000000000154e-05 1.656299679999999885e-01 4.626459999999999882e-04 -1.448836300000000063e-02 -5.619176000000000032e-03 9.998791809999999503e-01
1.702688159013438702e+09 1.032789299999999945e-02 -6.844999999999999685e-06 1.669729650000000010e-01 5.376789999999999998e-04 -1.672074399999999919e-02 -5.357996000000000286e-03 9.998457429999999535e-01
1.702688160099601507e+09 1.008420800000000075e-02 -7.808000000000000460e-06 1.718273459999999919e-01 -3.192129999999999946e-04 -3.687204399999999965e-02 -4.968980999999999919e-03 9.993076319999999457e-01
1.702688160426533461e+09 9.872926000000000618e-03 -6.563500000000000432e-05 1.732906250000000037e-01 -5.228210000000000279e-04 -2.717809399999999986e-02 -5.606632999999999756e-03 9.996147749999999554e-01
1.702688160800745726e+09 9.828659999999999480e-03 -2.251800000000000023e-05 1.749474259999999892e-01 -6.543189999999999944e-04 -1.177881899999999940e-02 -5.535672999999999636e-03 9.999151229999999613e-01
1.702688162260465145e+09 9.937914000000000816e-03 -7.041499999999999582e-05 1.812904780000000049e-01 2.041918000000000205e-03 2.632760999999999955e-03 -4.304615000000000351e-03 9.999852179999999535e-01
1.702688162505295277e+09 9.804258999999999197e-03 -6.024199999999999683e-05 1.823221740000000035e-01 1.640147999999999910e-03 5.299833999999999795e-03 -4.267159999999999877e-03 9.999755019999999606e-01
1.702688162879613638e+09 1.000445299999999996e-02 -6.312600000000000513e-05 1.840315909999999944e-01 2.645782000000000168e-03 9.383812000000000056e-03 -3.560148999999999866e-03 9.999461769999999916e-01
1.702688163630827665e+09 1.011800700000000004e-02 -2.945999999999999915e-05 1.873585279999999964e-01 2.265900999999999853e-03 2.339112800000000061e-02 -5.002320000000000204e-03 9.997113349999999787e-01
1.702688164049594641e+09 1.023590299999999932e-02 -3.055500000000000138e-05 1.892032620000000109e-01 3.021909000000000140e-03 2.930891899999999925e-02 -5.431502000000000378e-03 9.995511169999999890e-01
1.702688164462573051e+09 1.018172399999999964e-02 -3.057599999999999999e-05 1.910059749999999945e-01 4.235354999999999676e-03 3.769687900000000258e-02 -5.165488000000000197e-03 9.992669220000000019e-01
1.702688164797524929e+09 1.020441899999999930e-02 -1.537500000000000102e-05 1.925148670000000062e-01 2.866351000000000055e-03 3.393937999999999816e-02 -6.239215999999999686e-03 9.994003179999999542e-01
1.702688165257032394e+09 1.049711499999999957e-02 1.628699999999999839e-05 1.945545230000000070e-01 3.739068999999999813e-03 3.305986899999999867e-02 -6.330022999999999726e-03 9.994263049999999593e-01
1.702688165673175335e+09 1.054070000000000007e-02 -2.275099999999999952e-05 1.964368519999999951e-01 3.222197999999999903e-03 3.106872700000000084e-02 -6.364360000000000329e-03 9.994918109999999523e-01
1.702688166003127813e+09 1.055968399999999974e-02 -5.505000000000000317e-05 1.978824289999999986e-01 3.471774999999999861e-03 3.337805299999999781e-02 -6.698212000000000263e-03 9.994143250000000478e-01
1.702688166377053976e+09 1.072428999999999917e-02 -6.065500000000000118e-05 1.994942279999999957e-01 3.258519999999999993e-03 4.457938300000000020e-02 -7.754587999999999759e-03 9.989704489999999826e-01
1.702688167168895483e+09 1.087730200000000015e-02 -1.077409999999999973e-04 2.030256990000000039e-01 1.838706000000000064e-03 5.052968499999999780e-02 -8.107748999999999165e-03 9.986879829999999458e-01
1.702688167544245720e+09 1.087162600000000055e-02 -9.347800000000000185e-05 2.047028539999999897e-01 3.069459999999999984e-03 6.059962099999999935e-02 -8.246860999999999428e-03 9.981234070000000180e-01
1.702688168213598013e+09 1.134758299999999963e-02 2.661600000000000063e-05 2.075448930000000081e-01 4.373413999999999947e-03 7.183180000000000121e-02 -5.880624999999999568e-03 9.973898530000000484e-01
1.702688168545539379e+09 1.145587200000000062e-02 -1.679910000000000116e-04 2.088581170000000098e-01 3.107383999999999927e-03 7.647324399999999578e-02 -6.251305999999999877e-03 9.970471859999999742e-01
1.702688169131126642e+09 1.140829500000000059e-02 -1.101290000000000022e-04 2.113943249999999940e-01 5.084963999999999977e-03 9.433542200000000211e-02 -7.262847999999999700e-03 9.955009820000000342e-01
1.702688169627766848e+09 1.136559699999999985e-02 -1.734299999999999980e-04 2.136547420000000086e-01 3.324954000000000191e-03 1.154293640000000065e-01 -7.761994000000000359e-03 9.932798149999999548e-01
1.702688169875668049e+09 1.137627499999999993e-02 -8.393199999999999533e-05 2.147359399999999863e-01 4.464054000000000286e-03 1.254633069999999961e-01 -7.821766000000000829e-03 9.920573830000000148e-01
1.702688170249803305e+09 1.149577499999999974e-02 -2.033650000000000019e-04 2.162725630000000010e-01 6.357111999999999832e-03 1.403930489999999920e-01 -5.825999000000000108e-03 9.900583619999999696e-01
1.702688170543037176e+09 1.146893799999999970e-02 -2.022720000000000041e-04 2.178519369999999955e-01 6.067038000000000292e-03 1.571148780000000134e-01 -6.494632999999999656e-03 9.875403640000000038e-01
1.702688170791592121e+09 1.150117800000000079e-02 -1.964339999999999966e-04 2.189791650000000034e-01 6.074340999999999595e-03 1.680167320000000020e-01 -6.788530000000000085e-03 9.857420919999999587e-01
1.702688171043518066e+09 1.148197500000000017e-02 -2.194770000000000130e-04 2.200474440000000087e-01 6.524166999999999987e-03 1.783467529999999968e-01 -4.793017999999999584e-03 9.839344020000000413e-01
1.702688171292136192e+09 1.134039600000000085e-02 -2.165570000000000071e-04 2.211521860000000006e-01 6.142146000000000237e-03 1.893658789999999870e-01 -4.559305999999999949e-03 9.818767910000000265e-01
1.702688171665716171e+09 1.108993999999999952e-02 -1.451699999999999941e-04 2.224795669999999892e-01 5.362554000000000279e-03 2.004175039999999963e-01 -4.960252000000000064e-03 9.796833990000000103e-01
1.702688171956597805e+09 1.089870199999999970e-02 -1.546359999999999879e-04 2.225043620000000111e-01 2.414275999999999922e-03 1.990969330000000037e-01 -5.773529999999999808e-03 9.799598459999999678e-01
1.702688172248949051e+09 1.053022699999999964e-02 -3.315309999999999807e-04 2.227238569999999973e-01 -6.772559999999999952e-04 2.007025930000000125e-01 -6.602648000000000024e-03 9.796297550000000465e-01
1.702688172749514818e+09 9.492577999999999780e-03 -9.655990000000000363e-04 2.239256049999999998e-01 -8.479073000000000165e-03 2.084703450000000013e-01 -9.682918000000000427e-03 9.779440160000000271e-01
1.702688173037659407e+09 9.295249999999999693e-03 -9.656489999999999562e-04 2.244749960000000100e-01 -9.154587000000000488e-03 1.827097829999999867e-01 -1.025299999999999996e-02 9.830707910000000549e-01
1.702688173288269281e+09 9.409891000000000089e-03 -8.509200000000000184e-04 2.251841719999999880e-01 -9.699131999999999199e-03 1.606002749999999868e-01 -1.113752299999999987e-02 9.869090910000000161e-01
1.702688173499103069e+09 9.576704999999999593e-03 -7.244390000000000074e-04 2.258707729999999969e-01 -8.867978999999999792e-03 1.390191470000000096e-01 -1.092822899999999937e-02 9.901896719999999652e-01
1.702688173671686888e+09 9.716070999999999735e-03 -7.366340000000000084e-04 2.262107130000000077e-01 -1.002068100000000003e-02 1.256233449999999974e-01 -1.201025799999999935e-02 9.919546839999999754e-01
1.702688175080378532e+09 9.906968999999999845e-03 -7.508799999999999936e-04 2.293267700000000131e-01 -9.104288000000000311e-03 -7.554726000000000323e-03 -8.458805999999999270e-03 9.998942610000000064e-01
1.702688175454298258e+09 1.035563100000000056e-02 -7.457190000000000476e-04 2.305110690000000129e-01 -1.174145099999999997e-02 -4.438735900000000123e-02 -7.312098000000000382e-03 9.989186530000000452e-01
1.702688175874465227e+09 1.058329400000000003e-02 -9.259000000000000086e-04 2.311458140000000050e-01 -1.727888400000000130e-02 -6.245073999999999764e-02 -9.502125999999999628e-03 9.978532199999999852e-01
1.702688176038653851e+09 1.074139200000000065e-02 -9.130030000000000133e-04 2.315767850000000072e-01 -1.759250299999999892e-02 -7.548631699999999722e-02 -9.479710000000000567e-03 9.969465730000000026e-01
1.702688176202908278e+09 1.084327900000000081e-02 -9.785819999999999762e-04 2.319583590000000028e-01 -2.078120599999999998e-02 -8.592799299999999418e-02 -1.061159499999999971e-02 9.960280660000000452e-01
1.702688176371306896e+09 1.091289900000000021e-02 -1.032598999999999930e-03 2.322372050000000021e-01 -2.319605799999999857e-02 -9.340683399999999414e-02 -1.128231600000000057e-02 9.952938559999999768e-01
1.702688176743055582e+09 1.140185999999999977e-02 -1.305437000000000004e-03 2.330770940000000124e-01 -2.901508100000000159e-02 -1.210492180000000001e-01 -1.627378000000000158e-02 9.920889139999999884e-01
1.702688177037549019e+09 1.139617700000000039e-02 -1.265569999999999933e-03 2.336131929999999968e-01 -2.866987699999999986e-02 -1.354388890000000067e-01 -1.620769299999999871e-02 9.902381900000000181e-01
1.702688177247349262e+09 1.138772799999999974e-02 -1.293218999999999966e-03 2.336198240000000037e-01 -3.141403899999999777e-02 -1.345309909999999887e-01 -1.647082500000000144e-02 9.902743699999999594e-01
1.702688177534214735e+09 1.125564599999999936e-02 -1.395215999999999904e-03 2.336485530000000088e-01 -3.516883400000000298e-02 -1.321129199999999948e-01 -1.869923100000000019e-02 9.904341100000000342e-01
1.702688178126352549e+09 1.104491099999999927e-02 -1.426332999999999898e-03 2.341461330000000063e-01 -3.846655799999999792e-02 -1.429166789999999909e-01 -2.072736099999999970e-02 9.887697100000000239e-01
1.702688179032839775e+09 1.066787200000000012e-02 -1.399819000000000063e-03 2.348616269999999895e-01 -4.179726200000000169e-02 -1.742551619999999912e-01 -1.977183500000000149e-02 9.836143849999999800e-01
1.702688179160036325e+09 1.060998200000000044e-02 -1.380455999999999957e-03 2.349693180000000103e-01 -4.150496099999999994e-02 -1.788085849999999921e-01 -1.999050800000000058e-02 9.828047749999999638e-01
1.702688179331828833e+09 1.051976599999999984e-02 -1.360663999999999927e-03 2.351216819999999985e-01 -4.216982799999999948e-02 -1.840094630000000120e-01 -2.101472799999999988e-02 9.817945959999999639e-01
1.702688179492749453e+09 1.044189100000000002e-02 -1.347099999999999947e-03 2.352681010000000073e-01 -4.111461000000000282e-02 -1.915740519999999947e-01 -2.183450199999999869e-02 9.803735019999999523e-01
1.702688180034022808e+09 1.017780400000000036e-02 -1.327856000000000088e-03 2.356979549999999868e-01 -4.357878099999999699e-02 -2.132338729999999904e-01 -2.094812700000000041e-02 9.758039710000000477e-01
1.702688181407511950e+09 9.341435999999999837e-03 -1.163374000000000005e-03 2.368667130000000065e-01 -4.050957000000000169e-02 -2.764557300000000106e-01 -1.656895499999999979e-02 9.600295420000000135e-01
1.702688181532936811e+09 9.261418000000000428e-03 -1.168381999999999928e-03 2.369524239999999948e-01 -3.980638100000000179e-02 -2.817136350000000178e-01 -1.681728299999999884e-02 9.585249420000000464e-01
1.702688181907257557e+09 8.998516999999999280e-03 -1.094340000000000070e-03 2.373129870000000030e-01 -4.122874099999999931e-02 -3.007181580000000132e-01 -1.506455899999999994e-02 9.527024029999999755e-01
1.702688182073513508e+09 8.902258999999999173e-03 -1.114540000000000019e-03 2.374567539999999921e-01 -4.206749099999999852e-02 -3.103009460000000219e-01 -1.653736499999999832e-02 9.495631460000000246e-01
1.702688182622808218e+09 8.506543999999999564e-03 -1.049243000000000051e-03 2.379191820000000068e-01 -4.435928199999999988e-02 -3.397761289999999823e-01 -1.524207099999999940e-02 9.393360020000000032e-01
1.702688182951270819e+09 8.247918999999999390e-03 -1.021905000000000036e-03 2.381629500000000121e-01 -4.617002600000000290e-02 -3.578985040000000062e-01 -1.533085900000000050e-02 9.324923160000000433e-01
1.702688183115879536e+09 8.121520000000000128e-03 -9.992499999999999213e-04 2.382907270000000077e-01 -4.591616999999999921e-02 -3.685337309999999755e-01 -1.476904499999999974e-02 9.283622500000000555e-01
1.702688183279956341e+09 8.002903000000000447e-03 -9.936120000000000542e-04 2.384069109999999991e-01 -4.630019900000000022e-02 -3.775444629999999968e-01 -1.449136399999999963e-02 9.247196909999999548e-01
1.702688183613313675e+09 7.721058999999999735e-03 -9.843720000000000681e-04 2.386140380000000005e-01 -4.788439299999999732e-02 -4.025854469999999852e-01 -1.252077400000000014e-02 9.140434269999999639e-01
1.702688183988583326e+09 7.392608000000000165e-03 -9.399550000000000223e-04 2.388271989999999900e-01 -4.861592900000000217e-02 -4.278126660000000081e-01 -1.083196800000000085e-02 9.024940129999999838e-01
1.702688184156305552e+09 7.277414000000000278e-03 -9.149909999999999814e-04 2.389608320000000119e-01 -4.649060199999999893e-02 -4.422536790000000106e-01 -1.061725600000000026e-02 8.956213589999999503e-01
1.702688184328037739e+09 7.102831999999999896e-03 -8.828729999999999477e-04 2.390424160000000076e-01 -4.716773700000000125e-02 -4.543374780000000168e-01 -1.034273200000000031e-02 8.895199299999999587e-01
1.702688184490565777e+09 6.955527000000000411e-03 -8.933790000000000264e-04 2.391209159999999889e-01 -4.882726400000000216e-02 -4.677361549999999868e-01 -9.084178000000000044e-03 8.824716809999999523e-01
1.702688184653297186e+09 6.824992999999999685e-03 -8.679029999999999471e-04 2.391924559999999977e-01 -4.675010200000000171e-02 -4.815823730000000080e-01 -7.556547999999999737e-03 8.751204009999999922e-01
1.702688184860982895e+09 6.647244000000000069e-03 -8.469610000000000246e-04 2.392968679999999959e-01 -4.722367999999999705e-02 -4.982680680000000084e-01 -6.876061999999999626e-03 8.657087089999999652e-01
1.702688185073422670e+09 6.476201000000000006e-03 -8.362130000000000387e-04 2.393632980000000021e-01 -4.683039700000000277e-02 -5.144163370000000013e-01 -5.184634999999999938e-03 8.562452200000000291e-01
1.702688185281377316e+09 6.300695000000000254e-03 -8.643999999999999774e-04 2.394528240000000086e-01 -4.888096100000000055e-02 -5.313874480000000400e-01 -3.355866999999999791e-03 8.457108140000000329e-01
1.702688185610520363e+09 5.954191000000000171e-03 -7.911110000000000494e-04 2.395315319999999915e-01 -4.839976099999999948e-02 -5.557957890000000400e-01 -2.675737000000000081e-03 8.299044370000000503e-01
1.702688185785310984e+09 5.816533999999999940e-03 -7.719390000000000236e-04 2.396443339999999866e-01 -4.857817999999999858e-02 -5.722580550000000432e-01 -1.880088000000000028e-03 8.186314110000000310e-01
1.702688185945967197e+09 5.673990000000000283e-03 -7.519910000000000309e-04 2.396465239999999997e-01 -4.836960099999999818e-02 -5.822765829999999587e-01 -1.689708000000000052e-03 8.115488290000000271e-01
1.702688186692717075e+09 5.212694000000000355e-03 -7.219859999999999819e-04 2.396791430000000112e-01 -4.784304999999999808e-02 -6.206338409999999639e-01 4.214949999999999752e-04 7.826394439999999619e-01
1.702688187110407114e+09 4.910587999999999585e-03 -7.130220000000000048e-04 2.397440969999999894e-01 -4.887333099999999902e-02 -6.217745540000000348e-01 4.410549999999999844e-04 7.816696760000000355e-01
1.702688187323381901e+09 4.706591000000000420e-03 -6.798439999999999778e-04 2.398539189999999988e-01 -4.940619300000000103e-02 -6.210640670000000529e-01 7.050669999999999767e-04 7.822007539999999981e-01
1.702688188367589235e+09 3.543942999999999920e-03 -6.007469999999999997e-04 2.400375009999999865e-01 -4.914157799999999826e-02 -6.259090299999999774e-01 3.252499999999999776e-05 7.783463600000000149e-01
1.702688188780746937e+09 3.093733999999999894e-03 -5.717979999999999894e-04 2.401623730000000123e-01 -4.867562300000000119e-02 -6.165658830000000368e-01 -1.467039999999999967e-04 7.857972380000000090e-01
1.702688188985489130e+09 2.863228000000000214e-03 -5.417739999999999665e-04 2.402031570000000005e-01 -4.784994900000000273e-02 -6.160221700000000356e-01 2.268910000000000067e-04 7.862741349999999851e-01
1.702688189190366030e+09 2.628132999999999945e-03 -5.313499999999999864e-04 2.402523460000000055e-01 -4.886243099999999784e-02 -6.317058800000000529e-01 1.426851999999999938e-03 7.736653690000000472e-01
1.702688189357558012e+09 2.449840000000000004e-03 -5.151650000000000456e-04 2.402689749999999957e-01 -4.857660500000000187e-02 -6.358785030000000393e-01 1.940272999999999954e-03 7.702565190000000284e-01
1.702688189567132950e+09 2.211734999999999830e-03 -4.994010000000000116e-04 2.403001039999999866e-01 -4.890736899999999915e-02 -6.430675980000000180e-01 1.382945000000000008e-03 7.642449140000000529e-01
1.702688189857180834e+09 1.879304999999999951e-03 -4.570339999999999884e-04 2.403814489999999970e-01 -4.836692299999999917e-02 -6.382595899999999878e-01 -3.229540000000000253e-04 7.683002949999999664e-01
1.702688190065590382e+09 1.642629999999999958e-03 -4.548670000000000209e-04 2.404036069999999914e-01 -5.025406200000000212e-02 -6.510002609999999690e-01 -8.173310000000000254e-04 7.574117179999999561e-01
1.702688190236847401e+09 1.459791999999999904e-03 -4.385850000000000165e-04 2.404053210000000051e-01 -4.933626199999999878e-02 -6.560580729999999638e-01 1.039507999999999968e-03 7.530953879999999767e-01
1.702688190439844131e+09 1.233354000000000091e-03 -4.162179999999999916e-04 2.404338420000000087e-01 -4.748954300000000212e-02 -6.627897019999999806e-01 1.696252000000000090e-03 7.472962739999999826e-01
1.702688190607600927e+09 1.043572999999999897e-03 -4.033129999999999788e-04 2.404522450000000089e-01 -4.776421599999999823e-02 -6.551845670000000510e-01 4.646189999999999912e-04 7.539572719999999562e-01
1.702688190821683645e+09 8.197579999999999667e-04 -4.007829999999999878e-04 2.405081840000000137e-01 -4.853298100000000281e-02 -6.493464709999999807e-01 1.069452999999999940e-03 7.589417699999999600e-01
1.702688191025105238e+09 5.756910000000000282e-04 -3.779860000000000229e-04 2.405611129999999931e-01 -4.885058099999999709e-02 -6.502051349999999896e-01 1.207596000000000017e-03 7.581855650000000058e-01
1.702688191236978531e+09 3.454829999999999989e-04 -3.717799999999999946e-04 2.405639139999999898e-01 -4.894478599999999707e-02 -6.594682339999999865e-01 1.767583000000000088e-03 7.501353029999999755e-01
1.702688191438739300e+09 1.196410000000000019e-04 -3.668330000000000028e-04 2.406049219999999988e-01 -4.907030200000000314e-02 -6.592382190000000142e-01 2.402342999999999926e-03 7.503274680000000529e-01
1.702688191605288982e+09 -5.945600000000000131e-05 -3.448869999999999931e-04 2.406488210000000127e-01 -4.731426400000000171e-02 -6.516736149999999839e-01 2.087443999999999932e-03 7.570195790000000535e-01
1.702688191815576553e+09 -2.919290000000000166e-04 -3.441179999999999738e-04 2.406903509999999968e-01 -4.905442499999999872e-02 -6.428502799999999961e-01 2.449573999999999935e-03 7.644156220000000168e-01
1.702688192062933922e+09 -5.562749999999999553e-04 -3.131210000000000265e-04 2.407464679999999912e-01 -4.803967800000000232e-02 -6.399919990000000336e-01 4.285882000000000407e-03 7.668663860000000110e-01
1.702688192280138731e+09 -7.914299999999999764e-04 -3.111729999999999835e-04 2.407981160000000065e-01 -5.026327099999999826e-02 -6.310543419999999903e-01 3.303877000000000203e-03 7.741014960000000000e-01
1.702688192523174286e+09 -1.064702999999999960e-03 -2.693549999999999851e-04 2.408717569999999919e-01 -4.886750900000000342e-02 -6.231129170000000439e-01 1.503556999999999984e-03 7.806023960000000317e-01
1.702688192729799986e+09 -1.299098000000000050e-03 -2.387199999999999912e-04 2.409336719999999876e-01 -4.877329200000000281e-02 -6.125731469999999845e-01 -8.788859999999999468e-04 7.889071699999999909e-01
1.702688192984205961e+09 -1.575007999999999920e-03 -2.272069999999999949e-04 2.410006819999999939e-01 -5.008783599999999669e-02 -6.155863400000000096e-01 -8.107029999999999662e-04 7.864756579999999664e-01
1.702688193231017590e+09 -1.856982999999999984e-03 -1.906889999999999898e-04 2.410531790000000063e-01 -4.961355399999999721e-02 -6.228266949999999857e-01 -7.588099999999999533e-04 7.807848450000000051e-01
1.702688193482086897e+09 -2.117321000000000134e-03 -1.842360000000000026e-04 2.410908940000000000e-01 -5.006090199999999740e-02 -6.220925449999999968e-01 -1.093378000000000102e-03 7.813409569999999471e-01
1.702688193728716135e+09 -2.377689000000000105e-03 -1.586720000000000014e-04 2.411888540000000081e-01 -4.869874200000000319e-02 -6.118667129999999510e-01 -2.697169999999999928e-04 7.894602419999999787e-01
1.702688194021547079e+09 -2.697064999999999792e-03 -1.296500000000000072e-04 2.412923280000000004e-01 -4.782258699999999974e-02 -6.017642020000000258e-01 -1.265159999999999983e-03 7.972397799999999535e-01
1.702688194272052288e+09 -2.970040000000000180e-03 -1.043229999999999971e-04 2.413516790000000134e-01 -4.837909299999999801e-02 -6.023978589999999800e-01 -1.777298999999999980e-03 7.967265839999999599e-01
1.702688194604223967e+09 -3.312542999999999824e-03 -7.784999999999999494e-05 2.414569850000000129e-01 -4.754327199999999753e-02 -5.949416159999999509e-01 -1.834918000000000052e-03 8.023594019999999993e-01
1.702688194854336739e+09 -3.594248999999999881e-03 -4.493800000000000241e-05 2.415330709999999881e-01 -4.840561699999999801e-02 -5.970239640000000181e-01 -2.085142999999999806e-03 8.007589579999999652e-01
1.702688195104681492e+09 -3.855332999999999850e-03 -3.169999999999999804e-05 2.415900229999999871e-01 -4.833099600000000107e-02 -5.955150719999999787e-01 -2.835960000000000000e-04 8.018889430000000207e-01
1.702688195358011246e+09 -4.110261999999999943e-03 -2.145700000000000141e-05 2.416891750000000061e-01 -4.797831200000000212e-02 -5.918138029999999716e-01 4.543500000000000121e-05 8.046455980000000174e-01
1.702688195606745243e+09 -4.388987999999999917e-03 3.838000000000000354e-06 2.417333419999999899e-01 -4.715551400000000254e-02 -5.815712809999999955e-01 -1.862189999999999896e-03 8.121254439999999741e-01
1.702688195854430914e+09 -4.636228000000000050e-03 2.627900000000000030e-05 2.418237629999999971e-01 -4.731682300000000091e-02 -5.841616990000000342e-01 -8.985479999999999899e-04 8.102564220000000317e-01
1.702688196144412518e+09 -4.954174000000000425e-03 6.271200000000000537e-05 2.419404539999999992e-01 -4.750640700000000050e-02 -5.774064060000000387e-01 -1.992236000000000094e-03 8.150711659999999581e-01
1.702688196436167717e+09 -5.246818000000000315e-03 7.161299999999999350e-05 2.420525849999999868e-01 -4.772048100000000209e-02 -5.672597889999999587e-01 -2.043266000000000179e-03 8.221526150000000310e-01
1.702688196728017092e+09 -5.518763999999999788e-03 1.014109999999999952e-04 2.421972010000000008e-01 -4.709471400000000280e-02 -5.586752299999999671e-01 -2.179707999999999819e-03 8.280454870000000245e-01
1.702688196979374886e+09 -5.821154000000000259e-03 1.311460000000000078e-04 2.423140109999999958e-01 -4.789139299999999738e-02 -5.469240549999999645e-01 -3.939027999999999800e-03 8.358020779999999483e-01
1.702688197270609379e+09 -6.084985999999999694e-03 1.501910000000000126e-04 2.424524720000000022e-01 -4.956175399999999953e-02 -5.382860299999999709e-01 -5.498331000000000399e-03 8.412856459999999981e-01
1.702688197560470819e+09 -6.378680000000000287e-03 1.994979999999999930e-04 2.426007689999999939e-01 -4.762094099999999997e-02 -5.258030889999999458e-01 -4.543779000000000394e-03 8.492600919999999665e-01
1.702688197808630466e+09 -6.615788000000000051e-03 2.194829999999999991e-04 2.427327330000000061e-01 -4.792035000000000045e-02 -5.152909759999999562e-01 -5.750319000000000264e-03 8.556552530000000045e-01
1.702688198432888031e+09 -7.211640000000000064e-03 2.843100000000000206e-04 2.431377170000000032e-01 -4.865360999999999991e-02 -4.885949190000000164e-01 -7.541723000000000177e-03 8.711205119999999580e-01
1.702688198726268530e+09 -7.460757999999999626e-03 3.142449999999999974e-04 2.433085140000000035e-01 -4.682349799999999812e-02 -4.760157170000000049e-01 -7.330266999999999686e-03 8.781588080000000129e-01
1.702688198975623608e+09 -7.663778999999999904e-03 3.368579999999999925e-04 2.434671519999999922e-01 -4.575957399999999731e-02 -4.703712460000000206e-01 -7.449230999999999735e-03 8.812499639999999967e-01
1.702688199308119774e+09 -7.933519999999999461e-03 3.474339999999999807e-04 2.436836059999999970e-01 -4.571579399999999710e-02 -4.623246790000000161e-01 -7.355221999999999802e-03 8.855009080000000310e-01
1.702688199558371782e+09 -8.151970999999999176e-03 3.857309999999999971e-04 2.437967510000000060e-01 -4.659260099999999738e-02 -4.559383690000000100e-01 -7.168355999999999860e-03 8.887620569999999942e-01
1.702688199768131256e+09 -8.331068000000000501e-03 4.073810000000000083e-04 2.439605589999999935e-01 -4.513422799999999846e-02 -4.531793299999999913e-01 -7.513538000000000161e-03 8.902443049999999580e-01
1.702688200016098738e+09 -8.551925000000000152e-03 4.291529999999999889e-04 2.440740170000000042e-01 -4.428991300000000020e-02 -4.521445330000000151e-01 -8.069912999999999739e-03 8.908078670000000310e-01
1.702688200308521986e+09 -8.816971999999999310e-03 4.627389999999999889e-04 2.442824989999999863e-01 -4.534490399999999838e-02 -4.557532970000000017e-01 -6.966955000000000370e-03 8.889231090000000446e-01
1.702688200517587423e+09 -9.000361000000000125e-03 4.894199999999999592e-04 2.444197680000000095e-01 -4.558845599999999942e-02 -4.578099549999999907e-01 -6.928736999999999917e-03 8.878534439999999917e-01
1.702688200680939913e+09 -9.156077999999999786e-03 4.901490000000000534e-04 2.444978949999999929e-01 -4.529663899999999965e-02 -4.598068000000000155e-01 -6.909188999999999609e-03 8.868361120000000097e-01
1.702688200848833799e+09 -9.296089000000000435e-03 5.032399999999999591e-04 2.445783759999999862e-01 -4.579653200000000091e-02 -4.609123170000000158e-01 -6.803568000000000289e-03 8.862371439999999767e-01
1.702688201057664156e+09 -9.488061000000000758e-03 4.830529999999999980e-04 2.446481590000000039e-01 -4.847103400000000312e-02 -4.663540720000000084e-01 -7.788569999999999868e-03 8.832348589999999833e-01
1.702688201263350964e+09 -9.685189000000000298e-03 5.618510000000000388e-04 2.448269279999999992e-01 -4.526976099999999864e-02 -4.799925389999999958e-01 -5.102757999999999773e-03 8.760889170000000226e-01
1.702688201471807480e+09 -9.886034000000000141e-03 5.451660000000000316e-04 2.448892300000000133e-01 -4.755485400000000057e-02 -4.807861150000000139e-01 -7.071886000000000318e-03 8.755188579999999554e-01
1.702688201679911375e+09 -1.006351400000000083e-02 5.642190000000000269e-04 2.450070829999999866e-01 -4.719535999999999870e-02 -4.798056780000000132e-01 -8.288399000000000114e-03 8.760653139999999839e-01
1.702688201888041019e+09 -1.027850100000000065e-02 5.912390000000000223e-04 2.450644080000000113e-01 -4.684266100000000072e-02 -4.772070050000000174e-01 -9.603788000000000255e-03 8.774890300000000032e-01
1.702688202097540617e+09 -1.048070199999999973e-02 5.942239999999999675e-04 2.451788930000000089e-01 -4.826959599999999795e-02 -4.783928100000000017e-01 -1.029214099999999944e-02 8.767579199999999684e-01
1.702688202388726711e+09 -1.075935400000000049e-02 6.427670000000000345e-04 2.453531029999999891e-01 -4.711599600000000027e-02 -4.852233229999999842e-01 -9.037794999999999510e-03 8.730731609999999865e-01
1.702688202564944267e+09 -1.084043099999999933e-02 6.034400000000000094e-04 2.454355810000000138e-01 -4.872059100000000059e-02 -4.867687820000000110e-01 -1.054797300000000042e-02 8.721073270000000432e-01
1.702688202761994600e+09 -1.103956300000000050e-02 6.076830000000000296e-04 2.455129030000000045e-01 -4.916339699999999757e-02 -4.826452729999999858e-01 -1.204385999999999998e-02 8.743520380000000536e-01
1.702688203055158377e+09 -1.130411800000000015e-02 6.546479999999999704e-04 2.456520799999999949e-01 -4.864981000000000166e-02 -4.746201629999999838e-01 -1.291319900000000021e-02 8.787503239999999716e-01
1.702688203223700762e+09 -1.144039600000000025e-02 6.527570000000000117e-04 2.457556429999999958e-01 -4.874134100000000053e-02 -4.725660380000000216e-01 -1.332410399999999981e-02 8.798455600000000265e-01
1.702688203387044668e+09 -1.157389600000000018e-02 6.290879999999999779e-04 2.458556000000000075e-01 -4.984550599999999776e-02 -4.672772880000000129e-01 -1.355197999999999993e-02 8.826005460000000413e-01
1.702688203554644823e+09 -1.165466000000000071e-02 6.189360000000000521e-04 2.459219099999999936e-01 -5.109247900000000314e-02 -4.575266239999999929e-01 -1.471139999999999948e-02 8.876049520000000026e-01
1.702688203719189167e+09 -1.173860200000000076e-02 5.982770000000000319e-04 2.459668070000000095e-01 -4.925745399999999913e-02 -4.422005709999999867e-01 -1.632628599999999888e-02 8.954137559999999496e-01
1.702688203894887209e+09 -1.186249399999999947e-02 5.820040000000000066e-04 2.460473920000000037e-01 -5.166912099999999841e-02 -4.341809150000000006e-01 -1.925917200000000148e-02 8.991364840000000136e-01
1.702688204055269003e+09 -1.194873100000000063e-02 6.112809999999999772e-04 2.461356219999999984e-01 -4.992651599999999718e-02 -4.262625279999999739e-01 -1.835396099999999850e-02 9.030342099999999483e-01
1.702688204305177450e+09 -1.207726100000000059e-02 5.830409999999999629e-04 2.462537439999999966e-01 -5.301890900000000295e-02 -4.143759610000000149e-01 -2.231714900000000140e-02 9.082860350000000471e-01
1.702688204512883902e+09 -1.215111099999999916e-02 5.846480000000000036e-04 2.463890169999999880e-01 -5.359836700000000093e-02 -4.077151419999999749e-01 -2.288869799999999899e-02 9.112473129999999477e-01
1.702688204761393547e+09 -1.232347599999999987e-02 5.803730000000000217e-04 2.464660700000000093e-01 -5.356801700000000249e-02 -3.905951679999999926e-01 -2.456478399999999923e-02 9.186743499999999729e-01
1.702688204928294897e+09 -1.238493199999999954e-02 5.868260000000000360e-04 2.465197000000000083e-01 -5.330016499999999657e-02 -3.822077509999999845e-01 -2.456948299999999960e-02 9.222107529999999942e-01
1.702688205137715101e+09 -1.245497500000000007e-02 5.894109999999999714e-04 2.466206850000000061e-01 -5.440715699999999766e-02 -3.689000900000000138e-01 -2.636443100000000067e-02 9.275007250000000258e-01
1.702688205360034704e+09 -1.254513099999999930e-02 5.856169999999999735e-04 2.467114479999999999e-01 -5.475090099999999765e-02 -3.567019100000000109e-01 -2.755807700000000027e-02 9.322052600000000355e-01
1.702688205556969404e+09 -1.260098400000000084e-02 5.831569999999999462e-04 2.467565690000000089e-01 -5.576779700000000090e-02 -3.442222770000000209e-01 -2.900482299999999902e-02 9.367815849999999722e-01
1.702688205804789782e+09 -1.265414200000000017e-02 6.012959999999999703e-04 2.468746009999999991e-01 -5.536845700000000287e-02 -3.253947200000000262e-01 -2.968258600000000039e-02 9.434890750000000104e-01
1.702688206013332129e+09 -1.272608799999999998e-02 5.951850000000000283e-04 2.469521460000000113e-01 -5.701781100000000158e-02 -3.040630819999999845e-01 -3.394097499999999823e-02 9.503381850000000020e-01
1.702688206222782612e+09 -1.277103299999999934e-02 6.176470000000000311e-04 2.470554560000000066e-01 -5.386628200000000144e-02 -2.865398530000000110e-01 -3.307659200000000188e-02 9.559807780000000310e-01
1.702688206426771402e+09 -1.283997800000000016e-02 5.783560000000000307e-04 2.471416290000000016e-01 -5.737591200000000113e-02 -2.646396759999999904e-01 -3.876434299999999972e-02 9.618582129999999619e-01
1.702688206635316849e+09 -1.286809499999999953e-02 5.868330000000000378e-04 2.472437170000000017e-01 -5.664579899999999668e-02 -2.452860329999999867e-01 -4.142914000000000319e-02 9.669072629999999613e-01
1.702688206845090151e+09 -1.290751899999999924e-02 6.074020000000000504e-04 2.473390550000000021e-01 -5.574356800000000028e-02 -2.257206140000000139e-01 -4.262904099999999946e-02 9.716612700000000213e-01
1.702688207051601410e+09 -1.294056000000000026e-02 6.151039999999999980e-04 2.474296990000000029e-01 -5.551087899999999908e-02 -2.055283489999999991e-01 -4.510113999999999790e-02 9.760341049999999852e-01
1.702688207259655237e+09 -1.296903400000000081e-02 6.224250000000000182e-04 2.475194930000000071e-01 -5.418162800000000251e-02 -1.859132199999999902e-01 -4.691205200000000269e-02 9.799489380000000471e-01
1.702688207429315329e+09 -1.299187700000000063e-02 6.324269999999999675e-04 2.475954439999999979e-01 -5.393647000000000025e-02 -1.717145890000000008e-01 -4.739212999999999759e-02 9.825268390000000407e-01
1.702688207636090279e+09 -1.301220600000000012e-02 6.492380000000000069e-04 2.476905580000000051e-01 -5.236297100000000121e-02 -1.549307550000000033e-01 -4.806848600000000055e-02 9.853649140000000362e-01
1.702688207803040266e+09 -1.303513899999999941e-02 6.511569999999999728e-04 2.477602060000000106e-01 -5.221325500000000008e-02 -1.397492290000000026e-01 -4.916038699999999984e-02 9.875865579999999477e-01
1.702688207967091560e+09 -1.305123899999999920e-02 6.514070000000000060e-04 2.478289160000000102e-01 -5.282872200000000157e-02 -1.290122419999999992e-01 -4.921096600000000182e-02 9.890112279999999645e-01
1.702688208133293867e+09 -1.306659200000000014e-02 6.613930000000000286e-04 2.479037639999999987e-01 -5.194407300000000033e-02 -1.190616639999999976e-01 -4.930364699999999906e-02 9.903006549999999741e-01
1.702688208509132624e+09 -1.308997999999999932e-02 6.840890000000000295e-04 2.480701359999999966e-01 -5.017341699999999793e-02 -1.038607579999999975e-01 -5.066332600000000158e-02 9.920326470000000452e-01
1.702688208634181261e+09 -1.309903999999999930e-02 6.864180000000000541e-04 2.481191010000000086e-01 -5.046767700000000245e-02 -1.018465979999999965e-01 -5.019889400000000085e-02 9.922501440000000006e-01
1.702688208756954193e+09 -1.309944700000000017e-02 6.947330000000000042e-04 2.481810000000000127e-01 -5.088104300000000080e-02 -1.010012849999999962e-01 -4.949399499999999896e-02 9.923508760000000484e-01
1.702688209091774702e+09 -1.312323800000000061e-02 7.093969999999999573e-04 2.483281489999999980e-01 -5.340171199999999702e-02 -1.041432469999999944e-01 -4.610230800000000156e-02 9.920569660000000400e-01
1.702688209264755249e+09 -1.313353800000000016e-02 7.143380000000000172e-04 2.483960239999999930e-01 -5.538572700000000265e-02 -1.090121490000000026e-01 -4.360696700000000342e-02 9.915378089999999922e-01
1.702688209426118135e+09 -1.314135100000000077e-02 7.248429999999999717e-04 2.484635709999999942e-01 -5.799535299999999949e-02 -1.100639699999999971e-01 -4.293048000000000003e-02 9.913019539999999852e-01
1.702688210135180712e+09 -1.325758900000000018e-02 7.763060000000000446e-04 2.487460969999999993e-01 -5.376540099999999739e-02 -1.301075369999999953e-01 -5.689312099999999789e-02 9.884050490000000355e-01
1.702688210300883055e+09 -1.327700899999999934e-02 7.682770000000000441e-04 2.488143300000000002e-01 -5.521579800000000343e-02 -1.459418239999999978e-01 -5.745579299999999806e-02 9.860786200000000168e-01
1.702688210515516043e+09 -1.329674299999999976e-02 7.666040000000000484e-04 2.488847519999999869e-01 -5.081068700000000021e-02 -1.610428090000000090e-01 -5.621641100000000085e-02 9.840341809999999523e-01
1.702688210761063099e+09 -1.333475299999999954e-02 7.833370000000000524e-04 2.489751729999999941e-01 -4.320466900000000110e-02 -1.779284329999999970e-01 -5.030958700000000283e-02 9.818063970000000529e-01
1.702688210965821505e+09 -1.334782900000000029e-02 7.875739999999999781e-04 2.490238700000000083e-01 -3.806861500000000009e-02 -1.647620949999999973e-01 -4.653883699999999957e-02 9.844990970000000452e-01
1.702688211132476091e+09 -1.335667599999999962e-02 7.873920000000000398e-04 2.490884070000000117e-01 -4.284133799999999964e-02 -1.509278119999999945e-01 -4.990886900000000154e-02 9.863541719999999735e-01
1.702688211307955027e+09 -1.337758000000000003e-02 8.047650000000000376e-04 2.491538819999999932e-01 -4.253743200000000002e-02 -1.410114909999999888e-01 -4.975182599999999900e-02 9.878416660000000071e-01
1.702688211561096191e+09 -1.340362800000000076e-02 8.071200000000000379e-04 2.492585029999999924e-01 -4.729319399999999674e-02 -1.247089130000000046e-01 -5.458064700000000297e-02 9.895614980000000394e-01
1.702688212052156448e+09 -1.342552200000000050e-02 8.050699999999999610e-04 2.494493419999999906e-01 -4.377014199999999799e-02 -9.993385500000000199e-02 -5.700485400000000064e-02 9.923950430000000322e-01
1.702688212337443113e+09 -1.344219699999999948e-02 8.283910000000000448e-04 2.495706829999999876e-01 -4.363572999999999757e-02 -8.520569699999999691e-02 -5.541698300000000299e-02 9.938635829999999949e-01
1.702688212588829279e+09 -1.345250299999999934e-02 8.452190000000000267e-04 2.496828439999999871e-01 -4.405744400000000116e-02 -7.186342799999999309e-02 -5.385249500000000022e-02 9.949846860000000071e-01
1.702688212837169409e+09 -1.346631099999999991e-02 8.579110000000000468e-04 2.497957500000000108e-01 -4.565171900000000033e-02 -5.767289899999999969e-02 -5.607614999999999822e-02 9.957134130000000471e-01
1.702688213129238844e+09 -1.346306100000000013e-02 8.747460000000000305e-04 2.499238099999999962e-01 -4.698760400000000226e-02 -4.390702800000000072e-02 -5.618919800000000270e-02 9.963468909999999568e-01
1.702688213378916264e+09 -1.346720900000000082e-02 8.809300000000000377e-04 2.500343919999999942e-01 -4.753806399999999793e-02 -3.026060200000000103e-02 -5.791033400000000081e-02 9.967300890000000413e-01
1.702688213593683958e+09 -1.347135399999999962e-02 8.842910000000000484e-04 2.501178980000000052e-01 -4.762671899999999792e-02 -1.917684299999999897e-02 -5.891741799999999918e-02 9.969416859999999936e-01
1.702688214295942068e+09 -1.346449700000000062e-02 9.131459999999999881e-04 2.504311499999999913e-01 -4.589678700000000139e-02 2.073868200000000134e-02 -6.046559299999999804e-02 9.968988899999999820e-01
1.702688214546439886e+09 -1.345760200000000080e-02 9.218240000000000158e-04 2.505279180000000161e-01 -4.471458500000000114e-02 3.189861799999999664e-02 -6.140118099999999912e-02 9.966007470000000090e-01
1.702688214842158318e+09 -1.344188399999999943e-02 9.304559999999999697e-04 2.506569029999999865e-01 -4.385406900000000247e-02 4.804393600000000236e-02 -6.209703500000000181e-02 9.959480760000000155e-01
1.702688215378481150e+09 -1.340474600000000037e-02 9.446609999999999599e-04 2.508814039999999745e-01 -4.176989200000000291e-02 6.149759500000000212e-02 -6.213046600000000225e-02 9.952955249999999587e-01
1.702688216001829863e+09 -1.338693799999999927e-02 9.682119999999999789e-04 2.511448860000000116e-01 -4.143096100000000226e-02 4.059719700000000153e-02 -6.094200899999999838e-02 9.964544180000000084e-01
1.702688216333974361e+09 -1.339087100000000037e-02 9.846839999999999933e-04 2.512921089999999857e-01 -4.217489099999999907e-02 2.651968199999999928e-02 -6.027002299999999896e-02 9.969381090000000167e-01
1.702688216710136890e+09 -1.338608999999999979e-02 9.957919999999999012e-04 2.514473500000000139e-01 -4.282354599999999706e-02 1.078560800000000035e-02 -5.996032400000000234e-02 9.972234370000000458e-01
1.702688217083516359e+09 -1.338372799999999925e-02 1.009328000000000091e-03 2.516059880000000026e-01 -4.413653900000000241e-02 3.390026999999999884e-03 -5.860113000000000127e-02 9.972995519999999781e-01
1.702688217461167097e+09 -1.337739899999999989e-02 1.025918999999999920e-03 2.517654899999999807e-01 -4.555891100000000055e-02 5.368447999999999623e-03 -5.903796900000000264e-02 9.972011450000000110e-01
1.702688217756749630e+09 -1.337574600000000086e-02 1.034201999999999908e-03 2.518959049999999755e-01 -4.480346699999999960e-02 1.691483499999999959e-02 -6.033385899999999663e-02 9.970287679999999542e-01
1.702688218083411217e+09 -1.337012899999999969e-02 1.049512999999999965e-03 2.520376440000000051e-01 -4.324273800000000278e-02 1.956104300000000018e-02 -5.907373099999999738e-02 9.971247319999999581e-01
1.702688218374699354e+09 -1.336379799999999965e-02 1.059306000000000093e-03 2.521579560000000164e-01 -4.362160300000000185e-02 1.968740299999999915e-02 -5.867854499999999862e-02 9.971290830000000271e-01
1.702688218631150961e+09 -1.336420500000000053e-02 1.069003999999999918e-03 2.522686419999999874e-01 -4.413539899999999877e-02 2.138050299999999862e-02 -5.979495099999999896e-02 9.970052839999999916e-01
1.702688219252343893e+09 -1.335485600000000002e-02 1.089216999999999963e-03 2.525101299999999993e-01 -4.465472699999999823e-02 2.686736899999999859e-02 -6.083821899999999894e-02 9.967862370000000194e-01
1.702688219582042217e+09 -1.334033899999999967e-02 1.103377000000000004e-03 2.526499030000000090e-01 -4.325250900000000148e-02 2.961022799999999885e-02 -5.966828400000000199e-02 9.968411329999999904e-01
1.702688219914763451e+09 -1.332230700000000025e-02 1.114259000000000039e-03 2.527945639999999994e-01 -4.197454800000000041e-02 4.169197799999999760e-02 -5.985137399999999885e-02 9.964525699999999819e-01
1.702688220250758171e+09 -1.331707600000000061e-02 1.132030999999999923e-03 2.529389260000000084e-01 -4.211842999999999837e-02 4.285060200000000152e-02 -6.032166299999999759e-02 9.963690039999999470e-01
1.702688220541430473e+09 -1.329647800000000046e-02 1.138406000000000010e-03 2.530634700000000126e-01 -4.169800500000000326e-02 5.094106899999999855e-02 -6.012805200000000128e-02 9.960175159999999916e-01
1.702688221079750538e+09 -1.326492599999999980e-02 1.152297999999999951e-03 2.532908019999999816e-01 -4.024152100000000232e-02 6.953555299999999995e-02 -6.098324799999999685e-02 9.949002860000000226e-01
1.702688221375895500e+09 -1.324182999999999957e-02 1.164359999999999918e-03 2.534133199999999975e-01 -3.865050200000000324e-02 8.249243300000000390e-02 -6.151636700000000235e-02 9.939401150000000129e-01
1.702688221705978632e+09 -1.321262800000000057e-02 1.169513999999999970e-03 2.535510360000000074e-01 -3.812227399999999766e-02 9.142321300000000317e-02 -6.160104599999999958e-02 9.931735990000000180e-01
1.702688222040700674e+09 -1.317632499999999915e-02 1.178952000000000038e-03 2.536902730000000217e-01 -3.758634300000000122e-02 1.048545840000000007e-01 -6.266091799999999601e-02 9.917995929999999793e-01
1.702688222334378481e+09 -1.314263199999999958e-02 1.185281000000000052e-03 2.538095410000000274e-01 -3.725739599999999818e-02 1.104733720000000002e-01 -6.177418300000000334e-02 9.912575479999999883e-01
1.702688222629684687e+09 -1.312087999999999970e-02 1.194383000000000033e-03 2.539278569999999791e-01 -3.569895800000000285e-02 1.131990779999999946e-01 -6.187184899999999960e-02 9.910012480000000012e-01
1.702688222957628489e+09 -1.309170999999999946e-02 1.200974000000000052e-03 2.540656920000000096e-01 -3.625784099999999899e-02 1.116511750000000053e-01 -6.288434599999999375e-02 9.910928009999999677e-01
1.702688223286115408e+09 -1.305762599999999926e-02 1.209950999999999909e-03 2.542061809999999755e-01 -3.678803499999999671e-02 1.055961619999999934e-01 -6.215022500000000338e-02 9.917829630000000174e-01
1.702688223623394489e+09 -1.303540499999999991e-02 1.217327999999999943e-03 2.543458040000000087e-01 -3.782497299999999785e-02 9.583989499999999440e-02 -6.154844899999999813e-02 9.927717449999999832e-01
1.702688224037439823e+09 -1.300732400000000066e-02 1.229618000000000030e-03 2.545092110000000130e-01 -3.726926800000000123e-02 8.428262200000000148e-02 -6.108856199999999903e-02 9.938690070000000265e-01
1.702688224409829617e+09 -1.299362400000000049e-02 1.236789999999999981e-03 2.546390590000000009e-01 -3.927722200000000052e-02 7.252158999999999689e-02 -6.014070299999999675e-02 9.947768449999999651e-01
1.702688224785209179e+09 -1.297673899999999929e-02 1.245290999999999933e-03 2.547459899999999777e-01 -3.824168399999999801e-02 7.638237600000000183e-02 -6.007217599999999796e-02 9.945323470000000388e-01
1.702688225283527851e+09 -1.293326499999999935e-02 1.261507999999999944e-03 2.549621160000000164e-01 -3.913061699999999948e-02 8.937734399999999746e-02 -6.266436000000000228e-02 9.932541249999999877e-01
1.702688225701874971e+09 -1.288788599999999944e-02 1.272462999999999936e-03 2.551339859999999793e-01 -3.833586399999999728e-02 1.081219320000000039e-01 -6.287110599999999605e-02 9.914066790000000129e-01
1.702688226116941452e+09 -1.284666599999999964e-02 1.284516000000000087e-03 2.553046939999999987e-01 -3.874278099999999697e-02 1.114555899999999933e-01 -6.312625900000000401e-02 9.910054209999999975e-01
1.702688226491573334e+09 -1.279858300000000053e-02 1.292015000000000090e-03 2.554505469999999723e-01 -3.722595100000000018e-02 1.295921499999999893e-01 -6.454070700000000271e-02 9.887641670000000271e-01
1.702688226829157352e+09 -1.275554999999999918e-02 1.296609999999999907e-03 2.555779220000000129e-01 -3.607916099999999848e-02 1.408725080000000074e-01 -6.344613400000000125e-02 9.873337150000000007e-01
1.702688227202615261e+09 -1.270988999999999973e-02 1.303928999999999895e-03 2.557277680000000220e-01 -3.673575800000000030e-02 1.426395920000000095e-01 -6.364150300000000204e-02 9.870431419999999845e-01
1.702688227575424433e+09 -1.265679100000000057e-02 1.311279999999999954e-03 2.558784479999999806e-01 -3.486187400000000103e-02 1.522267609999999882e-01 -6.408947700000000580e-02 9.856491680000000200e-01
1.702688227995059967e+09 -1.260675300000000006e-02 1.324756000000000067e-03 2.560516890000000267e-01 -3.520649700000000326e-02 1.450188759999999910e-01 -6.397700300000000451e-02 9.867304559999999780e-01
1.702688228365226507e+09 -1.255437700000000024e-02 1.329852000000000074e-03 2.561965580000000187e-01 -3.458212699999999723e-02 1.605439479999999919e-01 -6.501983899999999594e-02 9.842774869999999510e-01
1.702688228781436682e+09 -1.248797100000000049e-02 1.336006000000000042e-03 2.563522759999999900e-01 -3.118367699999999992e-02 1.792069520000000027e-01 -6.609754299999999472e-02 9.810930490000000503e-01
1.702688229113829374e+09 -1.242790000000000041e-02 1.335482000000000032e-03 2.564782800000000029e-01 -3.029042300000000035e-02 1.940452609999999967e-01 -6.740284700000000184e-02 9.782053830000000394e-01
1.702688229449940205e+09 -1.237686799999999920e-02 1.335292999999999983e-03 2.566144759999999803e-01 -3.033774700000000171e-02 2.049043180000000020e-01 -6.752701099999999790e-02 9.759784339999999503e-01
1.702688229782695532e+09 -1.231054399999999965e-02 1.339960000000000066e-03 2.567401830000000107e-01 -2.910638999999999935e-02 2.122575190000000056e-01 -6.632205800000000318e-02 9.745260479999999781e-01
1.702688230155956507e+09 -1.224243000000000033e-02 1.341907999999999946e-03 2.568783159999999954e-01 -2.723205100000000017e-02 2.231721429999999895e-01 -6.614632199999999351e-02 9.721508620000000045e-01
1.702688230491420269e+09 -1.218080000000000031e-02 1.345138999999999970e-03 2.570040519999999828e-01 -2.816909600000000111e-02 2.308328000000000046e-01 -6.680598899999999618e-02 9.702884550000000496e-01
1.702688230824258804e+09 -1.212278800000000066e-02 1.347281000000000086e-03 2.571318750000000097e-01 -2.993565399999999904e-02 2.232833059999999870e-01 -6.642697799999999764e-02 9.720267059999999626e-01
1.702688231199275970e+09 -1.206392499999999965e-02 1.354069999999999970e-03 2.572850580000000109e-01 -3.175075399999999909e-02 2.041780049999999957e-01 -6.610107399999999578e-02 9.761832950000000064e-01
1.702688231614550829e+09 -1.200365800000000038e-02 1.366161000000000068e-03 2.574518920000000155e-01 -3.281929000000000096e-02 1.814194470000000114e-01 -6.521963299999999908e-02 9.806917309999999555e-01
1.702688231986952305e+09 -1.194804300000000020e-02 1.369821000000000016e-03 2.576023940000000123e-01 -3.569904699999999764e-02 1.617165359999999941e-01 -6.389844399999999869e-02 9.841190579999999910e-01
1.702688232739291906e+09 -1.187790099999999974e-02 1.388495999999999914e-03 2.579172250000000277e-01 -3.835453099999999726e-02 1.217486039999999964e-01 -6.199165100000000178e-02 9.898804429999999988e-01
1.702688233083667994e+09 -1.185506799999999986e-02 1.402056999999999956e-03 2.580563129999999816e-01 -3.890932700000000050e-02 1.077772300000000016e-01 -6.104341900000000154e-02 9.915360810000000136e-01
1.702688233446967125e+09 -1.182590900000000077e-02 1.414441999999999913e-03 2.582110459999999996e-01 -3.992835799999999713e-02 9.087476899999999413e-02 -5.990599499999999661e-02 9.932566879999999987e-01
1.702688233945336580e+09 -1.180713299999999917e-02 1.430630000000000009e-03 2.584193650000000120e-01 -4.078175900000000076e-02 6.892880799999999419e-02 -5.877621799999999813e-02 9.950532909999999509e-01
1.702688234319454670e+09 -1.179197799999999983e-02 1.439682999999999978e-03 2.585770490000000033e-01 -4.285206600000000116e-02 5.926210400000000295e-02 -5.950834199999999879e-02 9.955453279999999516e-01
1.702688234699040651e+09 -1.178250399999999920e-02 1.451480999999999908e-03 2.587316040000000039e-01 -4.528021399999999919e-02 4.872070299999999715e-02 -5.873410400000000225e-02 9.960553650000000259e-01
1.702688235109162569e+09 -1.176502400000000066e-02 1.462474000000000066e-03 2.588975729999999920e-01 -4.382624799999999821e-02 4.452633100000000232e-02 -5.849196000000000256e-02 9.963309759999999793e-01
1.702688235526839972e+09 -1.175150699999999958e-02 1.480549000000000058e-03 2.590713199999999938e-01 -4.493280499999999927e-02 3.671574600000000049e-02 -5.830438400000000077e-02 9.966110590000000213e-01
1.702688235904521942e+09 -1.174594300000000001e-02 1.488032000000000027e-03 2.592223579999999861e-01 -4.629416399999999876e-02 1.759535599999999950e-02 -5.843344699999999947e-02 9.970620869999999858e-01
1.702688236357428789e+09 -1.173371299999999978e-02 1.500978999999999942e-03 2.594059409999999732e-01 -4.441507499999999831e-02 2.428311299999999853e-02 -5.926109499999999974e-02 9.969582559999999871e-01
1.702688236778249264e+09 -1.171263399999999955e-02 1.515248999999999980e-03 2.595801349999999896e-01 -4.555170599999999737e-02 3.044391100000000058e-02 -5.923685800000000334e-02 9.967393279999999800e-01
1.702688237651001930e+09 -1.167738100000000057e-02 1.542900999999999951e-03 2.599504590000000226e-01 -4.684680299999999936e-02 6.044147200000000303e-02 -6.112703700000000212e-02 9.951963419999999561e-01
1.702688238189066410e+09 -1.160482200000000075e-02 1.564920999999999934e-03 2.601689990000000119e-01 -4.346968200000000254e-02 8.098595599999999783e-02 -6.238201599999999847e-02 9.938109520000000252e-01
1.702688238694409609e+09 -1.159168300000000019e-02 1.571626999999999920e-03 2.603725789999999929e-01 -4.316092299999999687e-02 8.105563400000000140e-02 -6.233049599999999912e-02 9.938219190000000536e-01
1.702688239190417290e+09 -1.153923700000000080e-02 1.590154000000000090e-03 2.605782449999999861e-01 -4.300448300000000307e-02 8.167499999999999760e-02 -6.216039899999999813e-02 9.937886599999999904e-01
1.702688239651885271e+09 -1.149663000000000074e-02 1.609056999999999892e-03 2.607643599999999728e-01 -4.201418900000000040e-02 8.490810499999999761e-02 -6.193330899999999889e-02 9.935742020000000174e-01
1.702688240149369001e+09 -1.148296900000000086e-02 1.626658000000000010e-03 2.609767619999999733e-01 -4.191018600000000205e-02 8.295854900000000642e-02 -6.185402000000000261e-02 9.937481879999999768e-01
1.702688240564853191e+09 -1.144765399999999982e-02 1.631752999999999893e-03 2.611469630000000097e-01 -4.285047599999999846e-02 8.640038999999999358e-02 -6.177800099999999905e-02 9.934195279999999961e-01
1.702688240983106852e+09 -1.141712599999999966e-02 1.640842999999999902e-03 2.613120680000000084e-01 -4.166272699999999662e-02 8.653673500000000351e-02 -6.115559899999999799e-02 9.934966560000000335e-01
1.702688241396998644e+09 -1.139996700000000043e-02 1.652252000000000104e-03 2.614889140000000167e-01 -4.149635100000000076e-02 8.409380199999999528e-02 -6.132498799999999695e-02 9.937029480000000303e-01
1.702688241770673752e+09 -1.135284899999999993e-02 1.659333000000000032e-03 2.616350650000000000e-01 -4.197267100000000306e-02 8.823987099999999750e-02 -6.106677299999999781e-02 9.933393000000000361e-01
1.702688242188058615e+09 -1.132416399999999941e-02 1.671046000000000033e-03 2.618071730000000041e-01 -4.063706799999999841e-02 8.828007400000000005e-02 -6.151977599999999824e-02 9.933632610000000529e-01
1.702688242602972507e+09 -1.127221599999999983e-02 1.685412000000000065e-03 2.619799970000000200e-01 -4.228015599999999929e-02 8.893877299999999875e-02 -6.117444500000000090e-02 9.932572250000000214e-01
1.702688242978560686e+09 -1.123599800000000051e-02 1.701660000000000022e-03 2.621368769999999904e-01 -4.405785000000000257e-02 9.079313299999999809e-02 -6.130983699999999897e-02 9.930038450000000516e-01
1.702688243395886660e+09 -1.120766800000000049e-02 1.713375000000000054e-03 2.623063620000000151e-01 -4.380706699999999815e-02 9.319052799999999470e-02 -6.198126100000000277e-02 9.927511220000000414e-01
1.702688243770609856e+09 -1.121670399999999922e-02 1.720668999999999975e-03 2.624668179999999906e-01 -4.587008800000000330e-02 8.837101599999999668e-02 -6.148551800000000289e-02 9.931294320000000342e-01
1.702688244145340681e+09 -1.117501400000000047e-02 1.729414999999999989e-03 2.626140120000000078e-01 -4.631162400000000262e-02 7.475150399999999640e-02 -6.025920800000000160e-02 9.943019149999999806e-01
1.702688244518911123e+09 -1.116061900000000010e-02 1.744679000000000065e-03 2.627599239999999781e-01 -4.552169899999999880e-02 6.286621100000000517e-02 -6.027221700000000293e-02 9.951597450000000400e-01
1.702688244896261692e+09 -1.117449799999999972e-02 1.762534999999999970e-03 2.629161179999999765e-01 -4.405474300000000037e-02 6.567397699999999450e-02 -5.961714700000000228e-02 9.950839280000000064e-01
1.702688245272855282e+09 -1.116472899999999997e-02 1.778435999999999993e-03 2.630708219999999820e-01 -4.137325299999999872e-02 6.449670300000000245e-02 -5.865265100000000009e-02 9.953333140000000245e-01
1.702688245651625156e+09 -1.114030300000000070e-02 1.786637999999999898e-03 2.632111309999999871e-01 -4.320646799999999788e-02 6.019932000000000061e-02 -5.792557400000000051e-02 9.955671430000000433e-01
1.702688246017523050e+09 -1.111728199999999916e-02 1.789238000000000070e-03 2.632666229999999774e-01 -4.414985700000000068e-02 6.172585900000000098e-02 -5.775748900000000213e-02 9.954419730000000355e-01
1.702688246517553568e+09 -1.111188500000000016e-02 1.785261000000000009e-03 2.632604840000000168e-01 -4.468120600000000109e-02 6.161386900000000166e-02 -5.805825800000000148e-02 9.954077599999999748e-01
1.702688246850656986e+09 -1.111188999999999927e-02 1.786559999999999971e-03 2.632604539999999771e-01 -4.427240000000000342e-02 6.147018800000000199e-02 -5.797664100000000237e-02 9.954396490000000375e-01
