1.705073577166307926e+09 0.000000000000000000e+00 0.000000000000000000e+00 0.000000000000000000e+00 -0.000000000000000000e+00 -0.000000000000000000e+00 -0.000000000000000000e+00 1.000000000000000000e+00
1.705073580704853058e+09 6.961829999999999581e-04 1.463600000000000014e-05 1.470361000000000107e-03 1.244950000000000093e-03 6.485867500000000452e-02 6.309459999999999591e-04 9.978935119999999825e-01
1.705073580829183340e+09 6.777200000000000368e-04 -2.704999999999999936e-06 2.102641000000000145e-03 2.883980999999999871e-03 6.069325300000000256e-02 3.645899999999999770e-05 9.981523159999999839e-01
1.705073581287893772e+09 8.380139999999999898e-04 1.134899999999999925e-05 5.843613999999999579e-03 -6.127199999999999747e-04 4.202019099999999840e-02 -1.792850000000000021e-04 9.991166000000000214e-01
1.705073581457843781e+09 9.325790000000000034e-04 6.107200000000000074e-05 7.524649999999999915e-03 -2.643370999999999828e-03 3.990474699999999736e-02 3.791579999999999907e-04 9.991999270000000433e-01
1.705073581578779697e+09 1.151176000000000066e-03 4.081899999999999662e-05 8.722937000000000052e-03 -2.342228000000000018e-03 4.953570999999999669e-02 9.859470000000000386e-04 9.987691640000000426e-01
1.705073581703133345e+09 1.313939999999999986e-03 1.207439999999999946e-04 1.003872100000000045e-02 -3.335681000000000063e-03 5.299206800000000328e-02 1.377469000000000089e-03 9.985884430000000478e-01
1.705073581828785181e+09 1.379082000000000007e-03 9.471799999999999675e-05 1.114030600000000086e-02 -1.578140999999999919e-03 5.267170799999999764e-02 6.358040000000000132e-04 9.986104369999999619e-01
1.705073581952416420e+09 1.506441000000000073e-03 3.873500000000000098e-05 1.230854999999999970e-02 1.071537999999999918e-03 5.101944900000000144e-02 1.030237000000000036e-03 9.986965660000000078e-01
1.705073582078970194e+09 1.685690000000000105e-03 3.678099999999999902e-05 1.384039999999999923e-02 -1.346002999999999913e-03 5.035231300000000271e-02 2.637960000000000066e-04 9.987306000000000239e-01
1.705073582203911781e+09 1.813415000000000079e-03 4.222500000000000314e-05 1.524980800000000011e-02 2.304099999999999844e-05 5.049812800000000323e-02 -4.425299999999999796e-05 9.987241629999999981e-01
1.705073582328448772e+09 1.893761000000000099e-03 7.402700000000000122e-05 1.652096000000000120e-02 1.275693000000000053e-03 4.880692400000000153e-02 -1.073238999999999920e-03 9.988068340000000322e-01
1.705073582495074987e+09 2.013856999999999974e-03 -1.746900000000000164e-05 1.817770999999999970e-02 2.018555000000000002e-03 4.349690999999999974e-02 -6.307430000000000155e-04 9.990513319999999586e-01
1.705073582663921356e+09 2.113975000000000142e-03 -4.395299999999999744e-05 2.008251499999999870e-02 3.219219000000000160e-03 4.752873600000000198e-02 -2.566815000000000069e-03 9.988614319999999935e-01
1.705073582827773809e+09 2.327758000000000084e-03 -1.071099999999999960e-05 2.181121299999999943e-02 1.481539999999999940e-03 4.615520699999999671e-02 -2.101313999999999960e-03 9.989309910000000459e-01
1.705073582997522593e+09 2.535889999999999846e-03 1.402100000000000010e-05 2.342371099999999984e-02 -1.708140000000000081e-04 4.345941899999999913e-02 -1.286765000000000044e-03 9.990543720000000238e-01
1.705073583204779863e+09 2.763639999999999933e-03 2.223700000000000072e-05 2.530993100000000079e-02 -9.526909999999999762e-04 5.031970100000000140e-02 -1.170900000000000055e-04 9.987327459999999490e-01
1.705073583410143375e+09 2.967530999999999815e-03 -5.468299999999999805e-05 2.739449999999999871e-02 1.203042000000000087e-03 5.076662500000000272e-02 5.000519999999999618e-04 9.987097379999999580e-01
1.705073583619478464e+09 3.201083999999999874e-03 -7.443000000000000397e-05 2.957362900000000058e-02 2.739627000000000121e-03 5.006777899999999976e-02 4.110660000000000247e-04 9.987419840000000271e-01
1.705073583867978334e+09 3.538120999999999974e-03 -7.368700000000000109e-05 3.214117899999999889e-02 3.973207999999999775e-03 5.275741600000000142e-02 -5.783319999999999780e-04 9.985992910000000000e-01
1.705073584121226311e+09 3.773897000000000015e-03 -9.179800000000000438e-05 3.485626000000000002e-02 4.439506000000000181e-03 5.130726499999999773e-02 -6.839660000000000444e-04 9.986727829999999528e-01
1.705073584367267132e+09 4.044952000000000096e-03 -2.019339999999999948e-04 3.750894600000000134e-02 5.979461999999999625e-03 5.401235100000000011e-02 -1.380495999999999937e-03 9.985213880000000097e-01
1.705073584660935879e+09 4.542362999999999783e-03 -4.607699999999999947e-05 4.085266199999999792e-02 -4.523913000000000066e-03 5.051238499999999992e-02 1.941685999999999976e-03 9.987112879999999748e-01
1.705073584993023396e+09 4.845091999999999628e-03 -2.062400000000000108e-05 4.447050000000000308e-02 -6.627257000000000113e-03 5.200099200000000282e-02 3.460417999999999827e-03 9.986190799999999923e-01
1.705073585284901142e+09 5.050708000000000107e-03 7.036699999999999899e-05 4.754304499999999906e-02 -4.233503999999999913e-03 4.852339299999999800e-02 1.936575000000000059e-03 9.988111849999999903e-01
1.705073585617679119e+09 5.261843999999999896e-03 3.758999999999999755e-05 5.087205000000000199e-02 -4.573169999999999991e-04 4.770109100000000102e-02 1.180805000000000049e-03 9.988608359999999742e-01
1.705073585949701548e+09 5.508474000000000183e-03 -5.105600000000000042e-05 5.416969600000000329e-02 1.887357000000000097e-03 4.636272799999999888e-02 -3.210016999999999905e-03 9.989177580000000445e-01
1.705073586285053015e+09 5.988473999999999707e-03 4.853999999999999605e-06 5.786856299999999786e-02 -9.355150000000000444e-04 5.061556799999999967e-02 -1.228660000000000125e-04 9.987177849999999690e-01
1.705073586658094883e+09 6.440081999999999751e-03 1.255499999999999923e-05 6.182360299999999781e-02 -9.536949999999999551e-04 5.773394600000000126e-02 1.138427000000000015e-03 9.983308910000000536e-01
1.705073586992207527e+09 6.874904999999999732e-03 -5.779900000000000006e-05 6.534972000000000003e-02 2.925493999999999838e-03 5.518050499999999775e-02 3.333979999999999951e-04 9.984720950000000039e-01
1.705073587355117559e+09 6.957976000000000265e-03 -6.782499999999999521e-05 6.887053699999999556e-02 5.548784999999999655e-03 4.775180700000000028e-02 -1.353063000000000052e-03 9.988429549999999768e-01
1.705073587698170185e+09 7.422001000000000119e-03 -5.840900000000000269e-05 7.282017899999999877e-02 3.001035999999999895e-03 4.756321399999999949e-02 3.551800000000000248e-04 9.988636969999999948e-01
1.705073588076885223e+09 7.805966000000000120e-03 -2.161600000000000107e-05 7.680860899999999991e-02 -1.311906000000000053e-03 4.699959199999999976e-02 1.582817999999999942e-03 9.988927840000000336e-01
1.705073588408628464e+09 8.069433000000000855e-03 -1.369400000000000001e-04 7.990252999999999939e-02 8.276250000000000186e-04 4.392914800000000120e-02 1.822445000000000011e-03 9.990326760000000084e-01
1.705073588781072378e+09 8.106900999999999691e-03 -8.773899999999999462e-05 8.381503799999999449e-02 2.756682999999999790e-03 2.524700599999999892e-02 -3.410469999999999756e-04 9.996774200000000388e-01
1.705073589154449940e+09 8.387573000000000598e-03 -1.270540000000000070e-04 8.789181699999999708e-02 2.980725999999999948e-03 2.220097700000000021e-02 1.405429999999999993e-04 9.997491240000000445e-01
1.705073589530034065e+09 8.900336999999999485e-03 -4.216399999999999814e-05 9.184710699999999728e-02 -2.632924000000000028e-03 4.906909200000000165e-02 1.692825000000000015e-03 9.987905030000000517e-01
1.705073589904694080e+09 9.279766000000000056e-03 -8.219900000000000362e-05 9.567869499999999416e-02 -2.372289999999999989e-03 5.441540500000000002e-02 1.206138999999999952e-03 9.985148310000000471e-01
1.705073590282517910e+09 9.360607999999999429e-03 -4.347499999999999965e-05 9.921996299999999436e-02 2.201449999999999870e-04 2.235565499999999858e-02 7.489649999999999823e-04 9.997497800000000323e-01
1.705073590570452690e+09 9.607621000000000216e-03 -5.132000000000000331e-05 1.020971690000000015e-01 -1.120483999999999933e-03 4.297319100000000086e-02 1.900000000000000105e-05 9.990756509999999535e-01
1.705073590863142490e+09 1.005772400000000052e-02 7.001000000000000394e-06 1.049386110000000011e-01 -1.385074000000000027e-03 6.837283099999999503e-02 -7.889299999999999698e-04 9.976585510000000045e-01
1.705073591112557173e+09 1.033489999999999930e-02 5.737099999999999671e-05 1.073036640000000069e-01 -2.854413999999999996e-03 7.522439200000000104e-02 -1.800350999999999948e-03 9.971609710000000071e-01
1.705073591486879826e+09 1.099002800000000064e-02 6.903699999999999648e-05 1.108801809999999943e-01 -2.291707000000000032e-03 9.039046600000000264e-02 -2.243759000000000118e-03 9.959012269999999445e-01
1.705073591862458706e+09 1.182859900000000040e-02 1.064350000000000067e-04 1.145981100000000030e-01 -3.226970000000000012e-03 1.094377789999999989e-01 -3.187376000000000011e-03 9.939833279999999993e-01
1.705073592362209082e+09 1.275857399999999996e-02 1.411630000000000035e-04 1.183003710000000014e-01 5.071430000000000469e-04 1.191652190000000028e-01 -2.363188999999999915e-03 9.928715230000000336e-01
1.705073592656337738e+09 1.314793499999999948e-02 1.031059999999999984e-04 1.200286670000000055e-01 2.402500000000000122e-05 1.099851349999999978e-01 -2.520032000000000175e-03 9.939300420000000136e-01
1.705073593151923180e+09 1.350043499999999987e-02 1.508240000000000047e-04 1.226993799999999968e-01 -5.175349999999999569e-04 8.557165399999999700e-02 -1.495657999999999970e-03 9.963307980000000175e-01
1.705073593402139664e+09 1.344397699999999932e-02 2.182639999999999960e-04 1.245150119999999944e-01 -1.892173000000000032e-03 3.750155100000000102e-02 -7.507300000000000171e-04 9.992945189999999922e-01
1.705073593775791645e+09 1.318085400000000053e-02 2.666680000000000157e-04 1.281592699999999918e-01 -3.186810999999999897e-03 -6.566561999999999746e-03 -1.432714000000000079e-03 9.999723430000000413e-01
1.705073594111984015e+09 1.326481300000000030e-02 2.613340000000000021e-04 1.316810549999999913e-01 8.168179999999999712e-04 1.257683400000000028e-02 -2.272703999999999957e-03 9.999179839999999819e-01
1.705073594364572048e+09 1.333529500000000048e-02 2.716309999999999883e-04 1.342425939999999929e-01 2.044994999999999973e-03 1.778148499999999965e-02 -3.109757999999999793e-03 9.998350139999999664e-01
1.705073594735022545e+09 1.344497499999999963e-02 2.354629999999999918e-04 1.382341529999999985e-01 2.050931000000000195e-03 2.555616200000000032e-02 -4.206610999999999857e-03 9.996624589999999477e-01
1.705073595024873018e+09 1.379284300000000081e-02 2.701100000000000007e-04 1.413876709999999925e-01 -1.801473999999999957e-03 4.100766399999999923e-02 -3.034896000000000035e-03 9.991526010000000291e-01
1.705073595276610851e+09 1.411174800000000035e-02 2.213600000000000084e-04 1.440378870000000033e-01 -1.545266000000000001e-03 4.392043500000000072e-02 -1.040010999999999974e-03 9.990333319999999961e-01
1.705073595565919161e+09 1.432644999999999925e-02 2.594639999999999946e-04 1.471394900000000117e-01 -1.341860000000000058e-03 3.879530700000000110e-02 -2.040305000000000070e-03 9.992442129999999922e-01
1.705073596066794634e+09 1.469401899999999914e-02 2.444559999999999919e-04 1.525482089999999902e-01 1.171816999999999911e-03 4.145182299999999875e-02 -2.715176000000000135e-03 9.991361500000000007e-01
1.705073596401088715e+09 1.508740000000000081e-02 2.285699999999999885e-04 1.559015209999999874e-01 2.380899999999999854e-05 4.387458799999999909e-02 -1.572183000000000001e-03 9.990358350000000387e-01
1.705073596734274626e+09 1.548298600000000066e-02 1.922650000000000032e-04 1.592137220000000020e-01 -1.563523000000000040e-03 5.624173200000000261e-02 -2.340769999999999884e-04 9.984159470000000258e-01
1.705073597107692480e+09 1.597139399999999987e-02 1.359330000000000011e-04 1.632045209999999913e-01 4.948300000000000311e-04 5.713682999999999956e-02 -9.545500000000000003e-05 9.983662370000000452e-01
1.705073597441326380e+09 1.630743399999999912e-02 1.594140000000000021e-04 1.666382999999999892e-01 1.153921000000000027e-03 6.163677199999999939e-02 -1.676236000000000002e-03 9.980965849999999806e-01
1.705073597817622423e+09 1.677346999999999866e-02 1.657279999999999962e-04 1.704157590000000000e-01 5.003368000000000225e-03 6.049572699999999914e-02 -5.704119999999999590e-04 9.981557730000000239e-01
1.705073598442729473e+09 1.753064600000000042e-02 7.679100000000000390e-05 1.769773070000000004e-01 -5.813819999999999709e-04 5.609873299999999785e-02 1.779159999999999954e-04 9.984250660000000277e-01
1.705073598774124146e+09 1.804207999999999854e-02 4.942000000000000287e-06 1.804122780000000092e-01 1.051790000000000038e-04 7.134265500000000482e-02 2.062299999999999889e-05 9.974519010000000296e-01
1.705073599066149473e+09 1.846475200000000094e-02 9.502799999999999886e-05 1.832410989999999906e-01 3.360379000000000144e-03 8.223537399999999997e-02 -1.135078999999999992e-03 9.966066479999999839e-01
1.705073599369388103e+09 1.892338500000000090e-02 5.588599999999999991e-05 1.856281160000000097e-01 3.434019999999999868e-03 8.703384499999999857e-02 1.701460000000000071e-04 9.961994290000000252e-01
1.705073599772569656e+09 1.939932600000000146e-02 -9.543200000000000380e-05 1.884152000000000049e-01 3.602594000000000195e-03 4.460820900000000283e-02 1.885142999999999932e-03 9.989963170000000225e-01
1.705073600396923542e+09 1.922282599999999841e-02 -5.755999999999999778e-05 1.948333230000000027e-01 -3.559872999999999857e-03 1.408925700000000086e-02 1.555521000000000030e-03 9.998932480000000123e-01
1.705073600646552563e+09 1.934520500000000073e-02 -3.093900000000000312e-05 1.974435449999999981e-01 -1.251663999999999988e-03 4.782618200000000180e-02 1.298778999999999906e-03 9.988540409999999703e-01
1.705073600896488428e+09 1.970899099999999862e-02 -5.748299999999999834e-05 1.999213840000000075e-01 -3.141034999999999921e-03 6.018986600000000159e-02 3.979060000000000084e-04 9.981819389999999625e-01
1.705073601228281498e+09 2.003883000000000053e-02 -1.802820000000000063e-04 2.035142480000000087e-01 -5.659359999999999565e-04 4.945142200000000182e-02 4.497069999999999822e-04 9.987762569999999451e-01
1.705073601564586639e+09 2.047684199999999857e-02 -1.457669999999999886e-04 2.070803049999999923e-01 -1.887549999999999992e-03 5.148073699999999864e-02 1.267068000000000100e-03 9.986714119999999806e-01
1.705073601810947418e+09 2.086123800000000070e-02 -1.356159999999999972e-04 2.097444679999999895e-01 -8.130529999999999962e-04 6.395698299999999503e-02 1.447003000000000091e-03 9.979513290000000536e-01
1.705073602104481936e+09 2.136524600000000093e-02 -1.301909999999999873e-04 2.127790300000000079e-01 4.787400000000000141e-04 7.297573999999999728e-02 1.811632999999999993e-03 9.973319769999999806e-01
1.705073602352111578e+09 2.174626299999999832e-02 -8.503399999999999934e-05 2.151977419999999974e-01 2.456354000000000003e-03 8.295798999999999535e-02 3.030420000000000032e-04 9.965499639999999548e-01
1.705073602685867071e+09 2.220186799999999960e-02 -1.753249999999999926e-04 2.184090320000000029e-01 3.816141999999999798e-03 7.743317600000000633e-02 1.155488000000000088e-03 9.969896080000000271e-01
1.705073602986103058e+09 2.261962699999999979e-02 -2.025340000000000094e-04 2.214014380000000060e-01 1.956504999999999876e-03 6.045202200000000109e-02 2.286915999999999949e-03 9.981666209999999761e-01
1.705073603270248652e+09 2.291463700000000159e-02 -6.807500000000000129e-05 2.246365399999999957e-01 -2.602190999999999792e-03 5.343354499999999896e-02 1.845056999999999990e-03 9.985663289999999748e-01
1.705073603568484783e+09 2.326073700000000008e-02 -1.070530000000000066e-04 2.275403290000000134e-01 -4.667750000000000024e-04 5.634434099999999918e-02 3.069042000000000124e-03 9.984065890000000110e-01
1.705073603894108534e+09 2.375688000000000105e-02 -9.583300000000000217e-05 2.310463789999999962e-01 1.516690000000000009e-04 6.268780699999999817e-02 2.331170999999999938e-03 9.980304840000000510e-01
1.705073604225726366e+09 2.414998200000000039e-02 -1.636379999999999942e-04 2.341691549999999900e-01 1.221328999999999948e-03 6.253312499999999496e-02 2.787584999999999976e-03 9.980382920000000491e-01
1.705073604517838478e+09 2.440014899999999945e-02 -1.366440000000000016e-04 2.369899149999999954e-01 1.426516000000000069e-03 5.322960799999999770e-02 1.869295999999999892e-03 9.985795619999999762e-01
1.705073604813927412e+09 2.469576299999999905e-02 -5.215000000000000045e-05 2.400801180000000090e-01 -2.633837999999999891e-03 4.065319500000000308e-02 2.243176999999999845e-03 9.991673229999999961e-01
1.705073605187016487e+09 2.489361000000000004e-02 -9.471000000000000631e-05 2.437810300000000097e-01 -1.645132000000000105e-03 3.464604500000000031e-02 2.378092999999999960e-03 9.993954900000000530e-01
1.705073605561109543e+09 2.507674699999999993e-02 -8.826999999999999343e-05 2.478278429999999921e-01 -2.417219999999999872e-04 2.503047099999999858e-02 1.773496999999999964e-03 9.996851089999999607e-01
1.705073605891883850e+09 2.514964199999999983e-02 -1.267969999999999991e-04 2.512182299999999868e-01 7.348790000000000227e-04 1.163127100000000032e-02 2.094443999999999993e-03 9.999299050000000078e-01
1.705073606226820469e+09 2.520278800000000027e-02 -1.329670000000000027e-04 2.543214560000000013e-01 2.275573999999999826e-03 1.801572200000000137e-02 1.980768999999999846e-03 9.998331670000000226e-01
1.705073606601882935e+09 2.555484300000000070e-02 -7.628199999999999911e-05 2.580502330000000177e-01 -1.653675999999999974e-03 4.171974600000000200e-02 1.614352000000000105e-03 9.991266730000000207e-01
1.705073606976644516e+09 2.591605300000000139e-02 5.197000000000000386e-06 2.609569130000000126e-01 4.150639999999999820e-04 4.525121700000000330e-02 7.202299999999999805e-04 9.989752769999999948e-01
1.705073607431903601e+09 2.588763800000000101e-02 -3.203300000000000315e-05 2.643229369999999800e-01 1.005480000000000002e-03 2.268452799999999894e-02 -1.235917000000000005e-03 9.997414350000000116e-01
1.705073607848088980e+09 2.590408900000000167e-02 -1.218590000000000000e-04 2.684239449999999971e-01 2.795000000000000175e-03 1.018802899999999949e-02 -2.777294000000000030e-03 9.999403949999999819e-01
1.705073608225715160e+09 2.615475499999999828e-02 -1.717299999999999973e-05 2.726166250000000013e-01 -3.404546999999999955e-03 1.599441100000000004e-02 2.839499999999999902e-04 9.998662470000000413e-01
1.705073608641836405e+09 2.634172099999999850e-02 6.626899999999999859e-05 2.770172949999999967e-01 -2.668464000000000166e-03 2.820268800000000006e-02 2.575997000000000009e-03 9.995953440000000523e-01
1.705073609055778980e+09 2.660803100000000074e-02 4.868900000000000089e-05 2.814102769999999865e-01 -4.587370000000000228e-04 3.118166899999999866e-02 1.177384999999999977e-03 9.995129699999999451e-01
1.705073609512796879e+09 2.692889600000000078e-02 3.956600000000000031e-05 2.862009409999999865e-01 1.177712000000000030e-03 2.724935499999999941e-02 3.447106000000000128e-03 9.996220470000000136e-01
1.705073610019939661e+09 2.752138499999999890e-02 1.495169999999999984e-04 2.914690670000000261e-01 -4.668928000000000141e-03 3.790025000000000338e-02 4.931093000000000108e-03 9.992584589999999878e-01
1.705073610598783016e+09 2.783125300000000024e-02 1.724340000000000096e-04 2.972917259999999784e-01 -3.118054999999999785e-03 3.383018799999999715e-02 4.555749999999999904e-03 9.994123579999999452e-01
1.705073611056154013e+09 2.832582399999999945e-02 1.417649999999999954e-04 3.018574419999999758e-01 -1.153041000000000049e-03 4.570411900000000138e-02 6.114243999999999582e-03 9.989356400000000136e-01
1.705073611552770376e+09 2.880270999999999873e-02 1.925910000000000133e-04 3.068486750000000152e-01 -4.283987000000000385e-03 4.703770200000000068e-02 7.097497000000000354e-03 9.988587500000000174e-01
1.705073612102806330e+09 2.929775000000000088e-02 2.032950000000000111e-04 3.122352360000000271e-01 -2.411645000000000021e-03 4.612245400000000023e-02 5.648074000000000323e-03 9.989169239999999839e-01
1.705073612638696671e+09 2.973779699999999984e-02 2.687510000000000159e-04 3.177612719999999835e-01 -1.246619000000000026e-03 4.423521100000000345e-02 6.118285000000000216e-03 9.990016219999999780e-01
1.705073613221937895e+09 3.020201100000000083e-02 3.192429999999999790e-04 3.235261739999999997e-01 -8.066164000000000667e-03 5.100999800000000084e-02 3.961221000000000013e-03 9.986577030000000077e-01
1.705073613760389090e+09 3.093237999999999890e-02 3.731159999999999967e-04 3.288633819999999819e-01 -6.100925999999999572e-03 5.517375499999999794e-02 3.298357999999999932e-03 9.984527229999999864e-01
1.705073614260678768e+09 3.122935300000000136e-02 3.671109999999999890e-04 3.335517350000000159e-01 -2.373116000000000201e-03 4.674215200000000209e-02 3.288201000000000145e-03 9.988988039999999735e-01
1.705073614718803883e+09 3.154521099999999662e-02 4.608570000000000093e-04 3.371364470000000058e-01 -8.850932000000000591e-03 5.313546999999999715e-02 4.646156000000000244e-03 9.985373020000000155e-01
1.705073615301607609e+09 3.332336200000000220e-02 4.612199999999999785e-04 3.417423669999999913e-01 -2.019501999999999842e-03 1.583080289999999890e-01 5.915552999999999610e-03 9.873700140000000181e-01
1.705073615807314634e+09 3.562668699999999716e-02 4.335070000000000221e-04 3.464111690000000188e-01 2.558208000000000183e-03 2.117876559999999908e-01 4.279423000000000081e-03 9.773030280000000181e-01
1.705073616262710333e+09 3.737905600000000078e-02 4.706900000000000081e-04 3.511742059999999888e-01 -2.545774000000000214e-03 2.031105460000000029e-01 -4.138308000000000264e-03 9.791437389999999574e-01
1.705073616632357359e+09 3.883836799999999811e-02 6.373169999999999833e-04 3.551729619999999810e-01 -1.249289200000000023e-02 1.766798499999999994e-01 -6.828840000000000300e-04 9.841888549999999736e-01
1.705073617139026165e+09 4.016590899999999964e-02 6.864959999999999812e-04 3.602280319999999758e-01 -7.230920000000000056e-03 1.479738060000000133e-01 -3.395580000000000039e-03 9.889590139999999696e-01
1.705073617506757736e+09 4.133384999999999837e-02 6.823149999999999615e-04 3.638447519999999935e-01 -2.014483999999999980e-03 1.505039780000000105e-01 -3.530054999999999825e-03 9.886010889999999884e-01
1.705073617964818478e+09 4.275022099999999797e-02 7.193009999999999899e-04 3.686300519999999858e-01 -2.361886000000000107e-03 1.477292629999999996e-01 -6.491292000000000069e-03 9.890037179999999761e-01
1.705073618422148466e+09 4.419144199999999745e-02 6.757280000000000057e-04 3.732719720000000074e-01 3.347477000000000178e-03 1.699562819999999863e-01 -7.362195999999999671e-03 9.854184390000000349e-01
1.705073618801631689e+09 4.544090499999999672e-02 6.181819999999999980e-04 3.766125140000000093e-01 9.569588000000000400e-03 1.760971990000000098e-01 -7.161925999999999883e-03 9.843002560000000400e-01
1.705073619171843290e+09 4.673865399999999753e-02 6.391079999999999938e-04 3.805015090000000155e-01 1.017935000000000020e-02 1.388583330000000005e-01 -2.982425999999999827e-03 9.902554749999999961e-01
1.705073619466099501e+09 4.738434400000000185e-02 6.771680000000000190e-04 3.837097289999999994e-01 2.552616000000000173e-03 1.189292670000000052e-01 -4.484787999999999969e-03 9.928893450000000342e-01
1.705073619796385527e+09 4.856130499999999905e-02 7.074889999999999478e-04 3.873143199999999897e-01 -6.449233999999999870e-03 1.499328610000000006e-01 -2.172152000000000110e-03 9.886727929999999942e-01
1.705073620255365849e+09 4.999015899999999929e-02 7.006020000000000390e-04 3.918047250000000203e-01 -3.359093999999999969e-03 1.552741679999999902e-01 -2.497269999999999785e-03 9.878625269999999903e-01
1.705073620671273470e+09 5.136368399999999973e-02 6.799819999999999823e-04 3.955928389999999739e-01 8.634670000000000322e-04 1.570366470000000014e-01 7.849999999999999719e-05 9.875923989999999542e-01
1.705073621005682945e+09 5.229476500000000000e-02 7.276659999999999682e-04 3.988479970000000097e-01 -3.796526000000000154e-03 1.565511820000000109e-01 -3.271092000000000184e-03 9.876571299999999942e-01
1.705073621382262945e+09 5.338881499999999919e-02 7.726830000000000287e-04 4.026875200000000210e-01 -6.898918999999999885e-03 1.429060550000000041e-01 1.350439999999999898e-04 9.897121789999999697e-01
1.705073621712024212e+09 5.428633800000000342e-02 8.492480000000000384e-04 4.058153629999999845e-01 -8.837701999999999364e-03 1.447027620000000125e-01 9.485099999999999565e-04 9.894352560000000407e-01
1.705073622129337311e+09 5.529055699999999712e-02 8.171160000000000012e-04 4.093764420000000070e-01 -3.501624999999999963e-03 1.358576860000000053e-01 1.091086999999999916e-03 9.907215830000000167e-01
1.705073622628001451e+09 5.654891599999999768e-02 6.652220000000000355e-04 4.131695930000000017e-01 -1.605328999999999957e-03 1.497688889999999884e-01 8.519789999999999959e-04 9.887194040000000239e-01
1.705073623168628931e+09 5.740598200000000123e-02 8.037040000000000286e-04 4.161956609999999945e-01 -3.482139999999999888e-03 1.401304600000000122e-01 9.355049999999999954e-04 9.901264910000000530e-01
1.705073623587460041e+09 5.785861999999999949e-02 8.202220000000000084e-04 4.183992149999999910e-01 -7.597152000000000245e-03 1.127907479999999962e-01 2.869752000000000153e-03 9.935855869999999923e-01
1.705073623960460663e+09 5.812669200000000064e-02 8.608760000000000023e-04 4.201067390000000068e-01 -5.220566000000000269e-03 9.287075699999999823e-02 2.267527000000000084e-03 9.956619140000000368e-01
1.705073624337821484e+09 5.822058399999999884e-02 8.705339999999999563e-04 4.228355289999999878e-01 -3.462021000000000022e-03 4.775437700000000063e-02 1.142673000000000083e-03 9.988524909999999535e-01
1.705073624667486906e+09 5.803516100000000177e-02 9.161679999999999737e-04 4.260771269999999999e-01 -1.766863000000000027e-03 -8.719589999999999286e-03 4.145010000000000079e-04 9.999603630000000187e-01
1.705073625043236494e+09 5.811772899999999992e-02 8.823509999999999687e-04 4.298477769999999865e-01 -2.298948999999999784e-03 1.437636999999999943e-02 2.400509999999999959e-04 9.998939629999999967e-01
1.705073625420791149e+09 5.847129200000000110e-02 1.044419999999999897e-03 4.337722359999999777e-01 -3.521124999999999949e-03 4.859550299999999823e-02 7.917170000000000500e-04 9.988120200000000226e-01
1.705073625792290449e+09 5.886742799999999942e-02 1.037518000000000077e-03 4.375275080000000094e-01 -3.629925999999999899e-03 4.532867299999999988e-02 1.468754999999999974e-03 9.989644890000000110e-01
1.705073626540879250e+09 5.925852799999999782e-02 8.935769999999999998e-04 4.452906850000000194e-01 1.863171999999999962e-03 1.942957899999999891e-02 -5.927909999999999560e-04 9.998093249999999710e-01
1.705073626873535633e+09 5.958515400000000128e-02 1.003668000000000095e-03 4.488419000000000159e-01 -1.992619000000000161e-03 4.127689799999999937e-02 -6.174610000000000298e-04 9.991455670000000122e-01
1.705073627206911802e+09 5.993330499999999922e-02 1.051636000000000107e-03 4.522179660000000267e-01 -4.478822999999999832e-03 4.429784800000000078e-02 -3.869900000000000336e-05 9.990083579999999852e-01
1.705073627499582052e+09 6.010460100000000055e-02 1.083631000000000047e-03 4.552845660000000017e-01 -3.504212000000000039e-03 3.444857900000000001e-02 -1.513281999999999908e-03 9.993991850000000232e-01
1.705073627832000971e+09 6.040862200000000209e-02 1.069693000000000033e-03 4.585056599999999816e-01 5.955990000000000416e-04 3.668691999999999787e-02 -1.245240000000000105e-03 9.993258710000000322e-01
1.705073628207613707e+09 6.061685499999999727e-02 1.044774999999999957e-03 4.622852800000000206e-01 2.724798999999999971e-03 4.082052399999999692e-02 5.710409999999999965e-04 9.991626139999999490e-01
1.705073628914241076e+09 6.134815500000000144e-02 1.013856000000000045e-03 4.696075319999999942e-01 -1.183554999999999980e-03 4.064838199999999679e-02 1.359916999999999983e-03 9.991719129999999671e-01
1.705073629304170847e+09 6.156001199999999729e-02 1.050207000000000050e-03 4.733218249999999738e-01 3.016743000000000115e-03 3.937822600000000228e-02 2.516589999999999973e-04 9.992198350000000007e-01
1.705073629666424274e+09 6.183792700000000087e-02 9.621449999999999707e-04 4.771987799999999891e-01 5.395765999999999757e-03 4.305319099999999760e-02 2.291620000000000126e-04 9.990581870000000420e-01
1.705073630042365789e+09 6.223773199999999700e-02 1.109516999999999969e-03 4.810500140000000258e-01 -4.714676999999999583e-03 5.386333199999999988e-02 9.565300000000000321e-04 9.985367659999999645e-01
1.705073630787872076e+09 6.332273800000000341e-02 1.179509000000000026e-03 4.882565139999999748e-01 -5.571765999999999698e-03 6.955273400000000494e-02 -3.370809999999999800e-04 9.975626469999999690e-01
1.705073631163401127e+09 6.350471800000000167e-02 1.142863999999999946e-03 4.914574030000000149e-01 -1.848540000000000079e-03 5.009225800000000062e-02 -4.261110000000000136e-04 9.987428189999999484e-01
1.705073631538983107e+09 6.353473699999999391e-02 1.124720000000000060e-03 4.950734079999999926e-01 -3.555022000000000130e-03 6.725430000000000123e-03 -3.299800000000000086e-04 9.999710320000000374e-01
1.705073631954124689e+09 6.317500800000000472e-02 1.229866999999999939e-03 4.980026779999999764e-01 -7.427526000000000267e-03 -3.522291000000000311e-02 3.030490000000000050e-04 9.993518590000000090e-01
1.705073632371155739e+09 6.258536900000000180e-02 1.424965000000000042e-03 5.005449060000000117e-01 -8.747470000000000245e-03 -7.030008000000000090e-02 6.443370000000000347e-04 9.974873069999999897e-01
1.705073632786823750e+09 6.221655400000000030e-02 1.392391999999999892e-03 5.024851559999999884e-01 -7.072163999999999708e-03 -8.245698399999999706e-02 1.132529999999999946e-04 9.965695740000000136e-01
1.705073633536688089e+09 6.117755899999999941e-02 1.324497999999999908e-03 5.084329840000000322e-01 -2.786020000000000163e-03 -8.202269700000000552e-02 -2.135371999999999965e-03 9.966242910000000510e-01
1.705073633867509842e+09 6.059662600000000066e-02 1.384868000000000036e-03 5.119974019999999904e-01 -4.260838999999999772e-03 -8.608274900000000007e-02 1.467121999999999957e-03 9.962778089999999587e-01
1.705073634242337227e+09 5.991464900000000038e-02 1.478954999999999896e-03 5.159597989999999967e-01 -8.130597999999999298e-03 -7.079440400000000522e-02 -1.530997999999999994e-03 9.974566099999999658e-01
1.705073634576946497e+09 5.938215599999999844e-02 1.460106000000000077e-03 5.193267459999999502e-01 -9.483303000000000219e-03 -7.203617700000000679e-02 -3.101717999999999836e-03 9.973521229999999793e-01
1.705073634951508522e+09 5.856710300000000230e-02 1.435178000000000061e-03 5.230492949999999697e-01 -5.266810000000000241e-03 -8.354076000000000557e-02 -4.448498999999999856e-03 9.964805249999999504e-01
1.705073635366138697e+09 5.785766999999999993e-02 1.534002999999999929e-03 5.272656079999999967e-01 -1.116482999999999929e-03 -8.433832199999999335e-02 -9.788180000000000058e-04 9.964360589999999851e-01
1.705073635741959333e+09 5.747527300000000033e-02 1.583806000000000103e-03 5.310271380000000097e-01 -5.971666999999999947e-03 -5.719285100000000288e-02 -1.240861000000000004e-03 9.983445410000000297e-01
1.705073636119756937e+09 5.694350599999999790e-02 1.672735000000000064e-03 5.349928739999999516e-01 -7.174194000000000057e-03 -5.489352699999999752e-02 -3.784009999999999978e-04 9.984663719999999909e-01
1.705073636580955029e+09 5.647677200000000147e-02 1.674174000000000061e-03 5.395640130000000090e-01 -3.390213999999999901e-03 -5.344998499999999847e-02 -8.230789999999999981e-04 9.985644219999999516e-01
1.705073637032064915e+09 5.636874199999999946e-02 1.617347000000000099e-03 5.439913870000000484e-01 -1.391050000000000012e-03 -3.666408699999999798e-02 3.313283000000000200e-03 9.993211629999999568e-01
1.705073637408580542e+09 5.567783099999999707e-02 1.841376000000000037e-03 5.477001070000000471e-01 -5.045937999999999812e-03 -6.434109799999999935e-02 1.750575999999999998e-03 9.979136589999999529e-01
1.705073637908280611e+09 5.476897199999999910e-02 1.794996000000000091e-03 5.526000859999999903e-01 -1.272478999999999971e-03 -6.848089400000000049e-02 4.145640000000000241e-04 9.976515169999999877e-01
1.705073638338658094e+09 5.423101400000000100e-02 1.824071999999999933e-03 5.566917660000000323e-01 2.204811000000000097e-03 -6.490404199999999513e-02 4.101469999999999747e-04 9.978889819999999800e-01
1.705073638739291430e+09 5.376696200000000148e-02 1.820374999999999945e-03 5.604848860000000155e-01 7.484289999999999997e-04 -6.719922300000000237e-02 3.253610000000000096e-03 9.977340099999999490e-01
1.705073639239753008e+09 5.311279000000000000e-02 1.894578999999999968e-03 5.655308959999999496e-01 -2.628536999999999801e-03 -6.383501699999999390e-02 4.244396999999999580e-03 9.979479909999999787e-01
1.705073639657840729e+09 5.263512599999999736e-02 1.846156000000000056e-03 5.697163939999999593e-01 -7.523399999999999966e-04 -6.104775500000000216e-02 3.162490000000000006e-03 9.981295470000000059e-01
1.705073640029742479e+09 5.212869500000000267e-02 1.783690000000000102e-03 5.733262900000000162e-01 1.888017000000000081e-03 -6.324484900000000576e-02 2.109404999999999961e-03 9.979940649999999858e-01
1.705073640404950857e+09 5.161593500000000168e-02 1.764998999999999952e-03 5.771871210000000252e-01 -1.650694999999999983e-03 -6.572587000000000568e-02 2.825375000000000195e-03 9.978323580000000304e-01
1.705073640738112926e+09 5.133766299999999866e-02 1.795378000000000035e-03 5.802797680000000291e-01 -4.987362000000000392e-03 -6.068263899999999655e-02 2.215279000000000120e-03 9.981421830000000162e-01
1.705073641158121824e+09 5.090912400000000004e-02 1.964380999999999853e-03 5.840765239999999858e-01 -7.041399999999999743e-03 -4.775711500000000276e-02 4.945789999999999822e-04 9.988340140000000478e-01
1.705073641655226946e+09 5.045978699999999900e-02 1.903738999999999995e-03 5.881364350000000130e-01 -5.048719999999999597e-03 -4.767581099999999850e-02 -1.651324999999999928e-03 9.988487959999999832e-01
1.705073642113031626e+09 5.034602099999999775e-02 1.804870000000000085e-03 5.906026960000000381e-01 -3.548805999999999836e-03 -3.132816800000000346e-02 -2.253595000000000164e-03 9.995003340000000458e-01
1.705073642535231829e+09 5.036156600000000344e-02 1.952706999999999924e-03 5.931885239999999948e-01 -5.176736999999999832e-03 -1.108476299999999921e-02 -8.318859999999999970e-04 9.999248389999999542e-01
1.705073642947116137e+09 5.056399899999999836e-02 1.934430999999999911e-03 5.952355270000000420e-01 -7.253545999999999605e-03 2.275493899999999833e-02 -1.229653999999999947e-03 9.997140169999999548e-01
1.705073643402495861e+09 5.122162400000000032e-02 2.120926999999999882e-03 5.990708470000000174e-01 -8.094555999999999280e-03 6.311639400000000621e-02 5.037239999999999903e-04 9.979732040000000026e-01
1.705073643737108469e+09 5.150200800000000190e-02 2.212455999999999798e-03 6.025492550000000058e-01 -6.273593000000000051e-03 6.218044799999999928e-02 1.214638999999999996e-03 9.980444910000000336e-01
1.705073644566832781e+09 5.234109599999999668e-02 2.422876999999999930e-03 6.106158489999999883e-01 -5.429050000000000369e-03 4.998979700000000248e-02 5.098664000000000147e-03 9.987219569999999935e-01
1.705073645237176895e+09 5.303851100000000346e-02 2.308379000000000160e-03 6.171386239999999690e-01 -3.058215999999999886e-03 5.250025500000000261e-02 3.607280999999999942e-03 9.986097219999999774e-01
1.705073645739727497e+09 5.354039700000000346e-02 2.163544999999999791e-03 6.220570800000000400e-01 -1.846774999999999936e-03 4.757244900000000276e-02 2.539642999999999848e-03 9.988628630000000452e-01
1.705073646276559591e+09 5.397946399999999784e-02 2.251139999999999999e-03 6.274598239999999993e-01 -3.802026000000000017e-03 4.154340200000000011e-02 3.889772000000000108e-03 9.991219040000000051e-01
1.705073646566457272e+09 5.430372399999999766e-02 2.302840999999999916e-03 6.301842330000000381e-01 -3.074279000000000074e-03 5.274187000000000319e-02 2.711560000000000012e-03 9.985997680000000543e-01
1.705073646944799662e+09 5.470719200000000171e-02 2.288619999999999891e-03 6.338287590000000193e-01 -3.598870000000000107e-03 5.806977299999999814e-02 2.914755000000000210e-03 9.983018040000000148e-01
1.705073647233065128e+09 5.485926900000000217e-02 2.301931000000000116e-03 6.368075010000000535e-01 -2.052575999999999967e-03 5.590166900000000105e-02 2.276504999999999848e-03 9.984315630000000219e-01
1.705073647530273676e+09 5.525156900000000038e-02 2.211615000000000109e-03 6.393827800000000394e-01 -2.412797999999999853e-03 5.625411899999999826e-02 2.466771999999999888e-03 9.984105229999999942e-01
1.705073647814471960e+09 5.547344700000000212e-02 2.264753999999999899e-03 6.420862670000000438e-01 -2.326897999999999987e-03 5.159737500000000088e-02 2.046608000000000108e-03 9.986631870000000077e-01
1.705073648148996115e+09 5.577870099999999998e-02 2.268705000000000201e-03 6.454879639999999696e-01 -4.942295000000000195e-03 5.106153000000000081e-02 1.171965000000000073e-03 9.986826180000000219e-01
1.705073648440180302e+09 5.612265699999999941e-02 2.364428999999999923e-03 6.481994989999999568e-01 -9.582840000000000021e-04 5.131521399999999788e-02 8.405069999999999946e-04 9.986817239999999929e-01
1.705073648772273779e+09 5.649298800000000093e-02 2.402570000000000140e-03 6.513537759999999954e-01 7.011489999999999780e-04 5.400046299999999855e-02 1.250624000000000093e-03 9.985399249999999949e-01
1.705073649063287258e+09 5.666963800000000134e-02 2.300743000000000059e-03 6.541173460000000439e-01 3.898059999999999741e-04 4.870885600000000176e-02 2.797219999999999893e-04 9.988129140000000517e-01
1.705073649396867514e+09 5.693228899999999704e-02 2.369898999999999964e-03 6.572851539999999826e-01 -2.609164000000000188e-03 4.091839900000000113e-02 8.305190000000000489e-04 9.991587400000000452e-01
1.705073649689977646e+09 5.705028000000000182e-02 2.430705000000000018e-03 6.600997450000000155e-01 -4.298923999999999974e-03 3.921951399999999699e-02 -3.931799999999999862e-05 9.992213850000000175e-01
1.705073649982323885e+09 5.737701800000000185e-02 2.442904999999999990e-03 6.629886029999999542e-01 -2.668035000000000025e-03 5.230742699999999662e-02 -6.286230000000000290e-04 9.986272449999999967e-01
1.705073650354964733e+09 5.768558399999999808e-02 2.378874000000000006e-03 6.664108039999999678e-01 1.324992000000000097e-03 3.048101300000000125e-02 3.160810000000000117e-04 9.995344280000000303e-01
1.705073650645591021e+09 5.754137799999999719e-02 2.429157999999999838e-03 6.691895129999999581e-01 -2.329799999999999954e-05 -1.285300800000000084e-02 2.003425999999999992e-03 9.999154209999999710e-01
1.705073650937326193e+09 5.744719899999999740e-02 2.430336999999999862e-03 6.719421150000000065e-01 -1.095964000000000053e-03 -7.819392999999999136e-03 1.887325999999999934e-03 9.999670389999999465e-01
1.705073651259282827e+09 5.779495099999999719e-02 2.468786000000000157e-03 6.746061439999999632e-01 -2.425430000000000121e-03 1.872404100000000030e-02 2.411515999999999833e-03 9.998188609999999477e-01
1.705073651604485273e+09 5.807288000000000033e-02 2.552239999999999891e-03 6.779861449999999845e-01 4.167929999999999920e-04 2.687757299999999835e-02 3.424548999999999822e-03 9.996327760000000007e-01
1.705073651902605295e+09 5.809810800000000247e-02 2.563124999999999865e-03 6.806410550000000503e-01 1.717343999999999989e-03 1.113414300000000086e-02 4.029872000000000315e-03 9.999284149999999594e-01
1.705073652186709166e+09 5.802812100000000195e-02 2.542683999999999916e-03 6.830554599999999477e-01 4.513660000000000068e-03 -1.115023400000000019e-02 4.994641999999999658e-03 9.999151830000000407e-01
1.705073652437176466e+09 5.817913300000000093e-02 2.497913000000000043e-03 6.853262780000000109e-01 9.465219999999999884e-04 -8.974051000000000250e-03 5.659339000000000210e-03 9.999433159999999710e-01
1.705073652726709604e+09 5.821918699999999863e-02 2.491493000000000006e-03 6.879360079999999877e-01 -1.079401999999999922e-03 -2.538160600000000100e-02 6.313832999999999598e-03 9.996573330000000368e-01
1.705073652978024006e+09 5.822616399999999692e-02 2.440201999999999823e-03 6.901522869999999754e-01 4.619999999999999812e-05 -3.268326099999999818e-02 6.398143000000000233e-03 9.994453189999999987e-01
1.705073653228576660e+09 5.806499700000000014e-02 2.495645999999999802e-03 6.925542350000000180e-01 3.292399999999999851e-05 -1.369908100000000011e-02 6.297248000000000082e-03 9.998863940000000117e-01
1.705073653437216759e+09 5.807874400000000159e-02 2.459657999999999983e-03 6.941258310000000264e-01 4.023017999999999733e-03 -1.869117000000000001e-03 6.177153000000000331e-03 9.999710920000000058e-01
1.705073653685355663e+09 5.808117599999999825e-02 2.387094000000000195e-03 6.963326330000000342e-01 4.551714000000000107e-03 -5.618406000000000268e-03 5.169655000000000430e-03 9.999604819999999838e-01
1.705073653935466051e+09 5.795836399999999833e-02 2.478358999999999857e-03 6.987781520000000413e-01 -7.604680000000000380e-04 -1.283721900000000041e-02 4.745891999999999819e-03 9.999060629999999561e-01
1.705073654268078327e+09 5.782942499999999680e-02 2.491834999999999970e-03 7.017987970000000297e-01 -7.671920999999999949e-03 -1.484326499999999958e-02 5.331202000000000163e-03 9.998462200000000077e-01
1.705073654670585632e+09 5.783109000000000166e-02 2.530487000000000101e-03 7.048109169999999812e-01 -5.197575999999999759e-03 -1.011962800000000030e-02 4.637127999999999910e-03 9.999245409999999445e-01
1.705073655017615318e+09 5.764062699999999984e-02 2.479082999999999981e-03 7.080496549999999445e-01 -1.906726999999999988e-03 -3.010579000000000033e-02 5.427791000000000386e-03 9.995301960000000374e-01
1.705073655349647760e+09 5.735754600000000231e-02 2.542234999999999894e-03 7.107830050000000233e-01 3.594200000000000248e-05 -5.547769000000000311e-02 6.349617000000000108e-03 9.984397889999999665e-01
1.705073655726814985e+09 5.701198400000000166e-02 2.570259000000000085e-03 7.137842180000000258e-01 -2.862439999999999950e-03 -4.541143400000000052e-02 5.308806999999999589e-03 9.989501830000000471e-01
1.705073656101386070e+09 5.659687900000000271e-02 2.548513999999999988e-03 7.167364950000000290e-01 -5.579395000000000014e-03 -5.023699599999999904e-02 3.849048999999999787e-03 9.987143280000000400e-01
1.705073656475631714e+09 5.604801300000000069e-02 2.562042999999999959e-03 7.195593710000000032e-01 -4.580948999999999958e-03 -7.105498799999999948e-02 2.870980999999999880e-03 9.974578020000000045e-01
1.705073656939361334e+09 5.557482300000000236e-02 2.538223000000000042e-03 7.219960090000000497e-01 7.485680000000000198e-04 -7.481633099999999981e-02 2.990523000000000139e-03 9.971926209999999458e-01
1.705073657393096924e+09 5.527482200000000123e-02 2.517179000000000031e-03 7.243428830000000485e-01 -4.784060000000000135e-04 -5.051163200000000075e-02 3.421486999999999966e-03 9.987174869999999594e-01
1.705073657848537207e+09 5.501264299999999996e-02 2.479180000000000099e-03 7.266289000000000220e-01 -1.545617999999999905e-03 -3.107275400000000104e-02 1.558485999999999986e-03 9.995146990000000065e-01
1.705073658347429514e+09 5.459500099999999717e-02 2.491563999999999932e-03 7.303094270000000110e-01 1.186706999999999953e-03 -6.017190599999999723e-02 3.358605000000000184e-03 9.981817010000000323e-01
1.705073658849461555e+09 5.394201700000000183e-02 2.506509999999999988e-03 7.346031069999999774e-01 4.104980999999999734e-03 -4.842793900000000318e-02 1.393771999999999936e-03 9.988173249999999781e-01
1.705073659346785069e+09 5.405099700000000340e-02 2.497189999999999827e-03 7.389810089999999665e-01 2.417026999999999978e-03 2.158644800000000114e-02 1.118461999999999972e-03 9.997634290000000368e-01
1.705073659763131618e+09 5.412563299999999938e-02 2.617096000000000179e-03 7.427664999999999962e-01 -7.107829000000000404e-03 2.881458400000000072e-02 3.456421999999999793e-03 9.995535610000000348e-01
1.705073660224287748e+09 5.404585199999999839e-02 2.601708999999999793e-03 7.467285390000000245e-01 -4.104359000000000132e-03 2.193004000000000134e-03 3.021392999999999822e-03 9.999846220000000452e-01
1.705073660761751890e+09 5.409212800000000321e-02 2.519575000000000026e-03 7.512715460000000123e-01 1.636012999999999964e-03 9.507806000000000590e-03 3.688065999999999827e-03 9.999466540000000458e-01
1.705073661223803759e+09 5.410267400000000337e-02 2.583208999999999939e-03 7.551578880000000549e-01 -3.988575000000000280e-03 1.193804700000000024e-02 5.251579999999999616e-03 9.999070169999999536e-01
1.705073661637181997e+09 5.429447099999999693e-02 2.649201999999999807e-03 7.588780520000000251e-01 -7.112995999999999902e-03 3.440820399999999779e-02 5.083431000000000234e-03 9.993696210000000413e-01
1.705073662097104311e+09 5.486786700000000072e-02 2.495086999999999999e-03 7.623662949999999716e-01 -4.406797999999999965e-03 3.873227900000000140e-02 3.653449000000000019e-03 9.992332459999999639e-01
1.705073662554107666e+09 5.474144200000000127e-02 2.595371999999999870e-03 7.660965320000000522e-01 -2.592843000000000057e-03 -4.953759999999999544e-04 6.533955999999999618e-03 9.999752039999999509e-01
1.705073663011269331e+09 5.466057400000000344e-02 2.577469000000000201e-03 7.699990869999999710e-01 -3.931203999999999775e-03 1.196954000000000073e-03 5.966749000000000358e-03 9.999737739999999819e-01
1.705073663426879406e+09 5.475709599999999816e-02 2.698828999999999811e-03 7.734346989999999478e-01 -2.627551000000000105e-03 9.450946999999999473e-03 4.455548000000000147e-03 9.999419449999999987e-01
1.705073663928947449e+09 5.493462100000000292e-02 2.614843999999999849e-03 7.773016099999999762e-01 2.189658000000000142e-03 5.917004000000000014e-03 3.000365999999999971e-03 9.999756220000000084e-01
1.705073664342800379e+09 5.510935599999999823e-02 2.553596999999999898e-03 7.801047559999999548e-01 -2.312572000000000152e-03 1.456356600000000001e-02 4.932024000000000130e-03 9.998791219999999536e-01
1.705073664637925625e+09 5.514518499999999934e-02 2.681334000000000061e-03 7.823201419999999962e-01 -7.593162999999999996e-03 1.178485100000000070e-02 5.651528000000000281e-03 9.998857979999999923e-01
1.705073664967975616e+09 5.523590400000000233e-02 2.756573000000000009e-03 7.845132949999999994e-01 -1.265873999999999992e-02 1.171892899999999946e-02 5.024942999999999597e-03 9.998385910000000543e-01
1.705073665342691660e+09 5.521918099999999913e-02 2.788774999999999848e-03 7.859073279999999606e-01 -9.797879000000000657e-03 1.097584799999999985e-02 4.175891000000000151e-03 9.998830560000000478e-01
1.705073665718245268e+09 5.523667499999999897e-02 2.831665000000000137e-03 7.863908410000000071e-01 -7.994878000000000401e-03 1.072704699999999997e-02 4.571740999999999826e-03 9.999000430000000161e-01
