1.702688123750164747e+09 0.000000000000000000e+00 0.000000000000000000e+00 0.000000000000000000e+00 -0.000000000000000000e+00 -0.000000000000000000e+00 -0.000000000000000000e+00 1.000000000000000000e+00
1.702688124081733227e+09 2.036499999999999899e-05 2.693000000000000135e-05 1.670608999999999983e-03 -4.071729999999999859e-04 7.581340000000000431e-04 2.115000000000000079e-06 9.999996420000000219e-01
1.702688124249446630e+09 2.711200000000000063e-05 2.288300000000000097e-05 2.510174999999999906e-03 -6.031959999999999622e-04 7.780849999999999746e-04 -9.407649999999999823e-04 9.999991059999999710e-01
1.702688124583310366e+09 4.245999999999999666e-06 2.706199999999999941e-05 4.138463999999999685e-03 1.353709999999999885e-04 -2.307028000000000030e-03 -9.756990000000000107e-04 9.999969010000000491e-01
1.702688124914194107e+09 -9.035600000000000023e-05 4.650000000000000372e-06 5.797047999999999958e-03 -2.485876000000000145e-03 -4.461215000000000146e-03 -1.039105000000000020e-03 9.999864099999999922e-01
1.702688125254037619e+09 -1.354999999999999868e-04 -1.267300000000000047e-05 7.371062999999999747e-03 -1.059461999999999947e-03 -6.935384999999999640e-03 3.019099999999999944e-05 9.999753829999999954e-01
1.702688125457316160e+09 -4.862599999999999827e-05 6.985999999999999690e-06 8.416003000000000026e-03 -1.438508999999999925e-03 -5.281235999999999917e-03 6.680009999999999898e-04 9.999848009999999787e-01
1.702688125663210869e+09 -2.412299999999999926e-05 1.540450000000000066e-04 9.436155999999999364e-03 -4.520980000000000072e-04 -3.872706999999999972e-03 1.772843000000000075e-03 9.999908210000000297e-01
1.702688125997769356e+09 2.026299999999999895e-05 8.560899999999999977e-05 1.105632600000000000e-02 -1.072646999999999923e-03 -5.109342999999999697e-03 1.505227000000000041e-03 9.999852780000000330e-01
1.702688126204810381e+09 -1.075929999999999980e-04 5.227000000000000099e-06 1.205591999999999948e-02 -1.755561000000000101e-03 -6.803950999999999923e-03 1.569468999999999986e-03 9.999740719999999916e-01
1.702688126411633730e+09 -1.032390000000000055e-04 6.601800000000000387e-05 1.310468899999999923e-02 -1.946049000000000043e-03 -6.189423999999999794e-03 2.351540999999999961e-03 9.999762180000000278e-01
1.702688126581273794e+09 -8.761699999999999816e-05 7.114399999999999511e-05 1.391074699999999935e-02 -1.286170000000000108e-03 -5.141627000000000176e-03 2.747808999999999929e-03 9.999821779999999993e-01
1.702688126747455120e+09 -4.690199999999999919e-05 2.315999999999999849e-05 1.464003699999999984e-02 9.449859999999999814e-04 -3.907428999999999590e-03 3.091684999999999833e-03 9.999871849999999451e-01
1.702688126831448555e+09 -5.698299999999999974e-05 -1.225999999999999993e-06 1.509770900000000082e-02 8.551439999999999562e-04 -5.076109999999999997e-03 3.210746999999999907e-03 9.999816419999999484e-01
1.702688126960564375e+09 -6.862899999999999632e-05 -4.874000000000000260e-06 1.566298699999999974e-02 1.428613000000000018e-03 -5.406351999999999686e-03 3.343468000000000048e-03 9.999787810000000388e-01
1.702688127246314287e+09 -7.430199999999999435e-05 4.505999999999999718e-06 1.707286200000000115e-02 2.062449999999999960e-03 -5.788548999999999604e-03 2.570433999999999913e-03 9.999778270000000413e-01
1.702688127368984938e+09 -1.371970000000000080e-04 -1.345999999999999903e-06 1.765843900000000147e-02 2.351206000000000216e-03 -8.067256999999999553e-03 2.688358000000000067e-03 9.999610780000000032e-01
1.702688127496727705e+09 -2.213700000000000032e-04 -1.058300000000000015e-05 1.823926699999999998e-02 2.025213000000000100e-03 -1.041500700000000043e-02 2.588321000000000198e-03 9.999403949999999819e-01
1.702688127748889685e+09 -3.217350000000000223e-04 -3.842199999999999907e-05 1.944012900000000044e-02 1.184930999999999962e-03 -1.832161300000000048e-02 2.268689999999999856e-03 9.998288749999999503e-01
1.702688128329286575e+09 -4.194569999999999787e-04 -6.550999999999999620e-06 2.226879400000000148e-02 3.656356999999999836e-03 -2.111541999999999933e-02 1.585777000000000020e-03 9.997691509999999671e-01
1.702688128496362686e+09 -4.431829999999999884e-04 -1.777699999999999937e-05 2.299518000000000048e-02 3.792344000000000010e-03 -2.244666600000000053e-02 1.525251000000000037e-03 9.997397070000000330e-01
1.702688128829103947e+09 -7.832299999999999939e-04 -4.347000000000000224e-05 2.467107600000000012e-02 2.152788000000000097e-03 -3.135210599999999764e-02 1.565480000000000062e-04 9.995061159999999445e-01
1.702688129040646076e+09 -7.806010000000000162e-04 -4.789999999999999879e-05 2.563615099999999938e-02 3.560330000000000005e-03 -3.452608000000000066e-02 2.421450000000000067e-04 9.993974570000000446e-01
1.702688129411471128e+09 -7.736060000000000332e-04 -7.642500000000000096e-05 2.740783200000000003e-02 3.727071000000000203e-03 -2.706983899999999832e-02 1.216573000000000090e-03 9.996258620000000317e-01
1.702688129575747728e+09 -8.055850000000000467e-04 -9.773100000000000331e-05 2.820590499999999987e-02 4.934037999999999966e-03 -2.884077999999999989e-02 1.436655999999999914e-03 9.995708469999999846e-01
1.702688129744809628e+09 -9.084170000000000135e-04 -1.005909999999999996e-04 2.909580399999999942e-02 2.904242999999999929e-03 -3.037621299999999913e-02 2.529759999999999821e-03 9.995310899999999554e-01
1.702688129911633730e+09 -9.479650000000000489e-04 -9.156200000000000189e-05 2.984969700000000142e-02 2.548593999999999946e-03 -3.216241300000000081e-02 3.693352999999999914e-03 9.994725580000000109e-01
1.702688130283443451e+09 -1.094111000000000042e-03 -3.634600000000000065e-05 3.169679599999999930e-02 5.404270000000000081e-04 -3.274916900000000158e-02 2.632701999999999785e-03 9.994599819999999690e-01
1.702688130450954437e+09 -1.226258000000000035e-03 -3.987999999999999764e-06 3.253260999999999653e-02 -5.177400000000000269e-05 -2.877845999999999876e-02 2.662366000000000212e-03 9.995822909999999561e-01
1.702688130619312525e+09 -1.133988000000000053e-03 -1.550300000000000048e-05 3.336351399999999690e-02 -4.394670000000000260e-04 -2.736074299999999987e-02 2.677327000000000179e-03 9.996219280000000484e-01
1.702688130824449539e+09 -1.191446000000000085e-03 4.947400000000000099e-05 3.439800800000000075e-02 -1.492215000000000078e-03 -2.632780599999999874e-02 2.918023000000000058e-03 9.996480349999999904e-01
1.702688130996082067e+09 -1.240701000000000087e-03 1.223999999999999970e-05 3.518647300000000283e-02 -1.943454999999999966e-03 -2.392905799999999958e-02 2.461627999999999993e-03 9.997087719999999678e-01
1.702688131201363802e+09 -1.167964000000000068e-03 9.887999999999999180e-06 3.617178599999999744e-02 -1.321778000000000015e-03 -1.876991100000000023e-02 2.147462000000000155e-03 9.998206499999999775e-01
1.702688131407266617e+09 -1.190878999999999939e-03 -1.446199999999999977e-05 3.717334900000000136e-02 -5.882930000000000407e-04 -1.489913600000000032e-02 2.682279000000000087e-03 9.998852609999999697e-01
1.702688131618231058e+09 -1.297968999999999946e-03 9.333000000000000258e-06 3.819111699999999665e-02 -1.194320999999999924e-03 -1.129707299999999949e-02 3.012780000000000059e-03 9.999309779999999703e-01
1.702688132074300051e+09 -1.070226000000000077e-03 1.087969999999999953e-04 4.035557800000000306e-02 4.535259999999999942e-04 -2.506017000000000140e-03 2.441252999999999999e-03 9.999938010000000155e-01
1.702688132330769300e+09 -1.063286000000000092e-03 4.162800000000000192e-05 4.148078699999999813e-02 5.142999999999999718e-06 -1.987786999999999974e-03 1.364458000000000034e-03 9.999971389999999793e-01
1.702688132615769625e+09 -1.114275999999999982e-03 -1.019999999999999975e-06 4.293255900000000208e-02 -6.048590000000000173e-04 -1.977561999999999983e-03 1.965114000000000010e-03 9.999959470000000517e-01
1.702688132868419409e+09 -1.118981000000000012e-03 4.125299999999999958e-05 4.408255199999999707e-02 3.530280000000000223e-04 -1.786740999999999894e-03 1.787425000000000038e-03 9.999967220000000045e-01
1.702688133116138935e+09 -1.181362999999999944e-03 1.013749999999999976e-04 4.532558099999999673e-02 2.350180000000000053e-04 -2.772890000000000077e-04 1.338870999999999941e-03 9.999990460000000025e-01
1.702688133447598219e+09 -1.191353000000000030e-03 4.932799999999999934e-05 4.692795899999999826e-02 -1.497712000000000002e-03 -3.427069000000000035e-03 2.236990000000000007e-04 9.999930259999999516e-01
1.702688133741813898e+09 -1.284975000000000049e-03 1.060669999999999994e-04 4.824262900000000215e-02 -1.911850000000000094e-03 -3.028744999999999788e-03 -1.163110000000000050e-04 9.999935629999999742e-01
1.702688134035357475e+09 -1.256371999999999958e-03 1.000560000000000056e-04 4.962749000000000327e-02 -2.504221000000000051e-03 -4.231150000000000037e-04 -3.183729999999999958e-04 9.999967220000000045e-01
1.702688134327866793e+09 -1.151993000000000027e-03 1.414929999999999953e-04 5.099336799999999725e-02 4.779700000000000333e-05 -2.087117999999999786e-03 6.060430000000000114e-04 9.999976750000000303e-01
1.702688134615530491e+09 -1.220596000000000007e-03 1.264960000000000032e-04 5.238950600000000235e-02 -1.883799000000000020e-03 -8.357650000000000322e-04 6.415820000000000247e-04 9.999976750000000303e-01
1.702688134904386282e+09 -1.253283000000000001e-03 1.516090000000000048e-04 5.376283500000000187e-02 -2.461253999999999959e-03 -1.842373000000000014e-03 1.455504000000000043e-03 9.999942179999999903e-01
1.702688135155265808e+09 -1.171670999999999997e-03 9.115799999999999695e-05 5.495052000000000270e-02 -2.963593000000000043e-03 -6.236510000000000230e-04 1.177117000000000094e-03 9.999946950000000445e-01
1.702688135783713579e+09 -1.241796000000000089e-03 9.512300000000000388e-05 5.787865400000000160e-02 -1.860991999999999898e-03 -1.819800000000000107e-03 8.127499999999999959e-04 9.999963050000000298e-01
1.702688136071882486e+09 -1.179803000000000102e-03 1.288680000000000001e-04 5.928773799999999955e-02 -2.355292000000000149e-03 -1.212200000000000083e-03 1.354163999999999932e-03 9.999955889999999625e-01
1.702688136403514624e+09 -1.154655999999999998e-03 1.034449999999999964e-04 6.082714699999999808e-02 -1.706459999999999921e-03 9.233250000000000138e-04 4.131879999999999884e-04 9.999980330000000084e-01
1.702688136737051249e+09 -1.213342999999999974e-03 1.024759999999999994e-04 6.235245999999999844e-02 -3.068459999999999959e-04 -8.728359999999999895e-04 9.279069999999999506e-04 9.999991660000000504e-01
1.702688137278528214e+09 -1.344939999999999981e-03 1.146869999999999948e-04 6.494559299999999591e-02 1.169199999999999919e-05 -3.561705000000000079e-03 9.844249999999999268e-04 9.999932049999999961e-01
1.702688137987075806e+09 -1.355333999999999922e-03 1.078139999999999947e-04 6.825693700000000363e-02 -1.232512999999999968e-03 -3.890988000000000172e-03 1.890025000000000038e-03 9.999899270000000007e-01
1.702688138194791317e+09 -1.322405000000000021e-03 9.749999999999999823e-05 6.921143100000000381e-02 -1.331820999999999960e-03 -4.924287999999999756e-03 2.468924999999999852e-03 9.999839659999999464e-01
1.702688138403427362e+09 -1.387697999999999926e-03 5.629200000000000246e-05 7.029057299999999509e-02 -2.005176999999999914e-03 -5.877163999999999826e-03 2.226810000000000074e-03 9.999782440000000161e-01
1.702688138696838379e+09 -1.429792999999999949e-03 5.460800000000000300e-05 7.150131499999999585e-02 -1.622731000000000087e-03 -1.172891099999999985e-02 2.753450000000000168e-03 9.999261499999999581e-01
1.702688138984697104e+09 -1.322487999999999919e-03 8.633500000000000603e-05 7.287910599999999905e-02 6.086040000000000026e-04 2.011083999999999788e-03 3.186510999999999944e-03 9.999927280000000529e-01
1.702688139194115400e+09 -1.357626999999999922e-03 9.712099999999999390e-05 7.391808900000000626e-02 8.733229999999999596e-04 1.577596200000000101e-02 2.502050000000000021e-03 9.998720290000000510e-01
1.702688139400694847e+09 -1.331392000000000036e-03 9.407100000000000108e-05 7.488672400000000173e-02 1.619259999999999970e-03 2.713513600000000067e-02 1.377596999999999936e-03 9.996295570000000019e-01
1.702688139651263475e+09 -1.186491999999999929e-03 5.794099999999999972e-05 7.602165600000000689e-02 9.991139999999999483e-04 3.909357599999999794e-02 1.131216999999999900e-03 9.992344380000000026e-01
1.702688139859516144e+09 -1.165505999999999964e-03 1.145819999999999949e-04 7.703749099999999961e-02 1.477152999999999930e-03 4.820406399999999786e-02 1.774519000000000010e-03 9.988348479999999974e-01
1.702688140650528193e+09 -4.337310000000000254e-04 2.242799999999999940e-05 8.069326699999999908e-02 1.089640000000000010e-03 8.248300100000000024e-02 1.491576000000000100e-03 9.965907929999999748e-01
1.702688140984621525e+09 -4.038500000000000043e-05 1.297419999999999921e-04 8.228445099999999457e-02 2.251879999999999995e-04 9.441232700000000422e-02 3.036762000000000142e-03 9.955285189999999451e-01
1.702688141150629997e+09 2.066579999999999990e-04 1.790109999999999976e-04 8.294224000000000041e-02 8.915810000000000141e-04 9.822727000000000541e-02 2.835474000000000154e-03 9.951595659999999954e-01
1.702688143274113178e+09 1.874627000000000021e-03 8.999599999999999690e-05 9.283869000000000149e-02 1.487131999999999950e-03 8.553654700000000444e-02 2.095174999999999902e-03 9.963317510000000432e-01
1.702688143941138268e+09 2.257485000000000047e-03 2.880100000000000089e-05 9.589620699999999720e-02 1.416532999999999985e-03 8.284010699999999616e-02 1.271395000000000034e-03 9.965610499999999483e-01
1.702688144148795366e+09 2.476058000000000165e-03 -2.550800000000000040e-05 9.682623999999999398e-02 7.962660000000000094e-04 8.253799400000000341e-02 1.550942999999999940e-03 9.965863820000000484e-01
1.702688144314835310e+09 2.590260999999999952e-03 -1.436800000000000033e-05 9.759097499999999648e-02 3.568752000000000122e-03 8.217761699999999447e-02 1.312800999999999942e-03 9.966104630000000020e-01
1.702688144856612206e+09 3.146777999999999815e-03 3.735199999999999745e-05 1.000981410000000016e-01 3.249870000000000189e-03 8.608503600000000366e-02 1.381445000000000025e-03 9.962815640000000084e-01
1.702688145023893595e+09 3.239048999999999921e-03 7.944000000000000513e-06 1.009118999999999988e-01 2.165442999999999969e-03 9.079064400000000368e-02 8.990899999999999587e-04 9.958672520000000361e-01
1.702688145770009756e+09 3.757126999999999863e-03 -3.591299999999999988e-05 1.043417900000000037e-01 5.925810000000000105e-04 8.961339999999999584e-02 1.335040000000000011e-03 9.959755540000000407e-01
1.702688145935945034e+09 3.941978999999999969e-03 1.547700000000000106e-05 1.051012499999999933e-01 2.239601999999999826e-03 8.073118299999999803e-02 1.136166999999999993e-03 9.967327710000000174e-01
1.702688146648288012e+09 4.379680000000000378e-03 7.677599999999999811e-05 1.084465679999999932e-01 2.610676000000000142e-03 5.154832499999999901e-02 -4.287699999999999758e-04 9.986670020000000259e-01
1.702688146810797453e+09 4.406301999999999962e-03 5.969899999999999881e-05 1.092591509999999988e-01 1.003243000000000017e-03 4.191746600000000045e-02 5.387120000000000016e-04 9.991204139999999567e-01
1.702688146978892803e+09 4.501100000000000066e-03 6.565099999999999875e-05 1.100685150000000057e-01 2.173230000000000062e-04 3.531081999999999971e-02 6.596230000000000235e-04 9.993761180000000355e-01
1.702688147147459984e+09 4.546607999999999726e-03 4.371599999999999954e-05 1.108276019999999973e-01 1.143920000000000093e-03 4.753300199999999781e-02 8.682899999999999690e-04 9.988686439999999722e-01
1.702688147354245901e+09 4.677264999999999895e-03 3.019800000000000124e-05 1.117691100000000048e-01 2.317862999999999868e-03 5.385724100000000014e-02 1.008949000000000087e-03 9.985454679999999916e-01
1.702688148227873325e+09 5.268227999999999800e-03 8.048600000000000155e-05 1.158704460000000019e-01 1.111288999999999897e-03 5.941262099999999879e-02 -5.663600000000000188e-04 9.982327819999999852e-01
1.702688148435798645e+09 5.379206000000000092e-03 3.087900000000000031e-05 1.168203500000000034e-01 1.194091999999999897e-03 5.999571100000000018e-02 -5.336149999999999791e-04 9.981977939999999716e-01
1.702688149392708778e+09 5.901359999999999592e-03 4.451899999999999846e-05 1.214310229999999990e-01 2.494951999999999934e-03 6.189664500000000014e-02 6.060099999999999797e-05 9.980794790000000472e-01
1.702688149645361662e+09 5.916122000000000221e-03 -6.822000000000000075e-06 1.225326659999999984e-01 3.227107999999999800e-03 6.171376299999999787e-02 -5.268129999999999992e-04 9.980885390000000523e-01
1.702688149892779350e+09 6.151659000000000294e-03 -3.431900000000000125e-05 1.237075329999999945e-01 3.531937000000000184e-03 6.226635400000000292e-02 2.752310000000000216e-04 9.980532530000000291e-01
1.702688150307465553e+09 6.566899999999999647e-03 -7.423100000000000130e-05 1.257140929999999990e-01 4.660324999999999884e-03 6.474372000000000460e-02 1.050589999999999901e-03 9.978904720000000284e-01
1.702688150599923849e+09 6.786702999999999833e-03 -4.876100000000000291e-05 1.271243539999999950e-01 4.377520999999999669e-03 6.931422700000000603e-02 1.114526999999999922e-03 9.975846409999999942e-01
1.702688150893731833e+09 6.943857999999999801e-03 -7.771599999999999927e-05 1.284627020000000119e-01 4.785481000000000283e-03 7.022436699999999588e-02 1.333825000000000071e-03 9.975188969999999600e-01
1.702688151140532494e+09 7.102889999999999725e-03 -5.601400000000000275e-05 1.296534089999999972e-01 3.595028000000000112e-03 7.250834999999999919e-02 2.718959999999999867e-04 9.973613019999999496e-01
1.702688151391448021e+09 7.294377000000000326e-03 -6.753999999999999370e-05 1.308302580000000048e-01 2.924129000000000138e-03 7.445447099999999430e-02 7.817199999999999626e-05 9.972200989999999710e-01
1.702688151682451010e+09 7.513991999999999720e-03 -2.499099999999999840e-05 1.322580580000000117e-01 2.161272000000000106e-03 7.508666099999999899e-02 -3.856320000000000104e-04 9.971746209999999833e-01
1.702688151933344364e+09 7.716035000000000428e-03 -8.716300000000000556e-05 1.334192899999999959e-01 1.910329000000000107e-03 7.661094499999999974e-02 3.318330000000000194e-04 9.970592259999999651e-01
1.702688152227737665e+09 7.965013999999999428e-03 -9.807600000000000085e-05 1.347793190000000085e-01 3.276837999999999800e-03 7.759487599999999319e-02 -1.016437000000000026e-03 9.969791169999999703e-01
1.702688152474533081e+09 8.255655000000000632e-03 -6.888199999999999542e-05 1.359501029999999888e-01 3.265253000000000079e-03 7.840856200000000109e-02 -4.947009999999999515e-04 9.969158169999999819e-01
1.702688152724060774e+09 8.406471999999999903e-03 -8.127200000000000385e-05 1.371072680000000044e-01 2.042434999999999997e-03 8.726738400000000340e-02 -1.040289000000000014e-03 9.961822630000000123e-01
1.702688153015389681e+09 8.672519000000000061e-03 -5.895900000000000251e-05 1.383978280000000005e-01 1.819295000000000070e-03 9.658867100000000094e-02 -1.141012000000000059e-03 9.953221079999999832e-01
1.702688153557104111e+09 9.285866000000000259e-03 -4.827900000000000312e-05 1.408531520000000092e-01 4.328844999999999568e-03 1.091172839999999949e-01 -2.129475999999999938e-03 9.940171840000000536e-01
1.702688153853724003e+09 9.516981000000000745e-03 -5.299599999999999878e-05 1.421871630000000053e-01 3.476083999999999945e-03 1.103037889999999993e-01 -2.507760999999999844e-03 9.938886759999999709e-01
1.702688154099971771e+09 9.761894000000000127e-03 -8.396899999999999514e-05 1.433025900000000075e-01 3.532307000000000155e-03 1.086270730000000045e-01 -2.612209999999999793e-03 9.940729139999999742e-01
1.702688154347428083e+09 1.002318200000000027e-02 -6.202299999999999892e-05 1.444687400000000121e-01 4.728683000000000018e-03 1.059990380000000038e-01 -3.730700999999999896e-03 9.943479899999999594e-01
1.702688154638869762e+09 1.024152400000000011e-02 -6.017900000000000099e-05 1.457468269999999955e-01 6.456776000000000008e-03 9.846857900000000052e-02 -4.257547000000000414e-03 9.951100950000000278e-01
1.702688154888184071e+09 1.041423099999999949e-02 -1.091079999999999996e-04 1.469015630000000128e-01 5.980611999999999734e-03 8.919365699999999564e-02 -3.397934999999999931e-03 9.959905740000000174e-01
1.702688155138146162e+09 1.060043899999999970e-02 -8.093399999999999455e-05 1.480630189999999902e-01 5.747302999999999613e-03 8.263383800000000112e-02 -2.625386999999999860e-03 9.965599179999999890e-01
1.702688155429171085e+09 1.078017600000000069e-02 -9.315800000000000491e-05 1.494296190000000135e-01 3.781039999999999835e-03 7.487419200000000608e-02 -3.706006999999999878e-03 9.971789119999999729e-01
1.702688155720682144e+09 1.086336799999999998e-02 -7.797000000000000057e-05 1.507010010000000011e-01 3.312841999999999870e-03 6.472630099999999997e-02 -4.577074999999999894e-03 9.978870749999999568e-01
1.702688156013141870e+09 1.103315600000000056e-02 -1.171000000000000003e-04 1.519937369999999899e-01 1.378576999999999971e-03 5.091339300000000123e-02 -2.769278000000000017e-03 9.986982939999999864e-01
1.702688156301827431e+09 1.095262999999999966e-02 -1.065779999999999950e-04 1.531967670000000115e-01 3.304369999999999942e-04 4.079801999999999734e-02 -3.170243000000000106e-03 9.991623760000000187e-01
1.702688156638221264e+09 1.098945599999999988e-02 -9.753499999999999366e-05 1.546951679999999940e-01 3.727601000000000091e-03 2.308462899999999887e-02 -4.035938999999999673e-03 9.997184279999999923e-01
1.702688156927083492e+09 1.099557200000000033e-02 -1.160680000000000007e-04 1.561570170000000091e-01 2.808731999999999982e-03 6.778206999999999635e-03 -2.769044999999999927e-03 9.999692439999999793e-01
1.702688157178526640e+09 1.090762600000000013e-02 -1.164849999999999935e-04 1.572610879999999933e-01 1.664878999999999968e-03 -1.169361000000000055e-03 -3.259267000000000154e-03 9.999926089999999768e-01
1.702688157429429054e+09 1.094702999999999996e-02 -4.263200000000000111e-05 1.584843549999999934e-01 1.641548000000000052e-03 -1.346495500000000067e-02 -4.732127000000000035e-03 9.998968240000000174e-01
1.702688157676053047e+09 1.086630599999999919e-02 -7.396199999999999422e-05 1.597265009999999930e-01 -2.239900000000000018e-04 -2.559032699999999952e-02 -5.285943000000000412e-03 9.996585249999999645e-01
1.702688157926846266e+09 1.058381499999999989e-02 -7.582299999999999555e-05 1.607317179999999956e-01 4.264520000000000160e-04 -2.901635699999999957e-02 -5.040970999999999994e-03 9.995661380000000484e-01
1.702688158218498468e+09 1.057080399999999962e-02 -5.893799999999999712e-05 1.621766980000000080e-01 8.875159999999999777e-04 -3.003118600000000138e-02 -6.373415000000000330e-03 9.995282290000000458e-01
1.702688158509522200e+09 1.059114000000000062e-02 -1.249799999999999960e-05 1.635656060000000023e-01 1.714002000000000060e-03 -2.738160599999999931e-02 -5.565098000000000093e-03 9.996080990000000277e-01
1.702688159592873335e+09 1.023627799999999970e-02 -3.771399999999999839e-05 1.685924530000000032e-01 3.750350000000000168e-04 -3.516175600000000234e-02 -4.205102999999999966e-03 9.993727209999999639e-01
1.702688160174074888e+09 1.011893300000000009e-02 -5.045899999999999919e-05 1.713385879999999861e-01 4.446030000000000121e-04 -3.933221800000000212e-02 -4.590697999999999827e-03 9.992155430000000393e-01
1.702688160468357801e+09 9.962630999999999570e-03 -6.457100000000000231e-05 1.726496670000000067e-01 8.246090000000000191e-04 -3.014194200000000143e-02 -5.614878999999999704e-03 9.995295410000000214e-01
1.702688160765698195e+09 9.941214000000000300e-03 -6.283099999999999525e-05 1.740412410000000132e-01 6.049480000000000092e-04 -1.716151600000000166e-02 -5.682040999999999654e-03 9.998364450000000181e-01
1.702688161091637850e+09 9.918127000000000540e-03 -6.308100000000000133e-05 1.755527699999999969e-01 1.587606999999999994e-03 -3.833583000000000216e-03 -4.570473000000000244e-03 9.999809269999999639e-01
1.702688162299654007e+09 9.897647000000000736e-03 -1.270950000000000020e-04 1.810069229999999862e-01 3.458613000000000139e-03 -1.230430000000000022e-03 -4.465020000000000100e-03 9.999833110000000413e-01
1.702688162672387123e+09 9.974758000000000235e-03 -1.050250000000000050e-04 1.827475279999999924e-01 2.319765000000000108e-03 2.215575999999999917e-03 -3.817309000000000067e-03 9.999876020000000310e-01
1.702688162921742439e+09 9.915689999999999574e-03 -1.188409999999999960e-04 1.837153729999999874e-01 2.990207999999999842e-03 6.857315999999999585e-03 -2.853272000000000013e-03 9.999679329999999755e-01
1.702688163174157143e+09 9.881066000000000848e-03 -1.147989999999999964e-04 1.847843080000000082e-01 3.188037999999999809e-03 1.205636600000000065e-02 -3.153753999999999932e-03 9.999172689999999974e-01
1.702688163425845146e+09 9.853185999999999889e-03 -1.061819999999999941e-04 1.858347800000000050e-01 3.132488000000000113e-03 1.714375400000000063e-02 -4.153793999999999716e-03 9.998395439999999690e-01
1.702688163676574707e+09 9.910789999999999184e-03 -7.477000000000000410e-05 1.869604440000000034e-01 2.503753999999999962e-03 2.114235600000000104e-02 -3.964325000000000314e-03 9.997655149999999935e-01
1.702688163921501637e+09 9.906935999999999867e-03 -7.360200000000000444e-05 1.879488079999999950e-01 3.064686999999999967e-03 2.526043899999999912e-02 -4.591249999999999845e-03 9.996656779999999465e-01
1.702688164133880377e+09 9.914680000000000368e-03 -7.481200000000000133e-05 1.887877430000000079e-01 4.300520999999999858e-03 3.031312900000000116e-02 -4.470181999999999628e-03 9.995211960000000007e-01
1.702688164671103954e+09 1.012080299999999940e-02 -5.645500000000000073e-05 1.911611259999999868e-01 4.001870000000000253e-03 3.014256200000000122e-02 -5.621051999999999646e-03 9.995217920000000200e-01
1.702688164962179899e+09 1.012190200000000033e-02 -4.515100000000000190e-05 1.922932709999999878e-01 2.245775000000000202e-03 3.094419299999999831e-02 -5.312332999999999812e-03 9.995045070000000420e-01
1.702688165213207006e+09 1.013987899999999921e-02 -4.693799999999999682e-05 1.932264119999999863e-01 3.140168999999999946e-03 3.108570000000000083e-02 -5.393316000000000429e-03 9.994972939999999806e-01
1.702688165504096508e+09 1.019831199999999931e-02 -4.983900000000000174e-05 1.943405870000000091e-01 3.019140999999999925e-03 3.224940999999999919e-02 -5.715434999999999613e-03 9.994589689999999749e-01
1.702688165756370783e+09 1.007464100000000050e-02 -5.404200000000000198e-05 1.952483359999999946e-01 2.357508999999999820e-03 2.993075499999999986e-02 -5.272930000000000325e-03 9.995352629999999516e-01
1.702688166294901848e+09 1.005883800000000050e-02 -7.364799999999999689e-05 1.973185540000000071e-01 1.740821000000000035e-03 4.447856199999999927e-02 -5.445626000000000286e-03 9.989939930000000246e-01
1.702688166588406086e+09 1.004144000000000043e-02 -6.675699999999999798e-05 1.984562579999999965e-01 1.639791000000000035e-03 3.663530599999999943e-02 -6.977993000000000043e-03 9.993030429999999464e-01
1.702688166877514839e+09 1.013293000000000006e-02 -9.804100000000000542e-05 1.995986849999999979e-01 1.440246000000000061e-03 3.576589699999999789e-02 -6.877417999999999726e-03 9.993355269999999457e-01
1.702688167210869551e+09 1.008547400000000052e-02 -7.816800000000000105e-05 2.009364810000000001e-01 2.198545000000000100e-03 5.388811999999999769e-02 -7.349017000000000223e-03 9.985175130000000232e-01
1.702688167544245720e+09 1.015133900000000054e-02 -4.397700000000000263e-05 2.023636249999999914e-01 1.856646999999999898e-03 6.124242800000000153e-02 -6.380999000000000046e-03 9.981008169999999735e-01
1.702688167837586403e+09 1.022233999999999990e-02 -6.840799999999999962e-05 2.033365069999999997e-01 1.660804000000000100e-03 6.517079500000000358e-02 -5.608677000000000280e-03 9.978569750000000349e-01
1.702688168126827478e+09 1.014017000000000043e-02 -5.123600000000000208e-05 2.046793399999999874e-01 2.402300999999999916e-03 7.323951300000000608e-02 -3.966738000000000035e-03 9.973036050000000374e-01
1.702688168418699980e+09 1.011365799999999933e-02 -4.976699999999999971e-05 2.057604939999999882e-01 2.504848999999999964e-03 7.780218899999999382e-02 -5.518656999999999729e-03 9.969503880000000207e-01
1.702688169335681438e+09 1.049569499999999933e-02 -4.764109999999999894e-04 2.094533000000000089e-01 -2.457970000000000185e-04 1.040490939999999948e-01 -4.045062000000000310e-03 9.945638780000000123e-01
1.702688169627766848e+09 1.043194100000000013e-02 -5.747260000000000129e-04 2.105861460000000018e-01 -1.250437000000000076e-03 1.159489900000000018e-01 -3.452195999999999824e-03 9.932484029999999464e-01
1.702688169875668049e+09 1.037926900000000000e-02 -5.428260000000000507e-04 2.114964430000000062e-01 -6.226369999999999951e-04 1.261616499999999863e-01 -4.437314999999999836e-03 9.919995670000000265e-01
1.702688170168689013e+09 1.042741299999999996e-02 -5.786619999999999698e-04 2.124862969999999907e-01 3.507979999999999844e-04 1.364997480000000041e-01 -4.048882000000000175e-03 9.906318189999999690e-01
1.702688170417642355e+09 1.031316799999999929e-02 -4.703840000000000148e-04 2.137606740000000116e-01 1.665735999999999909e-03 1.525891129999999984e-01 -4.005729999999999881e-03 9.882802370000000058e-01
1.702688170669401646e+09 1.035208900000000008e-02 -4.850480000000000221e-04 2.149945050000000024e-01 1.941337999999999918e-03 1.663339139999999994e-01 -5.052245999999999820e-03 9.860546590000000000e-01
1.702688170919453144e+09 1.035258200000000080e-02 -4.882530000000000160e-04 2.159198220000000112e-01 7.503979999999999938e-04 1.750462949999999906e-01 -4.787887000000000219e-03 9.845482709999999749e-01
1.702688171167533875e+09 1.000557000000000009e-02 -4.911839999999999783e-04 2.170554249999999963e-01 1.171588000000000100e-03 1.886779219999999979e-01 -3.830191000000000151e-03 9.820308690000000285e-01
1.702688171832444906e+09 9.888179999999999886e-03 -6.637979999999999488e-04 2.187842730000000013e-01 -4.071785999999999982e-03 2.045085879999999912e-01 -4.266566000000000282e-03 9.788470270000000362e-01
1.702688171998087168e+09 9.713457999999999468e-03 -7.192430000000000524e-04 2.186361249999999867e-01 -5.885801000000000401e-03 2.031997590000000076e-01 -4.346532000000000173e-03 9.791100029999999510e-01
1.702688172415469408e+09 9.471458999999999781e-03 -8.849739999999999603e-04 2.189339399999999936e-01 -8.473517999999999328e-03 2.045570610000000122e-01 -4.465043000000000137e-03 9.788078070000000297e-01
1.702688172579943419e+09 9.219038000000000579e-03 -9.293430000000000094e-04 2.191917750000000054e-01 -1.036201299999999978e-02 2.044318169999999879e-01 -5.959335999999999973e-03 9.788078070000000297e-01
1.702688172999772787e+09 9.168455000000000701e-03 -1.005699000000000089e-03 2.198028860000000029e-01 -1.216427500000000043e-02 1.785671709999999968e-01 -4.868698000000000296e-03 9.838405249999999658e-01
1.702688173249143839e+09 9.105142000000000096e-03 -1.045824000000000102e-03 2.203152780000000033e-01 -1.343510799999999943e-02 1.582926359999999866e-01 -2.841401999999999817e-03 9.872967599999999955e-01
1.702688173754147768e+09 9.275893000000000332e-03 -1.033690000000000086e-03 2.211318610000000129e-01 -1.589389100000000027e-02 1.116121860000000021e-01 -3.318850999999999832e-03 9.936192040000000336e-01
1.702688173912500620e+09 9.343409999999999910e-03 -9.774980000000000387e-04 2.214613709999999902e-01 -1.347257999999999963e-02 8.934635700000000125e-02 1.620089999999999866e-04 9.959094520000000283e-01
1.702688174332150221e+09 9.435242999999999408e-03 -9.855309999999999938e-04 2.220276449999999957e-01 -1.353589900000000054e-02 5.044189500000000048e-02 1.196676000000000033e-03 9.986345770000000233e-01
1.702688174871984243e+09 9.604290999999999176e-03 -9.608690000000000460e-04 2.228275979999999878e-01 -1.415771099999999991e-02 1.187834000000000025e-03 3.246036999999999794e-03 9.998937850000000349e-01
1.702688175536787510e+09 9.922066999999999692e-03 -7.468369999999999783e-04 2.245184179999999974e-01 -9.945232999999999504e-03 -5.737202200000000168e-02 2.516131999999999917e-03 9.983001950000000013e-01
1.702688175705793858e+09 9.908666000000000001e-03 -7.987050000000000313e-04 2.246038320000000033e-01 -1.236460999999999984e-02 -5.974766599999999789e-02 1.862247000000000034e-03 9.981352089999999677e-01
1.702688175828527927e+09 9.948531999999999514e-03 -8.463210000000000307e-04 2.248298669999999888e-01 -1.460512700000000073e-02 -6.617138499999999923e-02 1.267087999999999982e-03 9.977005719999999522e-01
1.702688176202908278e+09 1.007593799999999956e-02 -8.433470000000000419e-04 2.255685329999999877e-01 -1.789214299999999924e-02 -8.875418499999999933e-02 1.318981000000000103e-03 9.958919880000000058e-01
1.702688176534467697e+09 1.017171600000000078e-02 -8.478199999999999972e-04 2.261255379999999870e-01 -1.934374900000000036e-02 -1.066622730000000019e-01 2.043779999999999870e-04 9.941071270000000348e-01
1.702688176662036896e+09 1.019517099999999940e-02 -8.488060000000000179e-04 2.263615579999999905e-01 -1.995166400000000090e-02 -1.136439000000000060e-01 -6.154930000000000513e-04 9.933210019999999529e-01
1.702688177332334995e+09 1.001407399999999955e-02 -1.049257999999999962e-03 2.267157880000000014e-01 -2.799360600000000074e-02 -1.208936570000000016e-01 -6.664780000000000357e-03 9.922482969999999458e-01
1.702688177494449854e+09 9.988619000000000664e-03 -1.058635999999999952e-03 2.268052249999999992e-01 -2.877537499999999887e-02 -1.225687859999999990e-01 -6.702671000000000323e-03 9.920201300000000000e-01
1.702688177783465385e+09 9.928113000000000563e-03 -1.070137999999999992e-03 2.269556520000000077e-01 -2.924658200000000013e-02 -1.262735869999999927e-01 -7.147078999999999759e-03 9.915384649999999800e-01
1.702688178164684772e+09 9.809495999999999147e-03 -1.055116000000000040e-03 2.271463129999999886e-01 -2.941136199999999992e-02 -1.313200290000000048e-01 -6.685388999999999915e-03 9.908810850000000503e-01
1.702688178576162100e+09 9.706350000000000741e-03 -1.038995000000000023e-03 2.273538109999999890e-01 -3.027774800000000016e-02 -1.425548490000000112e-01 -9.617468000000000544e-03 9.892769460000000459e-01
1.702688178658780575e+09 9.699710000000000276e-03 -1.049075999999999915e-03 2.273834789999999995e-01 -3.139753299999999830e-02 -1.476611939999999956e-01 -8.889169000000000584e-03 9.884995220000000193e-01
1.702688178786367416e+09 9.663616999999999346e-03 -1.055085000000000094e-03 2.274457659999999937e-01 -3.213610900000000298e-02 -1.522432569999999930e-01 -8.305606999999999573e-03 9.877855779999999974e-01
1.702688179032839775e+09 9.596288999999999167e-03 -1.082700000000000025e-03 2.275421019999999961e-01 -3.563842500000000135e-02 -1.612795290000000048e-01 -6.971596000000000043e-03 9.862404470000000201e-01
1.702688179202244759e+09 9.542237999999999762e-03 -1.080309000000000000e-03 2.276061920000000127e-01 -3.589698300000000036e-02 -1.661526110000000056e-01 -7.531689999999999739e-03 9.854176639999999709e-01
1.702688179492749453e+09 9.445073000000000010e-03 -1.059293999999999904e-03 2.277206029999999937e-01 -3.471144699999999944e-02 -1.759540440000000039e-01 -8.217271999999999424e-03 9.837518929999999884e-01
1.702688179826010227e+09 9.346975999999999896e-03 -1.053146999999999937e-03 2.278895529999999947e-01 -3.477760399999999669e-02 -1.887819020000000014e-01 -1.009614500000000081e-02 9.813510779999999878e-01
1.702688179992841244e+09 9.302153000000000505e-03 -1.009034000000000016e-03 2.279843089999999961e-01 -3.355953099999999661e-02 -1.958922590000000130e-01 -8.614556000000000643e-03 9.800131920000000330e-01
1.702688180159703016e+09 9.259074000000000818e-03 -1.012681000000000085e-03 2.280513349999999939e-01 -3.233369800000000099e-02 -2.017084209999999989e-01 -1.081547199999999959e-02 9.788520339999999820e-01
1.702688180491962671e+09 9.167681000000000441e-03 -9.731790000000000145e-04 2.282210139999999998e-01 -2.957973399999999989e-02 -2.153341619999999956e-01 -9.994430000000000328e-03 9.760411979999999987e-01
1.702688180905798674e+09 9.046701000000000742e-03 -1.002681999999999966e-03 2.284173670000000100e-01 -3.430812099999999698e-02 -2.369499650000000124e-01 -1.038741500000000054e-02 9.708603019999999528e-01
1.702688181363631964e+09 8.894739999999999938e-03 -1.005692999999999995e-03 2.286145539999999976e-01 -3.479589100000000240e-02 -2.592940930000000033e-01 -6.575450000000000045e-03 9.651490449999999832e-01
1.702688181574390411e+09 8.829514999999999586e-03 -1.001261999999999942e-03 2.287052569999999951e-01 -3.455824799999999974e-02 -2.693403360000000135e-01 -5.969165000000000235e-03 9.624063370000000006e-01
1.702688182572235346e+09 8.471696000000000781e-03 -9.695160000000000193e-04 2.291988879999999895e-01 -4.024447099999999694e-02 -3.232176010000000210e-01 -4.956916999999999920e-03 9.454555510000000051e-01
1.702688182781223536e+09 8.388075999999999519e-03 -9.582290000000000035e-04 2.292914689999999978e-01 -4.090246200000000054e-02 -3.343533870000000019e-01 -5.857224999999999758e-03 9.415415529999999755e-01
1.702688182988112450e+09 8.305444999999999842e-03 -9.595009999999999737e-04 2.293687309999999924e-01 -4.234855199999999764e-02 -3.463228050000000113e-01 -5.801040999999999837e-03 9.371411200000000497e-01
1.702688183156931400e+09 8.234955000000000400e-03 -9.613770000000000215e-04 2.294452489999999900e-01 -4.404220400000000146e-02 -3.574106690000000142e-01 -4.044957000000000066e-03 9.328995350000000020e-01
1.702688183488054276e+09 8.083421999999999830e-03 -9.475910000000000149e-04 2.295630569999999870e-01 -4.281867300000000154e-02 -3.797723949999999848e-01 -3.447463999999999910e-03 9.240821000000000174e-01
1.702688183613313675e+09 8.036698999999999579e-03 -9.356959999999999670e-04 2.296088490000000037e-01 -4.202587499999999726e-02 -3.890169259999999851e-01 -3.060942999999999997e-03 9.202664489999999864e-01
1.702688183988583326e+09 7.872544000000000416e-03 -9.310180000000000365e-04 2.297384739999999981e-01 -4.442212699999999875e-02 -4.156905109999999848e-01 -6.927160000000000132e-04 9.084203840000000252e-01
1.702688184197786093e+09 7.779091999999999604e-03 -9.094990000000000279e-04 2.298001799999999928e-01 -4.222688499999999873e-02 -4.310327170000000097e-01 -4.030000000000000379e-06 9.013476969999999477e-01
1.702688184403981686e+09 7.668621999999999939e-03 -9.079480000000000016e-04 2.298686649999999998e-01 -4.370853999999999712e-02 -4.472759370000000123e-01 1.104150000000000059e-04 8.933274150000000136e-01
1.702688184576878309e+09 7.599115000000000036e-03 -8.878920000000000432e-04 2.299138900000000096e-01 -4.115258499999999847e-02 -4.601150159999999878e-01 1.224386999999999958e-03 8.869042400000000104e-01
1.702688184737477064e+09 7.519014000000000079e-03 -9.055789999999999977e-04 2.299504729999999886e-01 -4.435127199999999714e-02 -4.748755100000000007e-01 2.615974999999999984e-03 8.789308070000000361e-01
1.702688184902908087e+09 7.448434999999999778e-03 -8.812909999999999754e-04 2.300035510000000005e-01 -4.149537200000000259e-02 -4.885543580000000219e-01 3.684359999999999805e-03 8.715384600000000148e-01
1.702688185111918926e+09 7.350579000000000314e-03 -8.782759999999999916e-04 2.300350670000000097e-01 -4.141619099999999803e-02 -5.036627649999999567e-01 4.461885999999999977e-03 8.628955480000000122e-01
1.702688185528451443e+09 7.132292000000000146e-03 -8.754449999999999775e-04 2.301146980000000064e-01 -4.323656900000000247e-02 -5.362745519999999599e-01 6.454091999999999815e-03 8.429107670000000052e-01
1.702688185745023489e+09 7.032484000000000304e-03 -8.763920000000000347e-04 2.301241159999999897e-01 -4.440115399999999823e-02 -5.517870780000000419e-01 5.903569000000000004e-03 8.327813149999999665e-01
1.702688185905757666e+09 6.946622999999999860e-03 -8.776679999999999595e-04 2.301658540000000031e-01 -4.554158400000000301e-02 -5.654805899999999497e-01 6.101666999999999855e-03 8.234806660000000278e-01
1.702688186074335814e+09 6.884961999999999679e-03 -8.588139999999999533e-04 2.302076969999999889e-01 -4.443360500000000102e-02 -5.777615900000000471e-01 7.989766000000000576e-03 8.149560689999999497e-01
1.702688186449345827e+09 6.740078000000000041e-03 -8.433380000000000086e-04 2.302311509999999950e-01 -4.236361000000000293e-02 -6.009684800000000271e-01 9.115576000000000234e-03 7.980971930000000381e-01
1.702688186609644175e+09 6.686672999999999749e-03 -8.349909999999999884e-04 2.302528919999999868e-01 -4.192061700000000030e-02 -6.094766259999999658e-01 9.704631000000000021e-03 7.916355130000000129e-01
1.702688186902578831e+09 6.627693999999999946e-03 -8.267850000000000199e-04 2.302666600000000119e-01 -4.065484199999999659e-02 -6.165615319999999677e-01 1.056117200000000061e-02 7.861855030000000077e-01
1.702688187072584152e+09 6.547749000000000277e-03 -8.329010000000000406e-04 2.302770759999999972e-01 -4.286896400000000246e-02 -6.130205389999999754e-01 8.919923999999999215e-03 7.888525720000000296e-01
1.702688187484103918e+09 6.300627999999999958e-03 -8.185599999999999691e-04 2.303326430000000036e-01 -4.176035200000000058e-02 -6.054989699999999697e-01 8.248546000000000697e-03 7.947068809999999761e-01
1.702688187860750198e+09 6.075605999999999889e-03 -8.063039999999999834e-04 2.303774359999999910e-01 -4.216687000000000213e-02 -6.132570510000000530e-01 9.310384999999999148e-03 7.887021300000000013e-01
1.702688188279265881e+09 5.828856999999999788e-03 -7.929249999999999883e-04 2.304492439999999975e-01 -4.257451000000000291e-02 -6.113721730000000187e-01 8.166200000000000195e-03 7.901549340000000310e-01
1.702688188484140396e+09 5.702569999999999688e-03 -7.844590000000000460e-04 2.304787490000000105e-01 -4.202432899999999916e-02 -6.112788919999999626e-01 9.094434999999999672e-03 7.902464270000000290e-01
1.702688189275065422e+09 5.233302999999999913e-03 -7.465549999999999834e-04 2.305967210000000045e-01 -4.079900300000000035e-02 -6.207632419999999929e-01 1.065104600000000082e-02 7.828633189999999464e-01
1.702688189441761494e+09 5.137041000000000177e-03 -7.458900000000000296e-04 2.306118610000000013e-01 -4.164268799999999715e-02 -6.292261479999999851e-01 1.082569499999999976e-02 7.760303619999999736e-01
1.702688189607328176e+09 5.032942000000000318e-03 -7.411129999999999498e-04 2.306281330000000129e-01 -4.105832100000000179e-02 -6.306318640000000419e-01 9.528503000000000667e-03 7.749366760000000465e-01
1.702688189814556599e+09 4.906759000000000120e-03 -7.249269999999999933e-04 2.306653710000000079e-01 -4.087614299999999673e-02 -6.262463329999999884e-01 8.848340999999999151e-03 7.785026430000000497e-01
1.702688189983146667e+09 4.802421000000000294e-03 -7.228799999999999636e-04 2.306872160000000005e-01 -4.109644099999999745e-02 -6.327036019999999761e-01 9.142037000000000427e-03 7.732487919999999626e-01
1.702688190151007652e+09 4.700690999999999897e-03 -7.183029999999999970e-04 2.306931759999999998e-01 -4.171201199999999970e-02 -6.422687169999999890e-01 9.045940000000000578e-03 7.652903199999999684e-01
1.702688190360705614e+09 4.578992999999999952e-03 -7.051209999999999596e-04 2.307074070000000032e-01 -3.911220700000000300e-02 -6.509664059999999974e-01 1.047297600000000016e-02 7.580260039999999755e-01
1.702688190564355373e+09 4.457756999999999692e-03 -7.039169999999999759e-04 2.307139639999999936e-01 -3.930695000000000022e-02 -6.449956890000000387e-01 8.680339999999999931e-03 7.631253000000000064e-01
1.702688190774636507e+09 4.335999000000000103e-03 -6.966690000000000209e-04 2.307462839999999960e-01 -3.900004199999999865e-02 -6.385535599999999645e-01 8.786033000000000384e-03 7.685384149999999748e-01
1.702688191025105238e+09 4.180803999999999770e-03 -6.885959999999999781e-04 2.307871880000000042e-01 -4.006345900000000265e-02 -6.378538009999999980e-01 9.470855000000000246e-03 7.690563799999999839e-01
1.702688191236978531e+09 4.056126000000000176e-03 -6.899509999999999541e-04 2.308004800000000023e-01 -4.033504799999999835e-02 -6.479961869999999458e-01 1.008048500000000014e-02 7.605080010000000446e-01
1.702688191438739300e+09 3.936455000000000162e-03 -6.867429999999999672e-04 2.308060379999999912e-01 -3.967177100000000151e-02 -6.464574339999999975e-01 1.003575200000000021e-02 7.618518469999999709e-01
1.702688191650027514e+09 3.814057000000000038e-03 -6.832500000000000465e-04 2.308456449999999882e-01 -3.946528600000000220e-02 -6.367123129999999742e-01 1.100262599999999973e-02 7.700122590000000322e-01
1.702688192062933922e+09 3.572345000000000208e-03 -6.765360000000000427e-04 2.309152190000000049e-01 -4.027742899999999654e-02 -6.282584070000000187e-01 1.352950600000000017e-02 7.768436669999999600e-01
1.702688192480369568e+09 3.327905999999999833e-03 -6.586149999999999817e-04 2.309808429999999912e-01 -4.137594299999999836e-02 -6.134502290000000135e-01 1.114786000000000075e-02 7.885699870000000278e-01
1.702688192729799986e+09 3.177524000000000147e-03 -6.482190000000000087e-04 2.310288699999999973e-01 -4.194584900000000033e-02 -6.005528570000000510e-01 9.780070000000000083e-03 7.984241250000000401e-01
1.702688192984205961e+09 3.037244000000000142e-03 -6.407319999999999769e-04 2.310689690000000129e-01 -4.258608099999999785e-02 -6.042175889999999994e-01 9.282386999999999583e-03 7.956264619999999788e-01
1.702688193231017590e+09 2.879932999999999885e-03 -6.249540000000000477e-04 2.310884589999999961e-01 -4.165799199999999786e-02 -6.098574399999999729e-01 8.518919999999999271e-03 7.913696770000000491e-01
1.702688193482086897e+09 2.744779000000000142e-03 -6.244290000000000214e-04 2.311299440000000038e-01 -4.256924599999999809e-02 -6.108327510000000071e-01 8.897357999999999309e-03 7.905644769999999877e-01
1.702688193728716135e+09 2.607256000000000070e-03 -6.167119999999999460e-04 2.311727699999999996e-01 -4.141759099999999666e-02 -5.996404889999999988e-01 9.761041999999999288e-03 7.991374140000000459e-01
1.702688194021547079e+09 2.439797000000000059e-03 -6.022790000000000522e-04 2.312436999999999965e-01 -4.000192100000000278e-02 -5.901263359999999736e-01 9.104780999999999291e-03 8.062678580000000039e-01
1.702688194272052288e+09 2.294033999999999917e-03 -5.939219999999999829e-04 2.312815789999999871e-01 -4.126263399999999942e-02 -5.909792780000000523e-01 8.307497000000000492e-03 8.055880069999999948e-01
1.702688194561434507e+09 2.132595000000000150e-03 -5.834209999999999830e-04 2.313422109999999920e-01 -4.000036399999999659e-02 -5.843028430000000162e-01 9.072757000000000738e-03 8.104985359999999917e-01
1.702688194810853004e+09 1.987426999999999944e-03 -5.722620000000000311e-04 2.313845750000000090e-01 -4.106252999999999986e-02 -5.851188899999999471e-01 8.640231999999999427e-03 8.098612429999999529e-01
1.702688195104681492e+09 1.829340999999999953e-03 -5.659540000000000230e-04 2.314328250000000087e-01 -4.083826000000000123e-02 -5.847181080000000142e-01 1.006991100000000083e-02 8.101453779999999716e-01
1.702688195358011246e+09 1.694247000000000071e-03 -5.622990000000000453e-04 2.314879599999999926e-01 -4.010234399999999810e-02 -5.806010959999999832e-01 1.018670399999999955e-02 8.131361599999999967e-01
1.702688195645828724e+09 1.525461999999999999e-03 -5.529239999999999936e-04 2.315451500000000051e-01 -3.933791100000000318e-02 -5.713948009999999522e-01 8.191439000000000012e-03 8.196910619999999703e-01
1.702688195896227837e+09 1.386747000000000023e-03 -5.414579999999999784e-04 2.315895259999999900e-01 -3.965145300000000317e-02 -5.721982119999999838e-01 9.532240000000000851e-03 8.191008570000000155e-01
1.702688196144412518e+09 1.251265000000000103e-03 -5.309369999999999888e-04 2.316390570000000093e-01 -3.974534200000000295e-02 -5.662260649999999451e-01 7.915521999999999489e-03 8.232531549999999587e-01
1.702688196394252539e+09 1.106694000000000080e-03 -5.219829999999999522e-04 2.317070220000000125e-01 -4.015240800000000054e-02 -5.579921009999999626e-01 7.437568000000000304e-03 8.288409110000000135e-01
1.702688196644497156e+09 9.855179999999998976e-04 -5.137320000000000341e-04 2.317662689999999970e-01 -3.991445500000000146e-02 -5.509352680000000335e-01 8.009472000000000119e-03 8.335545060000000284e-01
1.702688197185342312e+09 6.915180000000000155e-04 -4.962039999999999810e-04 2.319198700000000002e-01 -4.148636800000000263e-02 -5.306201579999999529e-01 4.891811999999999723e-03 8.465797900000000542e-01
1.702688197437030554e+09 5.539059999999999514e-04 -4.876090000000000133e-04 2.319781039999999905e-01 -4.114271299999999743e-02 -5.199679139999999755e-01 5.189107999999999568e-03 8.531786199999999987e-01
1.702688197642715693e+09 4.405300000000000123e-04 -4.824529999999999834e-04 2.320337000000000094e-01 -4.102187599999999879e-02 -5.107663869999999884e-01 5.220518999999999854e-03 8.587244149999999632e-01
1.702688197894102812e+09 3.190930000000000025e-04 -4.705709999999999776e-04 2.321197690000000036e-01 -4.131199399999999772e-02 -5.000485180000000529e-01 5.175719999999999973e-03 8.649959560000000103e-01
1.702688198140645742e+09 1.991689999999999899e-04 -4.593670000000000218e-04 2.322126180000000095e-01 -4.229384700000000247e-02 -4.888076190000000265e-01 5.311686000000000359e-03 8.713495730000000439e-01
1.702688198682045460e+09 -5.839799999999999890e-05 -4.420180000000000224e-04 2.324051109999999976e-01 -4.207512399999999847e-02 -4.653623100000000012e-01 3.096296000000000118e-03 8.841142650000000103e-01
1.702688198975623608e+09 -1.926719999999999876e-04 -4.289920000000000018e-04 2.324902120000000016e-01 -4.071316099999999771e-02 -4.575103819999999932e-01 3.200218999999999807e-03 8.882660270000000136e-01
1.702688199391685724e+09 -3.757850000000000079e-04 -4.161929999999999775e-04 2.326607559999999963e-01 -4.132725699999999919e-02 -4.486939609999999745e-01 3.495025000000000128e-03 8.927226069999999458e-01
1.702688199558371782e+09 -4.453579999999999735e-04 -4.057129999999999829e-04 2.327301350000000046e-01 -4.127406299999999972e-02 -4.469179209999999958e-01 3.892469999999999871e-03 8.936138750000000019e-01
1.702688199889508724e+09 -6.074160000000000540e-04 -3.977319999999999792e-04 2.328457240000000039e-01 -3.982528300000000299e-02 -4.420717659999999771e-01 2.935068999999999786e-03 8.960903289999999632e-01
1.702688200140529394e+09 -7.217900000000000401e-04 -3.802969999999999810e-04 2.329127189999999903e-01 -3.931596100000000343e-02 -4.429348710000000078e-01 3.181297000000000031e-03 8.956857320000000122e-01
1.702688200308521986e+09 -8.013319999999999775e-04 -3.804519999999999820e-04 2.329461720000000069e-01 -4.096502400000000266e-02 -4.423835280000000258e-01 3.083793000000000038e-03 8.958846329999999858e-01
1.702688200730449677e+09 -9.965149999999999009e-04 -3.577760000000000250e-04 2.331152710000000128e-01 -4.018018000000000284e-02 -4.506667260000000175e-01 3.429245000000000036e-03 8.917809719999999496e-01
1.702688200889688492e+09 -1.063689999999999948e-03 -3.549259999999999828e-04 2.331701369999999995e-01 -4.114591000000000082e-02 -4.508912560000000180e-01 3.219898000000000118e-03 8.916242119999999716e-01
1.702688201097800016e+09 -1.167126000000000101e-03 -3.487839999999999864e-04 2.332282220000000128e-01 -4.180606800000000178e-02 -4.615874890000000175e-01 4.179063999999999696e-03 8.860992189999999935e-01
1.702688201305832624e+09 -1.275211999999999960e-03 -3.478579999999999888e-04 2.332848459999999902e-01 -4.236941400000000107e-02 -4.694766699999999848e-01 4.673247000000000165e-03 8.819153899999999657e-01
1.702688201516457558e+09 -1.373976000000000060e-03 -3.253849999999999755e-04 2.333719730000000103e-01 -4.290268600000000238e-02 -4.743677379999999832e-01 4.993418000000000335e-03 8.792666199999999987e-01
1.702688201722691774e+09 -1.469477999999999973e-03 -3.129000000000000162e-04 2.334610219999999903e-01 -4.215987799999999786e-02 -4.737800959999999839e-01 4.245238999999999610e-03 8.796232339999999761e-01
1.702688202138675690e+09 -1.678921000000000103e-03 -2.982980000000000093e-04 2.335852680000000126e-01 -4.309775300000000253e-02 -4.758879839999999861e-01 2.911617999999999932e-03 8.784444930000000484e-01
1.702688202564944267e+09 -1.882269999999999907e-03 -2.774659999999999757e-04 2.337146999999999974e-01 -4.232749000000000233e-02 -4.828892049999999880e-01 3.888508000000000155e-03 8.746492860000000258e-01
1.702688202761994600e+09 -1.984715000000000177e-03 -2.706739999999999906e-04 2.337696850000000048e-01 -4.259999500000000161e-02 -4.800202849999999910e-01 2.740793999999999956e-03 8.762181399999999787e-01
1.702688203012300730e+09 -2.107917999999999858e-03 -2.683419999999999729e-04 2.338430290000000078e-01 -4.253165099999999671e-02 -4.731357099999999871e-01 1.867535000000000028e-03 8.799602989999999458e-01
1.702688203223700762e+09 -2.207710999999999788e-03 -2.565450000000000044e-04 2.339223029999999981e-01 -4.249239700000000119e-02 -4.707607329999999868e-01 1.773510999999999968e-03 8.812352420000000297e-01
1.702688203442121029e+09 -2.297557999999999892e-03 -2.369930000000000127e-04 2.340051830000000055e-01 -4.155361999999999945e-02 -4.638160170000000249e-01 3.094336999999999956e-03 8.849511150000000104e-01
1.702688203847037554e+09 -2.476096000000000113e-03 -2.296409999999999923e-04 2.341524209999999995e-01 -4.050286100000000111e-02 -4.349132479999999745e-01 2.684334000000000026e-03 8.995569939999999987e-01
1.702688204055269003e+09 -2.557315000000000109e-03 -2.501140000000000112e-04 2.342228590000000055e-01 -4.201016199999999673e-02 -4.242414239999999781e-01 6.103919999999999658e-04 9.045739170000000051e-01
1.702688204221482992e+09 -2.629316999999999939e-03 -2.416150000000000101e-04 2.342783959999999999e-01 -4.213179599999999914e-02 -4.160870019999999836e-01 6.250789999999999558e-04 9.083480240000000316e-01
1.702688204430001497e+09 -2.723727000000000006e-03 -2.248080000000000065e-04 2.343650610000000134e-01 -4.198625699999999905e-02 -4.051366450000000174e-01 -6.897529999999999807e-04 9.132912760000000407e-01
1.702688204643497467e+09 -2.799030000000000094e-03 -2.123380000000000124e-04 2.344376740000000126e-01 -4.107199200000000161e-02 -3.952899870000000093e-01 -7.757929999999999904e-04 9.176373479999999638e-01
1.702688204848477125e+09 -2.885519999999999925e-03 -2.100740000000000083e-04 2.345278409999999869e-01 -4.137748900000000341e-02 -3.823355440000000272e-01 -2.596663999999999830e-03 9.230930210000000136e-01
1.702688205178096294e+09 -2.999447000000000137e-03 -2.405899999999999987e-04 2.346626219999999874e-01 -4.404367499999999741e-02 -3.608563539999999903e-01 -6.204241999999999570e-03 9.315601589999999987e-01
1.702688205388207674e+09 -3.139138000000000085e-03 -2.725550000000000086e-04 2.346938849999999910e-01 -4.675878599999999663e-02 -3.431834879999999810e-01 -9.344494000000000064e-03 9.380572440000000123e-01
1.702688205597068548e+09 -3.160276000000000057e-03 -2.745199999999999941e-04 2.347107079999999901e-01 -4.804476700000000211e-02 -3.313253820000000016e-01 -1.012202799999999993e-02 9.422381520000000510e-01
1.702688205804789782e+09 -3.215267999999999859e-03 -2.688090000000000076e-04 2.347990269999999935e-01 -4.832022999999999874e-02 -3.127492370000000133e-01 -1.104149500000000013e-02 9.485415820000000497e-01
1.702688206053707123e+09 -3.260775999999999952e-03 -2.752270000000000129e-04 2.348605390000000070e-01 -4.933208599999999722e-02 -2.901220919999999981e-01 -1.297654300000000011e-02 9.556292299999999962e-01
1.702688206222782612e+09 -3.285946000000000092e-03 -2.566600000000000261e-04 2.349274010000000079e-01 -4.612995699999999921e-02 -2.758424580000000126e-01 -1.150389299999999941e-02 9.600263829999999832e-01
1.702688206426771402e+09 -3.334834000000000062e-03 -2.560050000000000129e-04 2.349916099999999897e-01 -4.712896800000000025e-02 -2.549753790000000020e-01 -1.404969000000000010e-02 9.656961560000000278e-01
1.702688206591838837e+09 -3.350750999999999903e-03 -2.557130000000000232e-04 2.350500819999999935e-01 -4.773835500000000315e-02 -2.393366990000000138e-01 -1.559719099999999983e-02 9.696369169999999871e-01
1.702688206759524107e+09 -3.372529999999999886e-03 -2.506039999999999743e-04 2.351104320000000081e-01 -4.797957800000000189e-02 -2.235087010000000041e-01 -1.691512900000000097e-02 9.733733530000000522e-01
1.702688206968369007e+09 -3.397714000000000029e-03 -2.387789999999999986e-04 2.351914639999999890e-01 -4.780812899999999782e-02 -2.040759329999999871e-01 -1.765645700000000040e-02 9.776275749999999709e-01
1.702688207177043438e+09 -3.429353000000000002e-03 -2.292709999999999941e-04 2.352597270000000018e-01 -4.611264500000000072e-02 -1.830638649999999923e-01 -1.988815700000000006e-02 9.818175439999999865e-01
1.702688207384318113e+09 -3.442610000000000028e-03 -2.207099999999999926e-04 2.353328470000000117e-01 -4.591001200000000004e-02 -1.647530650000000041e-01 -2.096585399999999905e-02 9.850426909999999703e-01
1.702688207678155661e+09 -3.478494999999999851e-03 -2.133030000000000006e-04 2.354340849999999874e-01 -4.591285099999999758e-02 -1.393911989999999934e-01 -2.309996799999999850e-02 9.889026880000000297e-01
1.702688207803040266e+09 -3.491961000000000023e-03 -2.055299999999999922e-04 2.354779539999999893e-01 -4.516542700000000105e-02 -1.286989149999999971e-01 -2.338311100000000156e-02 9.903786780000000123e-01
1.702688207925628185e+09 -3.502354999999999965e-03 -1.975339999999999963e-04 2.355297209999999974e-01 -4.505188400000000037e-02 -1.199035049999999936e-01 -2.403310100000000116e-02 9.914715889999999865e-01
1.702688208054153919e+09 -3.512016000000000183e-03 -1.914370000000000036e-04 2.355728149999999910e-01 -4.562307100000000115e-02 -1.120612099999999944e-01 -2.284482700000000158e-02 9.923905729999999981e-01
1.702688208301223993e+09 -3.525206999999999820e-03 -1.814630000000000073e-04 2.356731589999999932e-01 -4.299705100000000141e-02 -9.703847000000000167e-02 -2.407308699999999996e-02 9.940600400000000336e-01
1.702688208425848246e+09 -3.530816999999999897e-03 -1.806230000000000086e-04 2.357047499999999907e-01 -4.376750100000000032e-02 -9.615885500000000141e-02 -2.378213599999999886e-02 9.941188690000000161e-01
1.702688208554110289e+09 -3.537923000000000109e-03 -1.739909999999999948e-04 2.357576939999999899e-01 -4.299081099999999683e-02 -9.117430399999999768e-02 -2.395787599999999948e-02 9.946180580000000271e-01
1.702688209008103609e+09 -3.552530999999999831e-03 -1.582230000000000062e-04 2.359071369999999890e-01 -4.520121600000000239e-02 -8.946993200000000201e-02 -2.134821799999999867e-02 9.947342869999999948e-01
1.702688209216115236e+09 -3.562183999999999923e-03 -1.521249999999999979e-04 2.359774109999999980e-01 -4.763611000000000234e-02 -9.584434299999999851e-02 -1.890932000000000029e-02 9.940760140000000078e-01
1.702688209845655203e+09 -3.609119000000000042e-03 -1.320729999999999940e-04 2.361842540000000101e-01 -5.114390299999999751e-02 -1.058859530000000049e-01 -2.649989000000000164e-02 9.927085639999999600e-01
1.702688210008157015e+09 -3.637304999999999965e-03 -1.243530000000000069e-04 2.362383899999999926e-01 -4.898627800000000115e-02 -1.116551310000000047e-01 -2.992627999999999955e-02 9.920876619999999813e-01
1.702688210465261459e+09 -3.683384999999999958e-03 -1.235759999999999973e-04 2.363702649999999961e-01 -4.432893200000000145e-02 -1.469390090000000093e-01 -3.089407099999999864e-02 9.876686930000000419e-01
1.702688210643607855e+09 -3.696885000000000015e-03 -1.177779999999999962e-04 2.364164739999999876e-01 -3.995472199999999807e-02 -1.565064339999999998e-01 -2.733633499999999980e-02 9.864898319999999554e-01
1.702688211213455200e+09 -3.733251999999999838e-03 -1.024400000000000018e-04 2.365926799999999997e-01 -3.541491199999999978e-02 -1.338209810000000055e-01 -2.585656799999999991e-02 9.900349379999999755e-01
1.702688211423400164e+09 -3.749014000000000166e-03 -9.235099999999999722e-05 2.366531040000000030e-01 -3.506783799999999701e-02 -1.228822690000000023e-01 -2.627887400000000068e-02 9.914532900000000426e-01
1.702688211673058987e+09 -3.757039000000000212e-03 -9.330199999999999540e-05 2.367440610000000056e-01 -4.114306699999999845e-02 -1.064815449999999969e-01 -2.902767100000000142e-02 9.930389520000000303e-01
1.702688211880309582e+09 -3.773875999999999793e-03 -8.193099999999999873e-05 2.368088359999999948e-01 -3.460001199999999943e-02 -9.954573199999999789e-02 -2.807488699999999976e-02 9.940348860000000064e-01
1.702688212052156448e+09 -3.777936999999999875e-03 -8.523099999999999763e-05 2.368691559999999974e-01 -3.607359899999999786e-02 -8.864841599999999378e-02 -2.928855099999999947e-02 9.949786069999999594e-01
1.702688212256312609e+09 -3.784417999999999897e-03 -7.305399999999999546e-05 2.369383569999999883e-01 -3.563735600000000198e-02 -7.933512299999999351e-02 -2.777256999999999990e-02 9.958235619999999955e-01
1.702688212588829279e+09 -3.800991999999999999e-03 -6.073600000000000260e-05 2.370627969999999918e-01 -3.703653800000000079e-02 -6.006636499999999657e-02 -2.687288599999999861e-02 9.971449970000000329e-01
1.702688212795155048e+09 -3.805347000000000156e-03 -5.576600000000000106e-05 2.371347099999999986e-01 -3.941902900000000126e-02 -4.788100700000000320e-02 -2.983413799999999963e-02 9.976289870000000226e-01
1.702688213212734461e+09 -3.799934000000000037e-03 -4.128099999999999999e-05 2.372796389999999866e-01 -4.241653900000000310e-02 -2.772849200000000042e-02 -3.067498299999999942e-02 9.982439880000000265e-01
1.702688213419287920e+09 -3.796635999999999934e-03 -3.566100000000000297e-05 2.373562600000000133e-01 -4.211769299999999772e-02 -1.669161400000000045e-02 -3.067471100000000034e-02 9.985021950000000368e-01
1.702688213593683958e+09 -3.801323000000000115e-03 -3.453099999999999854e-05 2.374098600000000003e-01 -4.257733699999999982e-02 -7.817865000000000231e-03 -3.157106800000000074e-02 9.985636469999999987e-01
1.702688214046422005e+09 -3.798979999999999978e-03 -2.580099999999999912e-05 2.375704349999999965e-01 -4.239685499999999718e-02 1.795588099999999993e-02 -3.341884500000000258e-02 9.983803629999999929e-01
1.702688214678100109e+09 -3.770959999999999850e-03 -8.530000000000000281e-07 2.377805859999999882e-01 -3.985886599999999974e-02 4.880102699999999682e-02 -3.418350600000000239e-02 9.974272849999999968e-01
1.702688214880846500e+09 -3.770036000000000047e-03 3.001999999999999803e-06 2.378521110000000049e-01 -4.029630099999999965e-02 6.174658200000000124e-02 -3.443162899999999832e-02 9.966835379999999800e-01
1.702688215378481150e+09 -3.739101999999999790e-03 1.185899999999999945e-05 2.380207179999999922e-01 -3.876316500000000220e-02 7.305639199999999778e-02 -3.442325400000000035e-02 9.959795479999999923e-01
1.702688216253287792e+09 -3.716748000000000187e-03 3.386999999999999928e-05 2.383087279999999974e-01 -3.825167599999999835e-02 4.145747799999999900e-02 -3.395106600000000197e-02 9.978303910000000387e-01
1.702688216504587173e+09 -3.715107000000000045e-03 4.077800000000000158e-05 2.383975979999999883e-01 -3.930543000000000231e-02 3.054048499999999916e-02 -3.277166900000000327e-02 9.982226490000000174e-01
1.702688217005392313e+09 -3.711273000000000176e-03 5.747099999999999914e-05 2.385632249999999899e-01 -3.797036799999999740e-02 1.598586100000000051e-02 -3.104103500000000154e-02 9.986687300000000045e-01
1.702688217290939808e+09 -3.708944000000000043e-03 6.257400000000000093e-05 2.386645079999999974e-01 -3.994135599999999731e-02 1.574413100000000149e-02 -3.205153000000000169e-02 9.985637069999999671e-01
1.702688217584439039e+09 -3.703525999999999953e-03 6.867299999999999793e-05 2.387645240000000058e-01 -4.098644099999999846e-02 2.129337400000000033e-02 -3.221606099999999723e-02 9.984132049999999703e-01
1.702688217878043413e+09 -3.694132000000000145e-03 7.506100000000000521e-05 2.388625739999999942e-01 -4.031834000000000112e-02 3.209735100000000313e-02 -3.307302699999999790e-02 9.981234070000000180e-01
1.702688218125150204e+09 -3.690807999999999849e-03 7.863699999999999943e-05 2.389474960000000092e-01 -3.944684899999999911e-02 3.166107099999999897e-02 -3.297842299999999977e-02 9.981753230000000032e-01
1.702688218666614771e+09 -3.676285000000000056e-03 9.746899999999999802e-05 2.391312270000000018e-01 -4.071825400000000234e-02 3.283322200000000218e-02 -3.309858999999999718e-02 9.980823989999999535e-01
1.702688218999402761e+09 -3.666781999999999941e-03 1.097999999999999991e-04 2.392454149999999891e-01 -3.941388800000000109e-02 3.671780999999999656e-02 -3.342080099999999998e-02 9.979887010000000336e-01
1.702688219290940046e+09 -3.664310999999999957e-03 1.183310000000000026e-04 2.393453570000000086e-01 -3.993681799999999893e-02 3.857599600000000128e-02 -3.417878199999999783e-02 9.978721139999999767e-01
1.702688220205154896e+09 -3.631653999999999785e-03 1.412209999999999952e-04 2.396560909999999878e-01 -3.920430300000000284e-02 5.478766899999999718e-02 -3.412695999999999785e-02 9.971442820000000484e-01
1.702688220502336740e+09 -3.614941999999999895e-03 1.501510000000000063e-04 2.397549750000000091e-01 -3.860060500000000311e-02 6.144599199999999789e-02 -3.362535700000000155e-02 9.967967269999999935e-01
1.702688220834857225e+09 -3.597148000000000099e-03 1.556250000000000016e-04 2.398663610000000002e-01 -3.844915699999999770e-02 7.057775600000000538e-02 -3.417859200000000069e-02 9.961788649999999690e-01
1.702688221123785257e+09 -3.572678000000000138e-03 1.657349999999999980e-04 2.399634270000000069e-01 -3.688237400000000249e-02 8.184732499999999855e-02 -3.387315600000000149e-02 9.953860639999999593e-01
1.702688221996752501e+09 -3.511516000000000116e-03 1.831609999999999901e-04 2.402539700000000111e-01 -3.535322800000000043e-02 1.147498039999999969e-01 -3.542883699999999775e-02 9.921327829999999626e-01
1.702688222334378481e+09 -3.479958999999999917e-03 1.880150000000000083e-04 2.403613330000000103e-01 -3.569599600000000067e-02 1.218005270000000057e-01 -3.510650199999999777e-02 9.912911060000000329e-01
1.702688222629684687e+09 -3.455580000000000197e-03 1.962909999999999948e-04 2.404538989999999987e-01 -3.357218599999999692e-02 1.239134669999999994e-01 -3.470900300000000216e-02 9.911173580000000038e-01
1.702688222913859606e+09 -3.437247000000000045e-03 2.016920000000000063e-04 2.405523059999999935e-01 -3.441585600000000161e-02 1.234548609999999991e-01 -3.571567700000000123e-02 9.911099079999999839e-01
1.702688223161712885e+09 -3.416601000000000013e-03 2.070130000000000050e-04 2.406340090000000098e-01 -3.435324099999999964e-02 1.197227690000000067e-01 -3.555729600000000212e-02 9.915755389999999503e-01
1.702688223499274969e+09 -3.395528000000000088e-03 2.133679999999999941e-04 2.407449040000000096e-01 -3.571705499999999756e-02 1.110969930000000050e-01 -3.511017899999999831e-02 9.925467369999999567e-01
1.702688223830166578e+09 -3.370254999999999952e-03 2.215979999999999881e-04 2.408537119999999976e-01 -3.527770899999999737e-02 1.003628669999999945e-01 -3.473386199999999729e-02 9.937184449999999503e-01
1.702688224120041370e+09 -3.359125000000000132e-03 2.282619999999999907e-04 2.409363989999999955e-01 -3.437854700000000235e-02 9.246468500000000479e-02 -3.422073300000000318e-02 9.945337770000000077e-01
1.702688224457344770e+09 -3.348172999999999861e-03 2.351569999999999984e-04 2.410269379999999961e-01 -3.545622500000000094e-02 8.229027699999999501e-02 -3.322457100000000135e-02 9.954231980000000091e-01
1.702688224785209179e+09 -3.334989999999999916e-03 2.394200000000000082e-04 2.411044840000000078e-01 -3.501338500000000103e-02 8.806278600000000401e-02 -3.414769100000000085e-02 9.949135780000000207e-01
1.702688225077722311e+09 -3.311184000000000002e-03 2.468400000000000151e-04 2.412093130000000085e-01 -3.620222199999999918e-02 9.991097499999999909e-02 -3.461821400000000132e-02 9.937347770000000136e-01
1.702688225409334898e+09 -3.286981999999999925e-03 2.530319999999999857e-04 2.413165869999999991e-01 -3.682148500000000102e-02 1.065459849999999958e-01 -3.536783200000000182e-02 9.929960970000000220e-01
1.702688225785415173e+09 -3.249726000000000090e-03 2.602120000000000084e-04 2.414366749999999895e-01 -3.601544699999999904e-02 1.231236760000000013e-01 -3.464650700000000000e-02 9.911322590000000154e-01
1.702688226078522921e+09 -3.225683999999999930e-03 2.721690000000000025e-04 2.415343819999999919e-01 -3.634657300000000008e-02 1.228785369999999960e-01 -3.725681100000000079e-02 9.910559060000000420e-01
1.702688226408514738e+09 -3.192904999999999788e-03 2.749499999999999882e-04 2.416333710000000135e-01 -3.552793299999999765e-02 1.392436029999999936e-01 -3.719176700000000058e-02 9.889215230000000245e-01
1.702688226703125477e+09 -3.155470999999999970e-03 2.813000000000000071e-04 2.417257879999999970e-01 -3.408414900000000108e-02 1.521667690000000073e-01 -3.679071400000000214e-02 9.870815870000000380e-01
1.702688226990550518e+09 -3.126757999999999881e-03 2.857210000000000110e-04 2.418173399999999917e-01 -3.472020800000000240e-02 1.546720269999999897e-01 -3.684833299999999701e-02 9.866677520000000090e-01
1.702688227282751322e+09 -3.097131999999999837e-03 2.913500000000000074e-04 2.419097719999999951e-01 -3.479855500000000185e-02 1.584084329999999874e-01 -3.701051699999999972e-02 9.860659840000000065e-01
1.702688227616378784e+09 -3.056002999999999845e-03 2.970839999999999766e-04 2.420131560000000071e-01 -3.284550800000000242e-02 1.655386090000000032e-01 -3.715700300000000095e-02 9.849556090000000097e-01
1.702688227906782150e+09 -3.022426999999999839e-03 3.062149999999999811e-04 2.421093430000000046e-01 -3.321401400000000004e-02 1.645731179999999905e-01 -3.670219000000000259e-02 9.851220849999999807e-01
1.702688228200744867e+09 -2.990417999999999896e-03 3.093969999999999923e-04 2.421990189999999876e-01 -3.319398300000000329e-02 1.671472039999999937e-01 -3.828461500000000101e-02 9.846290349999999858e-01
1.702688228657423735e+09 -2.930817999999999965e-03 3.156300000000000121e-04 2.423390599999999950e-01 -3.216953599999999858e-02 1.843699219999999916e-01 -3.850340800000000285e-02 9.815754290000000548e-01
1.702688228952790022e+09 -2.893994999999999901e-03 3.201580000000000203e-04 2.424249649999999923e-01 -3.046823300000000082e-02 1.964155880000000021e-01 -3.826111599999999779e-02 9.793001409999999574e-01
1.702688229614859104e+09 -2.797327000000000060e-03 3.216280000000000180e-04 2.426196340000000007e-01 -2.923058699999999885e-02 2.206914130000000029e-01 -3.879338499999999967e-02 9.741334919999999897e-01
1.702688229989083767e+09 -2.737317999999999869e-03 3.234670000000000253e-04 2.427306320000000017e-01 -2.923929700000000090e-02 2.289482949999999961e-01 -3.839963700000000035e-02 9.722413420000000084e-01
1.702688230281499386e+09 -2.692230999999999791e-03 3.283410000000000061e-04 2.428169550000000010e-01 -2.836348500000000078e-02 2.371867900000000084e-01 -3.850045800000000129e-02 9.702863689999999819e-01
1.702688230613232136e+09 -2.635506000000000133e-03 3.340810000000000155e-04 2.429181189999999879e-01 -2.963744100000000048e-02 2.399757060000000108e-01 -3.927599600000000052e-02 9.695311779999999935e-01
1.702688230992670536e+09 -2.582289000000000199e-03 3.399049999999999923e-04 2.430362399999999867e-01 -3.176341199999999781e-02 2.258518489999999934e-01 -3.851543000000000327e-02 9.728816150000000329e-01
1.702688231280465841e+09 -2.547652999999999984e-03 3.402969999999999845e-04 2.431234419999999952e-01 -3.151363100000000028e-02 2.107803079999999996e-01 -3.860786199999999974e-02 9.762622709999999593e-01
1.702688231614550829e+09 -2.512472999999999877e-03 3.495959999999999780e-04 2.432332929999999893e-01 -3.257315200000000105e-02 1.928318739999999865e-01 -3.766033399999999670e-02 9.799676539999999658e-01
1.702688232236646175e+09 -2.444333999999999830e-03 3.630600000000000103e-04 2.434296609999999916e-01 -3.549290799999999663e-02 1.594496519999999973e-01 -3.610892599999999952e-02 9.859068389999999793e-01
1.702688232611936808e+09 -2.413676000000000016e-03 3.693360000000000024e-04 2.435507480000000113e-01 -3.554286799999999830e-02 1.395037919999999876e-01 -3.454324599999999967e-02 9.889803529999999787e-01
1.702688232985693693e+09 -2.389540999999999801e-03 3.746970000000000075e-04 2.436729669999999903e-01 -3.673337799999999709e-02 1.232291009999999937e-01 -3.458838499999999927e-02 9.910948280000000388e-01
1.702688233487832308e+09 -2.360015000000000029e-03 3.880129999999999864e-04 2.438382360000000137e-01 -3.660971999999999837e-02 1.010563970000000061e-01 -3.292401100000000302e-02 9.936615819999999877e-01
1.702688233903774738e+09 -2.340236999999999786e-03 3.962039999999999898e-04 2.439758629999999873e-01 -3.727390199999999765e-02 8.234069500000000541e-02 -3.157917400000000152e-02 9.954062099999999580e-01
1.702688234235087156e+09 -2.331685999999999915e-03 4.034409999999999884e-04 2.440906469999999939e-01 -3.877427399999999746e-02 7.182341799999999998e-02 -3.194480000000000236e-02 9.961513279999999471e-01
1.702688234570421934e+09 -2.321179000000000037e-03 4.148320000000000154e-04 2.442021970000000097e-01 -3.987969100000000183e-02 6.271341399999999511e-02 -3.124360199999999879e-02 9.967449309999999452e-01
1.702688234983748198e+09 -2.301628999999999915e-03 4.227489999999999872e-04 2.443379460000000003e-01 -3.855368900000000210e-02 5.964928500000000328e-02 -3.177808599999999706e-02 9.969682690000000180e-01
1.702688235359878540e+09 -2.287969999999999848e-03 4.303840000000000183e-04 2.444617900000000121e-01 -3.923192200000000240e-02 5.271438500000000249e-02 -3.197782500000000139e-02 9.973261359999999742e-01
1.702688235734902382e+09 -2.280924000000000146e-03 4.392910000000000196e-04 2.445810439999999975e-01 -4.102246799999999943e-02 3.750113000000000057e-02 -3.131464899999999996e-02 9.979630710000000349e-01
1.702688236193366051e+09 -2.273352000000000185e-03 4.527080000000000166e-04 2.447288039999999942e-01 -3.885917700000000169e-02 3.258507000000000070e-02 -3.137163800000000030e-02 9.982204439999999845e-01
1.702688236525228739e+09 -2.245252000000000098e-03 4.547770000000000133e-04 2.448340360000000049e-01 -3.980105400000000238e-02 3.640370799999999990e-02 -3.179015200000000207e-02 9.980381130000000045e-01
1.702688237607378244e+09 -2.203819999999999998e-03 4.845159999999999940e-04 2.451962980000000070e-01 -4.155026400000000342e-02 6.859096900000000163e-02 -3.359262300000000201e-02 9.962130190000000329e-01
1.702688237943016052e+09 -2.192688999999999836e-03 4.904090000000000272e-04 2.453014699999999937e-01 -3.938041999999999931e-02 8.388392599999999755e-02 -3.345818799999999982e-02 9.951347710000000291e-01
1.702688238275112629e+09 -2.160846000000000121e-03 4.943560000000000489e-04 2.454147929999999922e-01 -4.080850600000000133e-02 9.752059700000000053e-02 -3.479094800000000209e-02 9.937877059999999929e-01
1.702688238736720562e+09 -2.132811000000000082e-03 5.073010000000000410e-04 2.455649819999999872e-01 -3.916196899999999786e-02 9.184324700000000286e-02 -3.351538600000000118e-02 9.944384689999999916e-01
1.702688239148632288e+09 -2.115067999999999896e-03 5.176640000000000364e-04 2.457058729999999913e-01 -3.912002199999999735e-02 9.535617400000000188e-02 -3.449502599999999808e-02 9.940758939999999599e-01
1.702688239651885271e+09 -2.074490999999999922e-03 5.324280000000000462e-04 2.458653600000000050e-01 -3.843498199999999948e-02 9.906964699999999679e-02 -3.373794299999999940e-02 9.937654139999999581e-01
1.702688240104739189e+09 -2.048468999999999811e-03 5.421970000000000131e-04 2.460186779999999906e-01 -3.887404900000000080e-02 9.456088399999999783e-02 -3.381307399999999852e-02 9.941849710000000284e-01
1.702688240564853191e+09 -2.012512000000000155e-03 5.525359999999999560e-04 2.461672129999999958e-01 -3.884606399999999959e-02 9.851747800000000554e-02 -3.370069299999999685e-02 9.938055869999999903e-01
1.702688240941674471e+09 -1.991133999999999873e-03 5.536700000000000302e-04 2.462860490000000069e-01 -3.850453699999999840e-02 9.865996999999999961e-02 -3.360241299999999764e-02 9.938080910000000046e-01
1.702688241272750378e+09 -1.990393999999999931e-03 5.560209999999999675e-04 2.463995370000000018e-01 -3.959532500000000066e-02 9.889153400000000316e-02 -3.375175200000000292e-02 9.937371609999999800e-01
1.702688242061439037e+09 -1.921111999999999993e-03 5.739189999999999917e-04 2.466504720000000095e-01 -3.789951700000000062e-02 1.016681569999999951e-01 -3.385398500000000310e-02 9.935195449999999484e-01
1.702688242435628176e+09 -1.898429000000000089e-03 5.849899999999999675e-04 2.467791890000000099e-01 -3.999435500000000226e-02 1.047419609999999945e-01 -3.401607599999999926e-02 9.931125039999999515e-01
1.702688242810931683e+09 -1.865640999999999914e-03 5.997700000000000123e-04 2.469062509999999933e-01 -4.143024199999999907e-02 1.074040089999999947e-01 -3.405645899999999726e-02 9.927678699999999967e-01
1.702688243227805138e+09 -1.833297999999999916e-03 6.063540000000000292e-04 2.470357870000000067e-01 -4.123332700000000017e-02 1.088341329999999996e-01 -3.480885599999999913e-02 9.925942420000000155e-01
1.702688243561703205e+09 -1.816829000000000057e-03 6.145369999999999609e-04 2.471401390000000087e-01 -4.156031500000000045e-02 1.016251890000000047e-01 -3.376243999999999773e-02 9.933806659999999678e-01
1.702688243895432711e+09 -1.808387999999999966e-03 6.251559999999999756e-04 2.472519870000000064e-01 -3.944875300000000307e-02 9.761501100000000153e-02 -3.332211799999999779e-02 9.938836690000000251e-01
1.702688244272349834e+09 -1.793780999999999935e-03 6.434439999999999604e-04 2.473815679999999961e-01 -3.974388200000000121e-02 8.979368999999999545e-02 -3.229162099999999952e-02 9.946430920000000064e-01
1.702688244601843119e+09 -1.784851999999999966e-03 6.497060000000000031e-04 2.474900040000000134e-01 -3.804360300000000222e-02 7.878067299999999551e-02 -3.125725699999999663e-02 9.956752660000000033e-01
1.702688244976760149e+09 -1.778527000000000016e-03 6.547810000000000045e-04 2.476097640000000100e-01 -3.866081700000000010e-02 8.094941799999999521e-02 -3.158392000000000144e-02 9.954672460000000278e-01
1.702688245272855282e+09 -1.756034999999999974e-03 6.565950000000000519e-04 2.477013319999999963e-01 -3.664562899999999901e-02 7.777138799999999685e-02 -3.141718000000000288e-02 9.958020450000000245e-01
1.702688245602874994e+09 -1.719644999999999898e-03 6.647489999999999606e-04 2.478023169999999942e-01 -3.699308600000000141e-02 6.945725499999999553e-02 -3.007305199999999942e-02 9.964451189999999903e-01
1.702688245892821312e+09 -1.724080000000000014e-03 6.758130000000000430e-04 2.478502989999999961e-01 -3.646974299999999891e-02 7.466361700000000157e-02 -2.970687899999999854e-02 9.960988160000000535e-01
1.702688246199180365e+09 -1.726209000000000033e-03 6.802559999999999597e-04 2.478548590000000107e-01 -3.546614199999999911e-02 7.661053499999999350e-02 -2.958854699999999976e-02 9.959907529999999509e-01
1.702688246725628614e+09 -1.726363000000000073e-03 6.778319999999999571e-04 2.478537710000000005e-01 -3.584608100000000186e-02 7.747314099999999537e-02 -3.024487899999999882e-02 9.958906770000000019e-01
