1.702685614011238813e+09 0.000000000000000000e+00 0.000000000000000000e+00 0.000000000000000000e+00 -0.000000000000000000e+00 -0.000000000000000000e+00 -0.000000000000000000e+00 1.000000000000000000e+00
1.702685614221848488e+09 2.702299999999999860e-05 3.482499999999999946e-05 2.658283999999999907e-03 -3.226899999999999886e-05 -6.525170000000000275e-04 -1.483409999999999948e-04 9.999998209999999554e-01
1.702685614346469641e+09 9.634299999999999559e-05 2.293100000000000119e-05 4.240083999999999867e-03 5.728100000000000265e-05 -1.158310000000000069e-03 -2.486880000000000015e-04 9.999992850000000155e-01
1.702685614386944532e+09 2.655300000000000141e-05 -2.111299999999999928e-05 4.705998999999999773e-03 -7.216000000000000029e-06 -1.224182999999999999e-03 -3.224340000000000235e-04 9.999992250000000471e-01
1.702685614476202011e+09 4.047699999999999887e-05 3.165699999999999862e-05 5.758446999999999871e-03 4.600709999999999934e-04 -1.589953000000000069e-03 -3.799280000000000257e-04 9.999985689999999483e-01
1.702685614681707859e+09 -4.441300000000000320e-05 -6.432300000000000062e-05 8.349617999999999624e-03 5.902340000000000277e-04 -3.711549000000000185e-03 9.320000000000000214e-05 9.999929669999999549e-01
1.702685614802687883e+09 -1.343200000000000015e-04 -1.594470000000000067e-04 9.865030999999999800e-03 1.622526000000000003e-03 -4.361814000000000316e-03 1.810480000000000054e-04 9.999891520000000478e-01
1.702685614884114027e+09 -3.724000000000000259e-05 -1.101029999999999994e-04 1.087570700000000008e-02 1.675162999999999913e-03 -4.906086999999999948e-03 8.810000000000000014e-05 9.999865890000000368e-01
1.702685616217860460e+09 -6.193169999999999795e-04 -3.123329999999999791e-04 2.751020699999999833e-02 6.209740000000000485e-04 -8.830437000000000008e-03 5.173199999999999869e-05 9.999608399999999619e-01
1.702685616342144728e+09 -7.438819999999999634e-04 -3.599179999999999784e-04 2.896689399999999998e-02 1.266675000000000093e-03 -9.724418000000000298e-03 -2.002580000000000061e-04 9.999518990000000329e-01
1.702685616507176638e+09 -9.271420000000000486e-04 -2.892740000000000090e-04 3.116558100000000123e-02 6.943329999999999945e-04 -1.181433500000000046e-02 3.083860000000000117e-04 9.999299050000000078e-01
1.702685617506893873e+09 -1.125666999999999900e-03 -3.604260000000000081e-04 4.370370099999999758e-02 -4.303460000000000163e-04 -1.434999900000000043e-02 2.747690000000000115e-04 9.998969439999999542e-01
1.702685617674074888e+09 -1.198756999999999948e-03 -3.083629999999999748e-04 4.569952599999999726e-02 1.640289999999999977e-04 -1.511881999999999983e-02 1.027360000000000003e-04 9.998856780000000555e-01
1.702685617844428539e+09 -1.323799999999999977e-03 -3.177049999999999948e-04 4.771376799999999668e-02 8.410989999999999916e-04 -1.553291099999999994e-02 -9.708900000000000505e-05 9.998790029999999884e-01
1.702685618214602709e+09 -1.040892999999999983e-03 -3.263769999999999822e-04 5.244226400000000232e-02 5.232799999999999908e-04 -1.511202900000000078e-02 -6.001099999999999853e-05 9.998856780000000555e-01
1.702685618882706881e+09 -2.105530999999999896e-03 -2.695299999999999758e-04 6.068712799999999991e-02 4.429400000000000112e-04 -2.042204499999999978e-02 1.050709999999999974e-04 9.997913840000000052e-01
1.702685619090615988e+09 -2.293896000000000129e-03 -2.493409999999999832e-04 6.322289300000000223e-02 1.158170000000000033e-03 -2.272714099999999932e-02 3.277549999999999951e-04 9.997410180000000368e-01
1.702685619255439281e+09 -2.454474999999999799e-03 -3.609840000000000119e-04 6.543610199999999599e-02 -3.436830000000000093e-04 -2.275053800000000070e-02 -4.899610000000000206e-04 9.997410180000000368e-01
1.702685619757410288e+09 -2.524197000000000159e-03 -2.553799999999999842e-04 7.175173599999999652e-02 -1.287661999999999965e-03 -2.756178399999999890e-02 5.970189999999999568e-04 9.996191260000000245e-01
1.702685620256780863e+09 -3.329239999999999804e-03 -7.344000000000000328e-06 7.796899999999999664e-02 -2.040151999999999938e-03 -3.567106999999999917e-02 -5.456610000000000193e-04 9.993613359999999890e-01
1.702685620548339605e+09 -3.399614000000000021e-03 -2.889790000000000262e-04 8.168512599999999679e-02 -2.629951000000000164e-03 -3.923397499999999732e-02 -7.213080000000000403e-04 9.992263319999999949e-01
1.702685620838311672e+09 -4.096868000000000037e-03 -2.853700000000000138e-05 8.506109600000000270e-02 4.632279999999999905e-04 -3.715183600000000058e-02 -5.733669999999999739e-04 9.993093610000000071e-01
1.702685621135981560e+09 -4.194624999999999569e-03 -2.163400000000000056e-04 8.876755100000000009e-02 -1.048100000000000011e-05 -3.710690099999999769e-02 -1.239677000000000010e-03 9.993105530000000458e-01
1.702685621378055096e+09 -4.462212999999999596e-03 -1.382300000000000098e-04 9.195742799999999384e-02 -4.913429999999999881e-04 -3.805830699999999955e-02 -1.581759999999999980e-03 9.992741349999999523e-01
1.702685621672569036e+09 -4.933612999999999887e-03 -1.294070000000000029e-04 9.552237399999999323e-02 -8.641999999999999725e-04 -3.775184599999999863e-02 -1.371077999999999967e-03 9.992858169999999651e-01
1.702685621960112810e+09 -5.302295000000000272e-03 -1.034740000000000058e-04 9.917020099999999949e-02 -1.518145999999999949e-03 -3.833306999999999687e-02 -2.545119000000000201e-03 9.992606640000000207e-01
1.702685622257387638e+09 -5.584170000000000279e-03 -1.442530000000000028e-04 1.027138900000000021e-01 -1.418065000000000037e-03 -4.018966499999999942e-02 -1.123593999999999895e-03 9.991904499999999523e-01
1.702685622546367884e+09 -5.707471999999999893e-03 -9.794800000000000479e-05 1.063468310000000028e-01 -1.357717000000000038e-03 -3.990475500000000009e-02 -5.283900000000000012e-05 9.992025490000000509e-01
1.702685622879044294e+09 -6.197819000000000245e-03 -7.804799999999999542e-05 1.104641559999999939e-01 -2.970308000000000063e-03 -3.985467599999999860e-02 4.283970000000000117e-04 9.992010000000000058e-01
1.702685623209758282e+09 -6.455563000000000100e-03 -5.440000000000000093e-05 1.144785059999999938e-01 -2.140065999999999930e-03 -4.466405100000000322e-02 5.254230000000000142e-04 9.989996549999999864e-01
1.702685623545860529e+09 -6.720794999999999894e-03 -4.250800000000000027e-05 1.185046139999999942e-01 -8.400350000000000438e-04 -4.055867700000000131e-02 1.348669000000000040e-03 9.991759059999999470e-01
1.702685623878337383e+09 -6.587469000000000310e-03 -3.651499999999999852e-05 1.225744190000000039e-01 9.719169999999999849e-04 -3.608746100000000123e-02 2.824169000000000072e-03 9.993441699999999761e-01
1.702685624212275267e+09 -7.228957000000000264e-03 -2.474970000000000056e-04 1.266049439999999970e-01 1.262427999999999901e-03 -4.043678199999999751e-02 2.341633999999999990e-03 9.991785880000000342e-01
1.702685624545207739e+09 -7.662831999999999630e-03 -1.752729999999999870e-04 1.306943889999999941e-01 2.736811999999999925e-03 -4.172574400000000211e-02 2.061393999999999813e-03 9.991232159999999807e-01
1.702685624923692942e+09 -7.677536000000000430e-03 -1.034730000000000036e-04 1.354222300000000045e-01 1.412002000000000092e-03 -3.400401799999999697e-02 2.218663000000000059e-03 9.994182590000000310e-01
1.702685625333802700e+09 -8.067192000000000807e-03 -1.555759999999999890e-04 1.404979680000000009e-01 1.675365000000000057e-03 -3.407977499999999965e-02 2.433860000000000038e-04 9.994176630000000117e-01
1.702685625750826836e+09 -8.509071999999999469e-03 -3.059870000000000233e-04 1.454108209999999957e-01 2.674694999999999937e-03 -2.969942600000000099e-02 1.353655999999999957e-03 9.995543959999999561e-01
1.702685626168906212e+09 -9.212611000000000758e-03 -2.488170000000000269e-04 1.503330320000000053e-01 3.105276000000000130e-03 -4.985470000000000179e-02 1.106351999999999900e-03 9.987510440000000322e-01
1.702685626584348679e+09 -9.958431999999999701e-03 -2.403130000000000012e-04 1.554149989999999981e-01 4.293873000000000134e-03 -6.221914299999999759e-02 1.752742999999999966e-03 9.980517629999999807e-01
1.702685627041964293e+09 -1.042985800000000018e-02 -1.066779999999999974e-04 1.610139009999999871e-01 3.015355999999999852e-03 -5.715138499999999899e-02 4.504743000000000289e-03 9.983507990000000110e-01
1.702685627464458942e+09 -1.104035899999999959e-02 -7.446000000000000368e-06 1.662310210000000066e-01 -4.047800000000000107e-05 -5.269889199999999718e-02 3.840342999999999968e-03 9.986031060000000181e-01
1.702685627913878202e+09 -1.157898199999999982e-02 7.396899999999999602e-05 1.718145759999999966e-01 -3.046049999999999799e-03 -4.999238300000000135e-02 4.023752999999999705e-03 9.987368580000000051e-01
1.702685628372951508e+09 -1.180287200000000071e-02 1.151689999999999946e-04 1.771173779999999920e-01 -8.570449999999999640e-04 -3.059319599999999958e-02 3.559428999999999805e-03 9.995251889999999806e-01
1.702685628832148790e+09 -1.170943600000000015e-02 1.893019999999999978e-04 1.826079339999999995e-01 -1.024881000000000056e-03 -2.372570900000000108e-02 3.375533999999999913e-03 9.997122880000000045e-01
1.702685629287873507e+09 -1.214683499999999992e-02 1.766120000000000092e-04 1.878559290000000048e-01 -4.861970000000000072e-04 -2.901642399999999899e-02 3.083039000000000092e-03 9.995740650000000116e-01
1.702685629831348181e+09 -1.247188500000000026e-02 2.350239999999999914e-04 1.943619400000000108e-01 1.301399999999999940e-05 -2.991578199999999840e-02 4.254993000000000317e-03 9.995433689999999594e-01
1.702685630335709333e+09 -1.294009399999999921e-02 2.190129999999999985e-04 2.002601179999999870e-01 -8.630229999999999803e-04 -2.837359500000000145e-02 1.939607000000000093e-03 9.995951060000000110e-01
1.702685630872129679e+09 -1.334452799999999960e-02 2.352009999999999865e-04 2.065361739999999890e-01 -3.248421999999999941e-03 -3.400324300000000244e-02 1.983865999999999928e-03 9.994145039999999813e-01
1.702685631412649870e+09 -1.379956799999999990e-02 2.269279999999999930e-04 2.128336130000000048e-01 -2.864447999999999907e-03 -3.258305400000000018e-02 2.308956000000000029e-03 9.994622469999999703e-01
1.702685631954399347e+09 -1.412930499999999999e-02 3.410689999999999967e-04 2.192171069999999944e-01 -2.270301000000000177e-03 -3.213779600000000319e-02 3.243387999999999827e-03 9.994755979999999651e-01
1.702685632413130760e+09 -1.465054600000000040e-02 3.556240000000000226e-04 2.245160039999999912e-01 -1.844762000000000008e-03 -3.290960200000000307e-02 3.203851000000000181e-03 9.994515179999999832e-01
1.702685632911081076e+09 -1.474150100000000060e-02 4.443469999999999928e-04 2.303382160000000123e-01 -1.332433000000000055e-03 -3.291332300000000127e-02 3.358278000000000131e-03 9.994516970000000278e-01
1.702685633370542288e+09 -1.516026300000000021e-02 3.650530000000000029e-04 2.356010229999999928e-01 -2.437621999999999966e-03 -3.005311999999999914e-02 2.324834999999999922e-03 9.995426539999999749e-01
1.702685633789405584e+09 -1.552341100000000085e-02 4.500540000000000248e-04 2.404646870000000103e-01 -1.869863000000000037e-03 -3.206731399999999954e-02 2.719533000000000107e-03 9.994802470000000438e-01
1.702685634203496933e+09 -1.571877299999999839e-02 3.688820000000000098e-04 2.451110629999999901e-01 -1.325081000000000089e-03 -3.269739800000000252e-02 2.568116999999999969e-03 9.994611140000000393e-01
1.702685634617218494e+09 -1.590937900000000127e-02 4.319279999999999886e-04 2.500559689999999891e-01 -1.569276000000000091e-03 -2.262184399999999859e-02 4.343152000000000297e-03 9.997334479999999690e-01
1.702685635034154415e+09 -1.627142399999999961e-02 4.589409999999999822e-04 2.549718919999999778e-01 -1.934895999999999968e-03 -1.834059099999999984e-02 3.633026000000000137e-03 9.998233319999999535e-01
1.702685635408852339e+09 -1.655287899999999951e-02 5.452169999999999673e-04 2.592201530000000087e-01 -1.033962999999999939e-03 -2.128053099999999837e-02 4.411700000000000170e-03 9.997633099999999606e-01
1.702685635786915064e+09 -1.655283199999999996e-02 4.106390000000000235e-04 2.636106610000000239e-01 -1.629947000000000080e-03 -1.061171900000000036e-02 5.016361999999999904e-03 9.999297860000000426e-01
1.702685636115899801e+09 -1.631667499999999923e-02 4.351390000000000227e-04 2.673879559999999822e-01 -3.836730000000000110e-04 4.545304000000000011e-03 4.585305999999999930e-03 9.999790790000000484e-01
1.702685636450145245e+09 -1.630184399999999936e-02 4.503010000000000107e-04 2.712337969999999987e-01 1.001193999999999956e-03 2.040730199999999869e-02 3.300686000000000158e-03 9.997857810000000400e-01
1.702685636783837795e+09 -1.597928399999999985e-02 3.596110000000000235e-04 2.751154299999999941e-01 1.309342000000000015e-03 3.454958300000000176e-02 3.547643000000000064e-03 9.993958469999999483e-01
1.702685637073879480e+09 -1.541203300000000033e-02 3.735020000000000028e-04 2.785842419999999819e-01 4.641220000000000263e-04 4.719222700000000326e-02 2.939172999999999786e-03 9.988814000000000304e-01
1.702685637739447355e+09 -1.416992299999999920e-02 4.239760000000000078e-04 2.863275109999999790e-01 1.563720999999999904e-03 6.607928100000000360e-02 3.762367999999999876e-03 9.978060720000000439e-01
1.702685638030803680e+09 -1.367094599999999979e-02 3.987540000000000247e-04 2.897233659999999822e-01 -6.275589999999999728e-04 6.869570899999999369e-02 4.051423999999999651e-03 9.976292850000000323e-01
1.702685638368567705e+09 -1.307416399999999923e-02 4.533030000000000067e-04 2.935047749999999955e-01 -3.456040000000000067e-04 6.919953199999999416e-02 3.450442000000000179e-03 9.975967999999999503e-01
1.702685639367626429e+09 -1.189221499999999938e-02 3.508480000000000127e-04 3.048518599999999745e-01 2.053477000000000167e-03 5.843658699999999817e-02 3.481029999999999975e-03 9.982829690000000200e-01
1.702685639740109205e+09 -1.131981800000000059e-02 3.814809999999999751e-04 3.091697099999999865e-01 2.267654999999999931e-03 5.788835099999999761e-02 3.744964999999999839e-03 9.983134869999999994e-01
1.702685640071225166e+09 -1.134797700000000041e-02 3.946609999999999810e-04 3.130593600000000087e-01 1.552030000000000033e-03 5.344030999999999781e-02 3.923753999999999784e-03 9.985621569999999503e-01
1.702685640365610123e+09 -1.096520900000000007e-02 3.300579999999999898e-04 3.164265749999999877e-01 1.933028999999999954e-03 5.040569200000000194e-02 3.875524999999999890e-03 9.987194539999999510e-01
1.702685641157465458e+09 -9.833321000000000769e-03 3.091969999999999875e-04 3.254277409999999926e-01 1.494202999999999937e-03 4.595724899999999863e-02 2.676127999999999840e-03 9.989386799999999678e-01
1.702685641531822681e+09 -9.525165999999999841e-03 2.430730000000000087e-04 3.296538589999999935e-01 3.108645000000000158e-03 4.654867199999999927e-02 3.032588000000000124e-03 9.989066119999999716e-01
1.702685641986501217e+09 -8.823453000000000199e-03 2.726380000000000144e-04 3.349308069999999971e-01 1.607155999999999993e-03 4.804686100000000321e-02 3.463393999999999848e-03 9.988377689999999864e-01
1.702685642360592604e+09 -8.543258999999999229e-03 2.962609999999999745e-04 3.391858939999999878e-01 1.335594999999999968e-03 5.362592299999999895e-02 2.479307999999999946e-03 9.985571500000000045e-01
1.702685642818059206e+09 -7.682770000000000224e-03 3.714559999999999889e-04 3.443522450000000013e-01 1.640050000000000101e-03 5.526336999999999916e-02 2.385202999999999803e-03 9.984676239999999980e-01
1.702685643235114098e+09 -7.500867999999999945e-03 3.633479999999999913e-04 3.490705190000000235e-01 3.874335000000000018e-03 3.328927999999999748e-02 2.459684000000000176e-03 9.994352459999999994e-01
1.702685643697464943e+09 -7.449807000000000130e-03 2.148650000000000104e-04 3.544062080000000003e-01 1.964249999999999850e-03 2.073327800000000082e-02 3.427060999999999909e-03 9.997772569999999748e-01
1.702685644108881474e+09 -7.335020999999999729e-03 2.483480000000000149e-04 3.592506650000000246e-01 8.205950000000000267e-04 2.858324199999999829e-02 2.797394999999999830e-03 9.995871779999999651e-01
1.702685644651675940e+09 -6.714170000000000207e-03 2.273970000000000049e-04 3.654422159999999864e-01 1.388687999999999902e-03 2.848842199999999936e-02 2.603368000000000002e-03 9.995898009999999445e-01
1.702685645153789759e+09 -6.390011999999999602e-03 2.309629999999999908e-04 3.711243570000000158e-01 1.189196000000000003e-03 2.903183200000000047e-02 2.304552999999999983e-03 9.995751379999999742e-01
1.702685645691281557e+09 -5.953678999999999916e-03 1.602309999999999911e-04 3.773553669999999971e-01 1.601019999999999928e-04 2.576978300000000097e-02 1.476008999999999915e-03 9.996668100000000168e-01
1.702685646233300447e+09 -5.728490999999999618e-03 2.302750000000000001e-04 3.835209909999999778e-01 2.872832999999999984e-03 3.352123900000000128e-02 9.897169999999999839e-04 9.994333979999999729e-01
1.702685646777422428e+09 -5.201129999999999989e-03 1.803770000000000113e-04 3.897944389999999926e-01 2.666617000000000032e-03 3.274768200000000018e-02 1.755325000000000071e-03 9.994585510000000284e-01
1.702685647397572517e+09 -4.675725999999999841e-03 -1.077000000000000022e-06 3.968130349999999806e-01 4.322648999999999589e-03 3.881029800000000002e-02 3.113958000000000004e-03 9.992324110000000426e-01
1.702685647939113617e+09 -4.147589000000000137e-03 6.604599999999999750e-05 4.030533729999999926e-01 3.495434999999999862e-03 4.053229800000000133e-02 2.747681000000000082e-03 9.991683359999999903e-01
1.702685648480168819e+09 -3.711200999999999910e-03 1.684059999999999865e-04 4.093819559999999913e-01 1.817407999999999958e-03 4.314077999999999663e-02 2.018710000000000057e-04 9.990673070000000155e-01
1.702685648979628563e+09 -3.081139000000000100e-03 1.155320000000000045e-04 4.152342680000000175e-01 6.780690000000000025e-04 4.550644799999999796e-02 -2.215460000000000096e-04 9.989637730000000548e-01
1.702685649565325022e+09 -2.137808000000000156e-03 1.494400000000000058e-04 4.220074710000000229e-01 1.113887000000000037e-03 4.839203100000000202e-02 -6.616460000000000006e-04 9.988275770000000220e-01
1.702685650103837252e+09 -1.512054000000000089e-03 3.065869999999999837e-04 4.280348119999999867e-01 1.582850000000000012e-03 6.047198499999999893e-02 -1.564779999999999990e-03 9.981674550000000368e-01
1.702685650648563147e+09 -3.789759999999999982e-04 2.179559999999999983e-04 4.340984820000000077e-01 2.014845999999999825e-03 7.173298300000000016e-02 -1.834672999999999990e-03 9.974201320000000148e-01
1.702685651104764223e+09 3.708669999999999849e-04 2.463589999999999769e-04 4.391900599999999932e-01 4.450326000000000108e-03 7.469725600000000354e-02 -2.820075999999999920e-03 9.971923230000000471e-01
1.702685651604613781e+09 9.768960000000001011e-04 2.747110000000000198e-04 4.447405340000000207e-01 4.357441000000000092e-03 6.855659899999999585e-02 -3.794818000000000149e-03 9.976305370000000394e-01
1.702685652233661890e+09 1.670374999999999985e-03 2.249350000000000004e-04 4.519440530000000122e-01 4.779504000000000391e-03 5.017829699999999671e-02 -3.899694999999999898e-03 9.987212420000000090e-01
1.702685652774558544e+09 1.949914000000000074e-03 2.988840000000000203e-04 4.576865430000000012e-01 1.790955000000000108e-03 2.935977500000000115e-02 -3.796035000000000121e-03 9.995601179999999975e-01
1.702685653310448885e+09 1.921928999999999955e-03 2.652350000000000042e-04 4.630489950000000188e-01 3.365449999999999974e-04 9.561808999999999240e-03 -3.940731999999999742e-03 9.999464750000000013e-01
1.702685653809449196e+09 1.666874999999999954e-03 2.500029999999999982e-04 4.686834810000000129e-01 2.608565000000000189e-03 -1.119155800000000076e-02 -3.495815000000000207e-03 9.999278780000000477e-01
1.702685654353667021e+09 1.345604999999999935e-03 2.777270000000000194e-04 4.747258719999999932e-01 9.580829999999999815e-04 -2.704827900000000146e-02 -2.598871999999999901e-03 9.996303319999999548e-01
1.702685654891563892e+09 9.959610000000000685e-04 4.734669999999999851e-04 4.812249539999999826e-01 8.135080000000000046e-04 -3.076178400000000035e-02 -4.444988000000000411e-03 9.995165470000000330e-01
1.702685655394091606e+09 8.968239999999999502e-04 4.900720000000000336e-04 4.869424700000000161e-01 -1.554609999999999944e-04 -3.009479500000000057e-02 -5.295344999999999913e-03 9.995329979999999503e-01
1.702685655735646009e+09 6.380420000000000145e-04 4.092279999999999789e-04 4.905911980000000061e-01 1.796592000000000067e-03 -3.104439000000000157e-02 -3.846524999999999944e-03 9.995090370000000446e-01
1.702685656182603836e+09 1.307609999999999903e-04 3.417709999999999910e-04 4.956249589999999761e-01 8.916730000000000532e-04 -2.963195700000000044e-02 -3.937552000000000413e-03 9.995527859999999709e-01
1.702685656764817953e+09 -1.052290000000000050e-04 3.216420000000000216e-04 5.022588369999999580e-01 5.317440000000000101e-04 -2.943862200000000109e-02 -4.058400000000000202e-03 9.995582100000000025e-01
1.702685657348147631e+09 -4.973679999999999855e-04 3.487969999999999742e-04 5.087988380000000310e-01 4.872260000000000002e-04 -2.770816300000000093e-02 -3.503950999999999941e-03 9.996097680000000096e-01
1.702685657930237293e+09 -9.377990000000000111e-04 2.204549999999999891e-04 5.154422520000000452e-01 -1.085339000000000052e-03 -3.254940399999999706e-02 -4.003396999999999685e-03 9.994615319999999858e-01
1.702685658430245638e+09 -1.060586999999999988e-03 2.720399999999999771e-04 5.210056899999999658e-01 5.069220000000000366e-04 -3.214230800000000138e-02 -4.198676000000000144e-03 9.994743470000000407e-01
1.702685658930407524e+09 -1.785481000000000004e-03 2.966800000000000123e-04 5.264273879999999961e-01 1.360351000000000095e-03 -3.948529099999999875e-02 -4.039158000000000158e-03 9.992110730000000052e-01
1.702685659387165070e+09 -2.155635999999999837e-03 1.850789999999999944e-04 5.314533110000000393e-01 2.695749999999999796e-03 -4.187351100000000215e-02 -3.961443000000000256e-03 9.991114739999999994e-01
1.702685659970591307e+09 -2.634389999999999909e-03 1.811380000000000130e-04 5.380696649999999748e-01 1.025333999999999924e-03 -4.100068999999999936e-02 -2.821703000000000058e-03 9.991546270000000174e-01
1.702685660468537807e+09 -3.009186000000000066e-03 1.991919999999999997e-04 5.435140130000000180e-01 2.771178999999999917e-03 -4.232464400000000154e-02 -4.120216000000000330e-03 9.990915660000000420e-01
1.702685661056445837e+09 -3.325269000000000055e-03 2.022799999999999945e-04 5.500616430000000445e-01 2.010389999999999920e-03 -2.891806300000000080e-02 -3.907227999999999569e-03 9.995721579999999884e-01
1.702685661759333611e+09 -3.228945999999999900e-03 2.089039999999999907e-04 5.578669309999999548e-01 3.572940000000000144e-03 1.942769000000000006e-03 -4.194538999999999733e-03 9.999829529999999522e-01
1.702685662260206223e+09 -3.045645999999999944e-03 2.615620000000000141e-04 5.633680220000000238e-01 2.463028999999999826e-03 9.450171999999999739e-03 -5.438718000000000372e-03 9.999375339999999612e-01
1.702685662808195353e+09 -3.197558000000000084e-03 2.554699999999999918e-04 5.692930219999999819e-01 2.508812000000000021e-03 1.281940999999999983e-03 -4.810586000000000376e-03 9.999844430000000006e-01
1.702685663384271860e+09 -3.175541000000000041e-03 2.138150000000000120e-04 5.757042169999999626e-01 2.871597999999999946e-03 7.154229999999999704e-04 -5.425375999999999983e-03 9.999809269999999639e-01
1.702685664054702520e+09 -3.465526000000000023e-03 2.252499999999999999e-04 5.827148559999999478e-01 6.591169999999999711e-04 8.688440000000000182e-04 -6.178289000000000003e-03 9.999803299999999728e-01
1.702685664675540447e+09 -3.649668000000000009e-03 2.322120000000000054e-04 5.888326759999999993e-01 3.307081999999999817e-03 1.986673999999999905e-03 -5.753320000000000135e-03 9.999760389999999832e-01
1.702685665136919022e+09 -3.517456999999999875e-03 4.494440000000000154e-04 5.939179660000000194e-01 2.014767000000000207e-03 8.314652000000000501e-03 -5.229616000000000299e-03 9.999497529999999967e-01
1.702685666258227825e+09 -2.256657999999999928e-03 2.624799999999999941e-04 6.057349440000000529e-01 3.287309999999999885e-03 5.475597499999999840e-02 -3.711738999999999924e-03 9.984874729999999587e-01
1.702685666799828768e+09 -2.293289000000000005e-03 3.811989999999999801e-04 6.116779449999999452e-01 4.499719000000000114e-03 9.403988700000000256e-02 -3.681058999999999980e-03 9.955514669999999677e-01
1.702685667257343054e+09 -3.172590000000000197e-04 -1.682400000000000020e-05 6.163453460000000161e-01 2.478952999999999886e-03 1.078267170000000025e-01 -2.774981000000000149e-03 9.941627379999999903e-01
1.702685667882779837e+09 1.561843999999999949e-03 -6.017519999999999944e-04 6.224022510000000175e-01 4.081567000000000354e-03 1.325073690000000137e-01 -3.111303000000000159e-03 9.911687369999999664e-01
1.702685668464427710e+09 3.298049999999999853e-03 -7.229110000000000180e-04 6.283704639999999619e-01 1.372617000000000021e-03 1.374763850000000065e-01 -9.321190000000000248e-04 9.905036689999999755e-01
1.702685669004342318e+09 4.558012999999999648e-03 -1.618339000000000106e-03 6.334679130000000491e-01 -2.350997000000000069e-03 1.408748029999999929e-01 2.482419000000000032e-03 9.900215270000000123e-01
1.702685669379034996e+09 5.284480000000000254e-03 -1.490542000000000082e-03 6.374697089999999955e-01 -2.191474000000000113e-03 1.410498320000000139e-01 1.852850999999999977e-03 9.899983409999999484e-01
1.702685669755430937e+09 5.174996999999999757e-03 -1.742035999999999975e-03 6.408002969999999632e-01 -3.950442999999999663e-03 1.372669639999999913e-01 -2.411450000000000095e-04 9.905261990000000516e-01
1.702685670134689093e+09 4.805929999999999924e-03 -1.864704000000000014e-03 6.445420979999999522e-01 -4.391176999999999581e-03 1.320715990000000117e-01 -2.659864999999999972e-03 9.912269120000000155e-01
1.702685670502451181e+09 4.655709000000000063e-03 -1.619861000000000001e-03 6.468142869999999878e-01 -4.811929000000000380e-03 9.514542700000000464e-02 -2.295347000000000099e-03 9.954491260000000175e-01
1.702685671210899830e+09 5.020430000000000205e-03 -2.288361000000000041e-03 6.526703240000000239e-01 -7.336722000000000382e-03 2.083745000000000042e-02 -1.595430000000000004e-04 9.997559190000000484e-01
1.702685671668889761e+09 4.004650999999999697e-03 -2.953560000000000040e-03 6.552871470000000143e-01 -1.034956700000000049e-02 -1.991142499999999996e-02 -5.743200000000000171e-04 9.997479919999999742e-01
1.702685672046810150e+09 4.150502999999999831e-03 -2.811684999999999966e-03 6.586639290000000369e-01 -9.038571999999999926e-03 -5.557419699999999879e-02 -1.903942999999999955e-03 9.984118939999999665e-01
1.702685672462484121e+09 4.189899000000000401e-03 -2.266723999999999909e-03 6.626653080000000084e-01 -9.368589000000000083e-03 -9.479206099999999691e-02 -2.118397000000000162e-03 9.954507949999999994e-01
1.702685672833375931e+09 4.006196000000000063e-03 -2.042347999999999820e-03 6.651238800000000007e-01 -1.101207100000000001e-02 -1.169348959999999965e-01 -2.309081000000000154e-03 9.930758480000000388e-01
1.702685673212977886e+09 3.946266000000000357e-03 -1.973261000000000025e-03 6.673643590000000181e-01 -1.031907500000000047e-02 -1.368860899999999881e-01 -2.760470000000000111e-03 9.905292390000000058e-01
1.702685673545357466e+09 3.645245999999999990e-03 -2.151305999999999965e-03 6.692025069999999465e-01 -1.594208000000000083e-02 -1.507803950000000115e-01 -3.546001000000000014e-03 9.884324070000000129e-01
1.702685674624866247e+09 -2.375619999999999999e-04 -2.139586000000000179e-03 6.765657659999999574e-01 -1.555198900000000044e-02 -1.946002990000000044e-01 -3.523745999999999910e-03 9.807530049999999555e-01
1.702685675126675606e+09 -2.340794000000000208e-03 -1.673830999999999973e-03 6.797680849999999664e-01 -1.548470100000000002e-02 -2.112118450000000092e-01 -4.613370000000000318e-03 9.773067829999999567e-01
1.702685675335059881e+09 -2.837325999999999824e-03 -1.826090999999999956e-03 6.811869139999999767e-01 -1.621112200000000142e-02 -2.180047479999999982e-01 -4.506523000000000126e-03 9.758026600000000439e-01
1.702685675747794867e+09 -4.689477000000000055e-03 -1.597969999999999989e-03 6.836474540000000433e-01 -1.528146900000000065e-02 -2.309530529999999915e-01 -5.062798000000000298e-03 9.728317260000000077e-01
1.702685675998448133e+09 -5.758428999999999805e-03 -1.880919999999999901e-03 6.851700539999999728e-01 -1.768154300000000095e-02 -2.398683729999999958e-01 -4.245783999999999843e-03 9.706351159999999645e-01
1.702685676414435863e+09 -7.675175000000000226e-03 -1.797439999999999975e-03 6.875931020000000116e-01 -1.897082500000000019e-02 -2.549147010000000213e-01 -3.059170999999999852e-03 9.667726159999999735e-01
1.702685676671573162e+09 -8.716967000000000812e-03 -1.677473999999999979e-03 6.890900140000000285e-01 -1.852330400000000085e-02 -2.635537090000000249e-01 -3.710232999999999847e-03 9.644597769999999626e-01
1.702685676916038990e+09 -1.007083100000000057e-02 -1.332564999999999965e-03 6.907083990000000284e-01 -1.618154499999999857e-02 -2.747277020000000181e-01 -3.241229999999999892e-03 9.613804820000000362e-01
1.702685677166775465e+09 -1.110514999999999940e-02 -1.389611000000000015e-03 6.920347209999999638e-01 -1.799997899999999929e-02 -2.846394780000000013e-01 -3.961611999999999773e-03 9.584574700000000336e-01
1.702685677374229908e+09 -1.223491500000000072e-02 -1.232690000000000044e-03 6.933490039999999910e-01 -1.730941600000000108e-02 -2.921257019999999871e-01 -3.455965999999999986e-03 9.562170509999999846e-01
1.702685677832198858e+09 -1.447517400000000037e-02 -1.309133000000000085e-03 6.960670949999999690e-01 -1.602156600000000097e-02 -3.123891950000000084e-01 -3.057409999999999989e-03 9.498142000000000529e-01
1.702685678081158876e+09 -1.581133900000000064e-02 -1.138555000000000079e-03 6.975908880000000201e-01 -1.467746500000000065e-02 -3.215506670000000122e-01 -2.538709000000000104e-03 9.467752579999999529e-01
1.702685678620971680e+09 -1.862941699999999881e-02 -1.279020999999999977e-03 7.006311419999999845e-01 -1.653175600000000162e-02 -3.449398280000000039e-01 -2.505993000000000196e-03 9.384759070000000536e-01
1.702685678872010946e+09 -1.998627199999999937e-02 -1.189785999999999969e-03 7.019604440000000167e-01 -1.648966799999999899e-02 -3.575309509999999857e-01 -2.053528000000000211e-03 9.337534309999999671e-01
1.702685679121166229e+09 -2.150721099999999830e-02 -8.777569999999999513e-04 7.037246230000000491e-01 -1.610131199999999957e-02 -3.712934849999999787e-01 -8.712579999999999717e-04 9.283756020000000220e-01
1.702685679412127256e+09 -2.321291699999999958e-02 -9.702719999999999964e-04 7.051160929999999993e-01 -1.574149199999999929e-02 -3.848338430000000088e-01 -1.499291000000000035e-03 9.228504299999999994e-01
1.702685679999727249e+09 -2.679970900000000142e-02 -7.834339999999999533e-04 7.081550359999999600e-01 -1.934949500000000128e-02 -4.151104389999999977e-01 -1.747152999999999987e-03 9.095635410000000309e-01
1.702685680286627531e+09 -2.870532900000000165e-02 -6.928900000000000423e-04 7.095141409999999871e-01 -1.888451400000000155e-02 -4.294419589999999842e-01 -2.511069999999999795e-03 9.028934840000000239e-01
1.702685680575697660e+09 -3.059279900000000038e-02 -6.144479999999999690e-04 7.106521730000000536e-01 -1.811622499999999969e-02 -4.485270679999999732e-01 -1.626024000000000002e-03 8.935841319999999754e-01
1.702685680912047863e+09 -3.288324200000000003e-02 -5.921900000000000341e-04 7.120527030000000090e-01 -1.995507399999999973e-02 -4.706481989999999893e-01 -2.303341999999999890e-03 8.820922369999999457e-01
1.702685681203169584e+09 -3.470855999999999941e-02 -6.277630000000000406e-04 7.131084800000000445e-01 -2.010505500000000015e-02 -4.893163440000000142e-01 -1.060285000000000004e-03 8.718739749999999677e-01
1.702685681457685709e+09 -3.644880699999999973e-02 -4.308790000000000059e-04 7.140439149999999735e-01 -1.888108100000000095e-02 -5.056980250000000510e-01 -2.664300000000000088e-04 8.625039460000000213e-01
1.702685681750439882e+09 -3.830927600000000322e-02 -5.509929999999999472e-04 7.146339419999999665e-01 -1.900451599999999908e-02 -5.290322899999999606e-01 4.862560000000000146e-04 8.483887909999999755e-01
1.702685682034251451e+09 -4.049074600000000107e-02 -3.381810000000000068e-04 7.154858109999999716e-01 -1.915510900000000002e-02 -5.502699020000000329e-01 2.046988000000000019e-03 8.347645999999999677e-01
1.702685682367732525e+09 -4.280951599999999885e-02 -2.799170000000000239e-04 7.162090540000000116e-01 -1.952953600000000012e-02 -5.772740240000000522e-01 1.918552000000000018e-03 8.163146970000000335e-01
1.702685682659747362e+09 -4.468503599999999742e-02 -3.518579999999999776e-04 7.165400979999999587e-01 -1.961921299999999993e-02 -5.940966610000000259e-01 3.210365000000000180e-03 8.041479590000000233e-01
1.702685683034962654e+09 -4.753833999999999838e-02 -2.089679999999999955e-04 7.170842889999999858e-01 -1.877206600000000045e-02 -6.239632370000000039e-01 3.900275999999999830e-03 7.812184100000000297e-01
1.702685683366613865e+09 -5.004352299999999948e-02 -8.700600000000000011e-05 7.171388859999999754e-01 -1.882924500000000140e-02 -6.465513710000000414e-01 4.892984999999999869e-03 7.626223559999999457e-01
1.702685683659472704e+09 -5.185836600000000296e-02 -3.397699999999999673e-05 7.172397379999999600e-01 -1.886507899999999988e-02 -6.627605559999999452e-01 4.801516999999999938e-03 7.485783099999999690e-01
1.702685683950877190e+09 -5.315500499999999823e-02 1.002000000000000105e-06 7.171931270000000413e-01 -1.894813799999999979e-02 -6.770541070000000161e-01 5.216178999999999608e-03 7.356708050000000387e-01
1.702685684241957903e+09 -5.485755199999999693e-02 3.528199999999999864e-05 7.174355390000000110e-01 -1.973063300000000089e-02 -6.816412210000000194e-01 4.722610000000000349e-03 7.314052580000000026e-01
1.702685684531561136e+09 -5.689191799999999966e-02 1.396849999999999882e-04 7.176807520000000329e-01 -1.906136400000000078e-02 -6.701848510000000259e-01 4.219627000000000100e-03 7.419373989999999974e-01
1.702685684868794918e+09 -5.917727899999999930e-02 2.073119999999999965e-04 7.180476190000000258e-01 -1.888497700000000071e-02 -6.589955690000000033e-01 3.307481000000000136e-03 7.519024610000000219e-01
1.702685685284729719e+09 -6.251978900000000616e-02 2.884399999999999963e-04 7.183131579999999516e-01 -2.023287500000000086e-02 -6.732129449999999515e-01 4.159887999999999607e-03 7.391601800000000555e-01
1.702685685698472261e+09 -6.575351999999999586e-02 2.887209999999999755e-04 7.183045740000000290e-01 -1.922554699999999908e-02 -6.867109540000000401e-01 3.985597999999999919e-03 7.266653779999999729e-01
1.702685686118095875e+09 -6.915175899999999320e-02 4.850310000000000255e-04 7.183355689999999516e-01 -1.812802999999999984e-02 -7.000547649999999678e-01 5.420036999999999945e-03 7.138384580000000090e-01
1.702685686574357033e+09 -7.270526900000000292e-02 4.685930000000000043e-04 7.186068300000000297e-01 -1.873374400000000009e-02 -6.860202549999999677e-01 3.912190000000000285e-03 7.273307439999999735e-01
1.702685686946999311e+09 -7.572889300000000545e-02 5.889719999999999981e-04 7.186981439999999832e-01 -1.724449200000000015e-02 -6.923332810000000226e-01 4.304775000000000268e-03 7.213588950000000555e-01
1.702685687321664333e+09 -7.865917699999999679e-02 5.827399999999999941e-04 7.187533379999999639e-01 -1.857266800000000051e-02 -6.885435580000000000e-01 2.222666999999999785e-03 7.249537109999999451e-01
1.702685687738965511e+09 -8.205014500000000488e-02 7.991600000000000396e-04 7.189185019999999593e-01 -1.702809699999999898e-02 -6.923047300000000348e-01 3.364342000000000200e-03 7.213964459999999690e-01
1.702685688114614487e+09 -8.490806800000000321e-02 8.496169999999999937e-04 7.189123630000000542e-01 -1.649679999999999896e-02 -7.022095919999999936e-01 3.805777000000000205e-03 7.117689849999999652e-01
1.702685688445048571e+09 -8.754223599999999550e-02 8.635729999999999665e-04 7.192319040000000330e-01 -1.645060300000000114e-02 -6.903949980000000375e-01 4.572587999999999826e-03 7.232310770000000000e-01
1.702685688864605188e+09 -9.080117899999999576e-02 8.611989999999999923e-04 7.193757889999999877e-01 -1.736756799999999989e-02 -6.825699809999999923e-01 3.398174999999999807e-03 7.306059599999999987e-01
1.702685689236540079e+09 -9.364056599999999453e-02 9.017470000000000520e-04 7.197716830000000510e-01 -1.639473099999999919e-02 -6.725968719999999568e-01 6.208327999999999937e-03 7.398014659999999632e-01
1.702685689570267916e+09 -9.631311900000000259e-02 1.008673999999999986e-03 7.200366259999999574e-01 -1.562376000000000043e-02 -6.670060159999999794e-01 5.241922999999999895e-03 7.448701260000000213e-01
1.702685689948168516e+09 -9.935182300000000577e-02 1.069817000000000034e-03 7.204413410000000129e-01 -1.764883100000000024e-02 -6.656327250000000362e-01 4.190954000000000207e-03 7.460590000000000277e-01
1.702685690401658773e+09 -1.031061409999999984e-01 1.146452999999999969e-03 7.208381299999999658e-01 -1.837497199999999983e-02 -6.661422849999999451e-01 2.673831000000000211e-03 7.455935479999999949e-01
1.702685690775869370e+09 -1.059308649999999991e-01 1.241326000000000061e-03 7.210237379999999696e-01 -1.783606199999999975e-02 -6.715502740000000026e-01 3.233173000000000210e-03 7.407372589999999812e-01
1.702685691192471504e+09 -1.091926690000000061e-01 1.342780999999999923e-03 7.214403150000000542e-01 -1.771317400000000167e-02 -6.703882220000000336e-01 3.298215000000000174e-03 7.417917849999999813e-01
1.702685691651116848e+09 -1.127886179999999933e-01 1.401401999999999943e-03 7.217702870000000104e-01 -1.693029500000000145e-02 -6.727302670000000484e-01 2.910559000000000063e-03 7.396883960000000258e-01
1.702685692110558271e+09 -1.163506509999999994e-01 1.452914999999999936e-03 7.220774290000000484e-01 -1.767122700000000116e-02 -6.664010879999999748e-01 3.199574000000000168e-03 7.453771829999999987e-01
1.702685692484360218e+09 -1.192516980000000032e-01 1.508117999999999915e-03 7.224165799999999749e-01 -1.678307199999999957e-02 -6.627797479999999464e-01 4.424538000000000429e-03 7.486132380000000142e-01
1.702685692942384481e+09 -1.226642730000000042e-01 1.577990000000000035e-03 7.229500410000000432e-01 -1.577326800000000001e-02 -6.532284619999999542e-01 4.735482000000000059e-03 7.569817300000000193e-01
1.702685693358151197e+09 -1.259025039999999984e-01 1.719395000000000081e-03 7.234348059999999858e-01 -1.648249800000000168e-02 -6.425344349999999594e-01 3.765435000000000136e-03 7.660703060000000342e-01
1.702685693899013519e+09 -1.301119920000000096e-01 1.814417999999999934e-03 7.243409159999999458e-01 -1.638285600000000120e-02 -6.348990799999999490e-01 3.390010000000000159e-03 7.724139089999999541e-01
1.702685694398394585e+09 -1.339918380000000020e-01 1.879934999999999896e-03 7.251543999999999768e-01 -1.764317199999999863e-02 -6.250672940000000510e-01 2.528303999999999881e-03 7.803673150000000058e-01
1.702685694817025423e+09 -1.369917089999999893e-01 2.043554999999999851e-03 7.261806130000000303e-01 -1.844563100000000053e-02 -6.098942760000000129e-01 1.184710000000000060e-03 7.922672029999999754e-01
1.702685695315122366e+09 -1.406736080000000055e-01 2.057517999999999934e-03 7.273223399999999561e-01 -1.828400599999999848e-02 -5.904446840000000529e-01 2.014162999999999804e-03 8.068684940000000472e-01
1.702685695815508842e+09 -1.442075969999999929e-01 2.026229000000000051e-03 7.288335559999999935e-01 -1.835006499999999874e-02 -5.641404389999999935e-01 5.431719999999999691e-04 8.254747390000000129e-01
1.702685696272142410e+09 -1.473746900000000026e-01 2.235322999999999997e-03 7.305312160000000388e-01 -1.755362200000000136e-02 -5.464894769999999458e-01 1.423500000000000069e-03 8.372808099999999865e-01
1.702685696771226883e+09 -1.508954170000000039e-01 2.393268000000000045e-03 7.321184870000000400e-01 -1.611015000000000016e-02 -5.264791250000000478e-01 3.084556000000000017e-03 8.500298259999999884e-01
1.702685697106839657e+09 -1.529906239999999917e-01 2.422589000000000166e-03 7.332138419999999490e-01 -1.621469999999999856e-02 -5.213459729999999626e-01 2.191306000000000070e-03 8.531885150000000362e-01
1.702685697396963358e+09 -1.549612129999999866e-01 2.541476999999999885e-03 7.343558070000000271e-01 -1.746523800000000098e-02 -5.225166679999999619e-01 1.671575999999999921e-03 8.524485229999999580e-01
1.702685697688657045e+09 -1.568801109999999888e-01 2.377567000000000135e-03 7.352023720000000484e-01 -1.709008199999999950e-02 -5.244270559999999470e-01 1.821862999999999955e-03 8.512818810000000180e-01
1.702685698022939920e+09 -1.591219309999999942e-01 2.518394000000000188e-03 7.363040450000000181e-01 -1.769263299999999928e-02 -5.307836529999999664e-01 2.127842000000000015e-03 8.473200199999999516e-01
1.702685698311226130e+09 -1.610775289999999971e-01 2.283274999999999975e-03 7.373201849999999613e-01 -2.030028199999999935e-02 -5.399573450000000330e-01 6.512269999999999908e-04 8.414472939999999568e-01
1.702685698647145033e+09 -1.632953580000000016e-01 2.103508000000000027e-03 7.382858989999999677e-01 -2.053565200000000146e-02 -5.432313680000000478e-01 -1.584001999999999936e-03 8.393303749999999619e-01
1.702685698982068777e+09 -1.656488329999999953e-01 2.129016999999999975e-03 7.392410040000000349e-01 -2.015522900000000020e-02 -5.413390989999999903e-01 -2.753441000000000135e-03 8.405582900000000413e-01
1.702685699271326542e+09 -1.672434359999999953e-01 2.270513999999999952e-03 7.405095099999999819e-01 -2.059012799999999921e-02 -5.396497249999999690e-01 -3.365648000000000164e-03 8.416311739999999819e-01
1.702685699687051773e+09 -1.703922750000000097e-01 2.357558999999999957e-03 7.417420150000000323e-01 -2.161496300000000093e-02 -5.357988479999999942e-01 -4.014946999999999613e-03 8.440594080000000110e-01
1.702685700060967922e+09 -1.728867739999999931e-01 2.378017999999999972e-03 7.428494100000000433e-01 -2.062111200000000047e-02 -5.206620100000000084e-01 -3.965973000000000241e-03 8.535045980000000032e-01
1.702685700354837179e+09 -1.747647230000000107e-01 2.469287000000000131e-03 7.439014910000000258e-01 -2.053336199999999945e-02 -5.102084879999999600e-01 -5.314183000000000101e-03 8.597891330000000387e-01
1.702685700645299435e+09 -1.765511630000000109e-01 2.538046999999999873e-03 7.449434999999999807e-01 -1.999159199999999900e-02 -4.979670350000000023e-01 -4.604679000000000411e-03 8.669533130000000032e-01
1.702685700979442835e+09 -1.785444320000000029e-01 2.601533000000000057e-03 7.463779449999999871e-01 -1.919425699999999929e-02 -4.828264420000000223e-01 -4.152658000000000044e-03 8.754959110000000155e-01
1.702685701309784651e+09 -1.804338990000000087e-01 1.968946000000000064e-03 7.473094460000000439e-01 -2.119244400000000125e-02 -4.656759200000000209e-01 -7.513002999999999869e-03 8.846696619999999678e-01
1.702685701602349997e+09 -1.823254229999999865e-01 1.392128000000000072e-03 7.476416830000000013e-01 -2.496533700000000064e-02 -4.439063670000000239e-01 -1.427894000000000038e-02 8.956115249999999639e-01
1.702685701895407200e+09 -1.841954440000000137e-01 1.161296000000000030e-03 7.486182449999999600e-01 -2.623022499999999937e-02 -4.264046850000000055e-01 -1.778253499999999862e-02 9.039772149999999451e-01
1.702685702183416367e+09 -1.854263539999999877e-01 1.094813000000000036e-03 7.497017379999999509e-01 -2.638196900000000164e-02 -4.107895790000000158e-01 -1.991260799999999831e-02 9.111309050000000465e-01
1.702685702392269611e+09 -1.862610279999999952e-01 9.529119999999999865e-04 7.506736520000000246e-01 -2.708811300000000047e-02 -3.987084029999999890e-01 -2.004659199999999850e-02 9.164583680000000232e-01
1.702685702641271114e+09 -1.872988939999999936e-01 7.449590000000000075e-04 7.509005069999999948e-01 -2.749947599999999839e-02 -3.801923689999999745e-01 -2.217880100000000146e-02 9.242324830000000491e-01
1.702685702898686409e+09 -1.878717839999999861e-01 6.312359999999999716e-04 7.513060569999999716e-01 -3.064229499999999995e-02 -3.660367130000000135e-01 -2.315836199999999831e-02 9.298074250000000207e-01
1.702685703183955669e+09 -1.889165040000000129e-01 6.453119999999999907e-04 7.523458600000000329e-01 -2.966107200000000013e-02 -3.480057719999999910e-01 -2.482238000000000153e-02 9.366942050000000020e-01
1.702685703433811188e+09 -1.895764620000000011e-01 4.796930000000000031e-04 7.533916229999999548e-01 -3.060110499999999997e-02 -3.335058989999999945e-01 -2.507956299999999916e-02 9.419174190000000335e-01
1.702685703682629108e+09 -1.903483270000000116e-01 7.345119999999999904e-04 7.546189429999999865e-01 -2.844434800000000124e-02 -3.101369139999999858e-01 -2.475835800000000114e-02 9.499437210000000187e-01
1.702685703974949837e+09 -1.911735529999999961e-01 8.476259999999999784e-04 7.560608389999999845e-01 -2.809396800000000041e-02 -2.829650939999999726e-01 -2.592120900000000061e-02 9.583681819999999574e-01
1.702685704264459848e+09 -1.918728199999999995e-01 9.567959999999999920e-04 7.576010819999999812e-01 -2.757262400000000044e-02 -2.579106389999999971e-01 -2.775703200000000093e-02 9.653763180000000110e-01
1.702685704521129847e+09 -1.925183530000000032e-01 1.053206000000000107e-03 7.588081960000000459e-01 -2.719979399999999936e-02 -2.411596030000000002e-01 -2.858668400000000109e-02 9.696829919999999658e-01
1.702685704813094854e+09 -1.932052079999999894e-01 1.129533000000000056e-03 7.602571249999999781e-01 -2.742179900000000017e-02 -2.313355950000000050e-01 -2.885173300000000093e-02 9.720594289999999749e-01
1.702685705098992825e+09 -1.938677279999999892e-01 1.259034000000000021e-03 7.615855929999999496e-01 -2.650749700000000139e-02 -2.243540729999999872e-01 -2.933995199999999900e-02 9.737051730000000349e-01
1.702685705388467312e+09 -1.944313350000000107e-01 1.355001999999999899e-03 7.629675270000000342e-01 -2.482625999999999930e-02 -2.161396740000000039e-01 -2.775022400000000042e-02 9.756522180000000155e-01
1.702685705681631804e+09 -1.951378729999999895e-01 1.462715999999999973e-03 7.644543050000000006e-01 -2.695049899999999929e-02 -2.093783019999999884e-01 -2.822554899999999908e-02 9.770556689999999600e-01
1.702685705971583843e+09 -1.956714539999999947e-01 1.616370999999999910e-03 7.659398320000000426e-01 -2.899343000000000059e-02 -2.084372339999999990e-01 -2.638687400000000113e-02 9.772497420000000323e-01
1.702685706222536802e+09 -1.961214840000000126e-01 1.661134999999999999e-03 7.672464850000000336e-01 -3.085411500000000140e-02 -2.098892629999999926e-01 -2.414076600000000100e-02 9.769399760000000432e-01
1.702685706514899492e+09 -1.967995909999999959e-01 1.821218000000000099e-03 7.687674759999999496e-01 -3.289679799999999793e-02 -2.011684330000000076e-01 -2.241697299999999976e-02 9.787474269999999477e-01
1.702685706848159790e+09 -1.975453789999999932e-01 1.951278999999999991e-03 7.703185679999999813e-01 -3.174343300000000145e-02 -2.008705739999999962e-01 -2.908542799999999998e-02 9.786712530000000188e-01
1.702685707180840254e+09 -1.985114070000000008e-01 2.046103999999999978e-03 7.718138690000000413e-01 -2.670305799999999827e-02 -2.045571949999999972e-01 -3.956168899999999711e-02 9.776902200000000542e-01
1.702685707471376181e+09 -1.991876959999999974e-01 2.121987000000000092e-03 7.731344700000000181e-01 -2.450111099999999903e-02 -2.208461909999999973e-01 -3.691651700000000286e-02 9.743016960000000504e-01
1.702685707803913832e+09 -1.998564750000000056e-01 2.146905000000000167e-03 7.744013669999999516e-01 -1.630996399999999971e-02 -2.360899599999999876e-01 -3.191527000000000253e-02 9.710699919999999929e-01
1.702685708170961142e+09 -2.003147010000000117e-01 2.192022000000000068e-03 7.755684849999999741e-01 -1.122281999999999967e-02 -2.271090450000000094e-01 -2.774236399999999853e-02 9.734094140000000284e-01
1.702685708554940224e+09 -2.012340870000000059e-01 2.243099000000000134e-03 7.776231770000000543e-01 -1.565736499999999948e-02 -2.010440679999999924e-01 -3.224282299999999685e-02 9.789262410000000303e-01
1.702685708927585125e+09 -2.019049079999999941e-01 2.276452999999999897e-03 7.794573900000000277e-01 -1.761021800000000040e-02 -1.795513930000000036e-01 -3.504201800000000117e-02 9.829665419999999987e-01
1.702685709760934353e+09 -2.028092149999999871e-01 2.549719000000000204e-03 7.838559750000000381e-01 -1.771386000000000141e-02 -1.341188399999999892e-01 -3.300147500000000234e-02 9.902572039999999465e-01
1.702685710093581676e+09 -2.032277289999999959e-01 2.631011999999999847e-03 7.856512070000000181e-01 -2.070180900000000157e-02 -1.146278750000000041e-01 -3.443479499999999721e-02 9.925956729999999562e-01
1.702685710510644674e+09 -2.036262299999999914e-01 2.813294999999999945e-03 7.879120710000000471e-01 -2.233071299999999856e-02 -9.366318599999999550e-02 -3.593290200000000267e-02 9.947047230000000129e-01
1.702685710883870363e+09 -2.040268480000000106e-01 2.884830000000000120e-03 7.898372409999999677e-01 -2.176224100000000161e-02 -7.291975600000000224e-02 -3.632588300000000325e-02 9.964384440000000343e-01
1.702685711301374674e+09 -2.040259540000000094e-01 3.026200000000000157e-03 7.919883130000000548e-01 -2.063090899999999936e-02 -5.648517599999999805e-02 -3.645870799999999939e-02 9.975242020000000265e-01
1.702685711716917753e+09 -2.042828800000000000e-01 3.162746000000000134e-03 7.941672210000000343e-01 -2.093122500000000122e-02 -3.432995099999999744e-02 -3.780401099999999848e-02 9.984759690000000187e-01
1.702685712091021776e+09 -2.043347510000000089e-01 3.180435000000000120e-03 7.960889340000000258e-01 -1.747460299999999828e-02 -1.519729199999999940e-02 -3.733914700000000308e-02 9.990342859999999936e-01
1.702685712466180801e+09 -2.043380589999999886e-01 3.205710999999999977e-03 7.979545590000000077e-01 -1.757023500000000002e-02 2.017867999999999919e-03 -3.861333100000000074e-02 9.990977049999999471e-01
1.702685712927231312e+09 -2.044231890000000051e-01 3.242650000000000133e-03 8.002927300000000077e-01 -1.748958399999999899e-02 -1.038732300000000039e-02 -3.883563400000000082e-02 9.990385769999999832e-01
1.702685713472929239e+09 -2.046895770000000114e-01 3.403469000000000112e-03 8.030496839999999859e-01 -1.749878599999999881e-02 -3.571710399999999952e-02 -3.801558199999999915e-02 9.984853270000000336e-01
1.702685713841549158e+09 -2.049151810000000018e-01 3.495048000000000165e-03 8.049802780000000491e-01 -1.805141600000000068e-02 -4.993845899999999755e-02 -3.769182000000000088e-02 9.978775380000000084e-01
1.702685714300767183e+09 -2.052105220000000063e-01 3.529321000000000194e-03 8.072686199999999923e-01 -1.878144400000000130e-02 -5.043298000000000225e-02 -3.718418600000000102e-02 9.978582860000000387e-01
1.702685714757365942e+09 -2.054208519999999871e-01 3.668049000000000049e-03 8.095741269999999767e-01 -1.971757000000000024e-02 -4.611964500000000078e-02 -3.798373000000000027e-02 9.980188009999999554e-01
1.702685715213998556e+09 -2.056846920000000023e-01 3.784432999999999808e-03 8.118950129999999987e-01 -1.906996000000000038e-02 -4.466511299999999934e-02 -3.776594999999999952e-02 9.981057639999999509e-01
1.702685715755959272e+09 -2.058973159999999969e-01 3.896951000000000061e-03 8.146540519999999619e-01 -1.872024499999999994e-02 -3.949420499999999751e-02 -3.762073099999999753e-02 9.983358380000000309e-01
1.702685716256398439e+09 -2.060509319999999922e-01 4.028338999999999705e-03 8.171601889999999813e-01 -1.920153000000000137e-02 -3.083998699999999926e-02 -3.843179299999999882e-02 9.986006020000000039e-01
1.702685716712780714e+09 -2.061877099999999963e-01 4.126826000000000105e-03 8.194642070000000000e-01 -1.804215299999999828e-02 -2.033756299999999947e-02 -3.797990799999999972e-02 9.989086390000000426e-01
1.702685717171774864e+09 -2.062625740000000041e-01 4.210715999999999765e-03 8.218021989999999555e-01 -1.739489699999999944e-02 -1.340733700000000007e-02 -3.767977699999999763e-02 9.990485310000000174e-01
1.702685717629299164e+09 -2.062698900000000113e-01 4.289379000000000282e-03 8.241268990000000239e-01 -1.866288699999999953e-02 -5.729739999999999660e-04 -3.865177899999999722e-02 9.990782740000000439e-01
1.702685718129030943e+09 -2.061802000000000079e-01 4.361923999999999663e-03 8.265969749999999561e-01 -1.674493999999999982e-02 8.085046999999999720e-03 -3.818272400000000122e-02 9.990977640000000548e-01
1.702685718628133774e+09 -2.060060200000000119e-01 4.465549000000000081e-03 8.291398290000000504e-01 -1.559366099999999998e-02 2.491164200000000120e-02 -3.855014200000000252e-02 9.988244179999999917e-01
1.702685719129088879e+09 -2.058007570000000008e-01 4.526233999999999640e-03 8.315864800000000168e-01 -1.519090700000000002e-02 3.234626399999999957e-02 -3.928118600000000266e-02 9.985889789999999877e-01
1.702685719672761679e+09 -2.055994869999999974e-01 4.616058999999999614e-03 8.342324500000000143e-01 -1.382821099999999997e-02 3.882389499999999716e-02 -3.939289199999999880e-02 9.983735679999999890e-01
1.702685720178741932e+09 -2.054000940000000053e-01 4.656277999999999806e-03 8.366888759999999703e-01 -1.416882300000000053e-02 3.921476000000000128e-02 -3.891028500000000279e-02 9.983724360000000297e-01
1.702685720710802794e+09 -2.053102699999999892e-01 4.744693000000000348e-03 8.393862250000000413e-01 -1.426571299999999931e-02 3.120873700000000028e-02 -3.909311399999999825e-02 9.986462000000000394e-01
1.702685721166574240e+09 -2.051846979999999987e-01 4.830039000000000381e-03 8.416938189999999542e-01 -1.528601199999999986e-02 1.602657299999999882e-02 -3.828756099999999774e-02 9.990212920000000052e-01
1.702685721754050016e+09 -2.051132169999999866e-01 4.877718999999999978e-03 8.443598150000000135e-01 -1.463656800000000084e-02 2.034290700000000035e-02 -3.757454100000000297e-02 9.989795679999999845e-01
1.702685722334813833e+09 -2.048069540000000133e-01 4.966589000000000420e-03 8.472651239999999806e-01 -1.611957300000000162e-02 4.593013199999999852e-02 -3.945341000000000126e-02 9.980350730000000503e-01
1.702685722792581081e+09 -2.044067380000000045e-01 5.047806999999999641e-03 8.495364189999999871e-01 -1.463213099999999961e-02 6.556686800000000037e-02 -3.988323399999999658e-02 9.969434740000000517e-01
1.702685723289391279e+09 -2.039895800000000037e-01 5.121118000000000024e-03 8.519647120000000129e-01 -1.397309499999999961e-02 7.919295899999999333e-02 -4.038838699999999782e-02 9.959427709999999490e-01
1.702685723748610735e+09 -2.036003170000000029e-01 5.174660999999999671e-03 8.541716929999999541e-01 -1.483540000000000032e-02 8.639404200000000422e-02 -4.007974999999999732e-02 9.953439830000000432e-01
1.702685724206688166e+09 -2.031569330000000118e-01 5.194945000000000292e-03 8.563880320000000212e-01 -1.318806699999999950e-02 8.837217099999999936e-02 -3.988906400000000185e-02 9.952011699999999683e-01
1.702685724664090395e+09 -2.027956099999999873e-01 5.274548000000000431e-03 8.586189749999999510e-01 -1.291468900000000003e-02 8.633964500000000653e-02 -3.923764799999999997e-02 9.954090119999999819e-01
1.702685725207296848e+09 -2.022288289999999988e-01 5.311635999999999788e-03 8.612707849999999832e-01 -1.248014100000000015e-02 1.066480429999999979e-01 -4.040578799999999804e-02 9.933971169999999962e-01
1.702685725662608385e+09 -2.015894649999999955e-01 5.301229000000000184e-03 8.633469339999999548e-01 -1.126073799999999930e-02 1.255722340000000048e-01 -4.039346800000000182e-02 9.911978240000000051e-01
1.702685726210716963e+09 -2.007967380000000024e-01 5.286393000000000342e-03 8.658829930000000452e-01 -9.527100999999999625e-03 1.462571920000000081e-01 -4.102148099999999853e-02 9.883497949999999754e-01
1.702685726744611979e+09 -2.000556589999999968e-01 5.322114999999999659e-03 8.683623670000000239e-01 -8.344084999999999350e-03 1.505691710000000016e-01 -4.014141499999999974e-02 9.877489210000000019e-01
1.702685727203282595e+09 -1.994435790000000097e-01 5.316742000000000169e-03 8.705821630000000200e-01 -9.367439999999999448e-03 1.355599459999999867e-01 -3.965754800000000080e-02 9.899308679999999638e-01
1.702685727703210592e+09 -1.988523160000000012e-01 5.314486000000000210e-03 8.729983569999999471e-01 -1.072043699999999933e-02 1.337938760000000060e-01 -4.013049199999999678e-02 9.901382920000000309e-01
1.702685728162076712e+09 -1.984196310000000130e-01 5.371235000000000245e-03 8.752267360000000052e-01 -1.209605799999999981e-02 1.110367919999999953e-01 -4.017155599999999716e-02 9.929304119999999845e-01
1.702685728660964489e+09 -1.980750410000000072e-01 5.421740999999999887e-03 8.777088520000000393e-01 -1.426381200000000071e-02 8.796166599999999391e-02 -3.940292100000000047e-02 9.952420589999999567e-01
1.702685729201065063e+09 -1.978148670000000053e-01 5.498092999999999904e-03 8.803761009999999665e-01 -1.438058700000000023e-02 6.426551899999999318e-02 -3.824583399999999939e-02 9.970960020000000368e-01
1.702685729867430210e+09 -1.975446050000000120e-01 5.605213000000000383e-03 8.836070900000000394e-01 -1.711642000000000025e-02 3.394686799999999810e-02 -3.820414800000000027e-02 9.985464809999999858e-01
1.702685730579492807e+09 -1.974934939999999917e-01 5.759796999999999660e-03 8.871207239999999716e-01 -1.605493399999999987e-02 1.807692500000000063e-02 -3.673160100000000261e-02 9.990326760000000084e-01
1.702685731117396593e+09 -1.973452420000000040e-01 5.805468000000000260e-03 8.898020389999999891e-01 -1.675752599999999828e-02 2.303882299999999994e-02 -3.769509100000000001e-02 9.988831280000000090e-01
1.702685731740818024e+09 -1.972721520000000062e-01 5.880437999999999985e-03 8.929344420000000504e-01 -1.811297200000000149e-02 9.861630999999999175e-03 -3.777945399999999704e-02 9.990732669999999871e-01
1.702685732411178589e+09 -1.972672189999999937e-01 6.069131999999999652e-03 8.961668609999999813e-01 -1.694675899999999874e-02 9.512523000000000159e-03 -3.738980699999999713e-02 9.991117720000000091e-01
1.702685732990283728e+09 -1.974074540000000100e-01 6.082235000000000072e-03 8.989636300000000135e-01 -1.797037599999999971e-02 8.423817000000000110e-03 -3.813118499999999800e-02 9.990756509999999535e-01
1.702685733489068508e+09 -1.973753870000000132e-01 6.190280999999999735e-03 9.013544319999999832e-01 -1.761986899999999981e-02 -6.108220000000000142e-04 -3.768990199999999735e-02 9.991339449999999678e-01
1.702685734032124043e+09 -1.973029380000000110e-01 6.230575999999999823e-03 9.040259120000000426e-01 -1.963730500000000073e-02 -1.197915700000000069e-02 -3.817735600000000257e-02 9.990062119999999490e-01
1.702685734538899183e+09 -1.972774419999999973e-01 6.451169999999999995e-03 9.064697029999999600e-01 -2.018835000000000074e-02 3.861787000000000206e-03 -3.818659900000000162e-02 9.990592000000000361e-01
1.702685735113826990e+09 -1.964847449999999884e-01 6.510959000000000191e-03 9.093742970000000536e-01 -1.766860500000000042e-02 1.661534400000000064e-02 -3.752694699999999800e-02 9.990012649999999716e-01
1.702685735782712221e+09 -1.963930580000000092e-01 6.624530000000000002e-03 9.126003379999999554e-01 -1.813823499999999908e-02 1.650432099999999888e-02 -3.816837800000000280e-02 9.989703890000000142e-01
1.702685736448421478e+09 -1.964998249999999891e-01 6.757080999999999851e-03 9.157952070000000555e-01 -1.754519200000000112e-02 1.638792500000000110e-02 -3.765536500000000314e-02 9.990023369999999625e-01
1.702685736945061922e+09 -1.964352430000000094e-01 6.789612999999999898e-03 9.182202820000000543e-01 -1.841082200000000030e-02 1.679907200000000170e-02 -3.815906499999999896e-02 9.989608530000000375e-01
1.702685737444805622e+09 -1.967962530000000043e-01 6.838343000000000199e-03 9.207360740000000154e-01 -1.861732500000000054e-02 1.648555700000000138e-02 -3.847920500000000243e-02 9.989499450000000058e-01
1.702685738068844318e+09 -1.968783739999999949e-01 6.968097000000000353e-03 9.237563610000000258e-01 -1.817902700000000038e-02 1.716878999999999975e-02 -3.815186000000000272e-02 9.989590640000000077e-01
1.702685738653095961e+09 -1.968598219999999899e-01 7.015058000000000231e-03 9.265282750000000123e-01 -1.791005400000000164e-02 1.836239699999999905e-02 -3.800816499999999654e-02 9.989481569999999477e-01
1.702685739193693161e+09 -1.968389449999999874e-01 7.088487000000000086e-03 9.291581509999999877e-01 -1.898103199999999838e-02 1.872332200000000058e-02 -3.849127100000000051e-02 9.989032150000000110e-01
1.702685739692096472e+09 -1.966271699999999900e-01 7.240980999999999633e-03 9.315620660000000219e-01 -1.975509900000000166e-02 1.902389700000000142e-02 -3.818503399999999964e-02 9.988942739999999709e-01
1.702685740361387730e+09 -1.968323889999999965e-01 7.389673999999999722e-03 9.347830409999999812e-01 -2.141076700000000069e-02 1.877533500000000063e-02 -3.868539599999999690e-02 9.988456369999999529e-01
1.702685740858896017e+09 -1.967845109999999953e-01 7.423698000000000276e-03 9.371589420000000503e-01 -2.079153400000000040e-02 1.820246299999999859e-02 -3.891330199999999684e-02 9.988604189999999994e-01
1.702685741274576187e+09 -1.966709789999999958e-01 7.526175999999999873e-03 9.391999239999999638e-01 -2.068798800000000090e-02 1.041900299999999960e-02 -3.742897099999999838e-02 9.990308279999999819e-01
1.702685741733357668e+09 -1.965296420000000044e-01 7.561659000000000089e-03 9.413915870000000297e-01 -2.089607900000000143e-02 3.706591999999999873e-03 -3.725964899999999885e-02 9.990803000000000322e-01
1.702685742190773964e+09 -1.963064670000000123e-01 7.612998000000000161e-03 9.435520170000000206e-01 -1.741190100000000046e-02 -1.105508999999999962e-03 -3.602582599999999691e-02 9.991985559999999600e-01
1.702685742649724007e+09 -1.964655670000000076e-01 7.750316999999999623e-03 9.454188350000000129e-01 -1.748311300000000151e-02 1.109762000000000031e-03 -3.565233200000000185e-02 9.992107150000000271e-01
1.702685743566623926e+09 -1.964852059999999956e-01 7.774119999999999815e-03 9.457726480000000491e-01 -1.831250300000000081e-02 1.515368000000000010e-03 -3.575446799999999759e-02 9.991916419999999910e-01
