1702688123750164736.000000 0.000000000 0.000000000 0.000000000 -0.000000000 -0.000000000 -0.000000000 1.000000000
1702688124081733120.000000 0.000005721 0.000007456 0.000161753 -0.000199377 0.000358198 -0.000102268 0.999999940
1702688124373106176.000000 -0.000000996 0.000006245 0.000299431 0.000150476 0.000162835 -0.000460866 0.999999881
1702688124626137344.000000 -0.000015403 0.000007404 0.000411255 0.000520887 -0.001895518 -0.000622488 0.999997914
1702688124706651136.000000 -0.000022345 0.000009867 0.000448905 0.000267744 -0.002176988 -0.000222896 0.999997556
1702688125370526208.000000 -0.000022759 0.000006316 0.000762072 -0.000761228 -0.003178634 0.001484236 0.999993563
1702688125457316096.000000 -0.000024871 0.000008754 0.000799086 -0.000492398 -0.002905105 0.001057305 0.999995112
1702688126038130432.000000 -0.000022755 0.000007610 0.001072028 -0.000974668 -0.002495840 0.001281551 0.999995589
1702688126204810496.000000 -0.000029220 0.000004841 0.001152647 -0.000952766 -0.003922126 0.001454204 0.999990821
1702688126289400320.000000 -0.000032749 -0.000001434 0.001185482 -0.001394142 -0.002875756 0.001099699 0.999994278
1702688126461143552.000000 -0.000027223 0.000002805 0.001269163 -0.001307015 -0.003626980 0.001899027 0.999990761
1702688126539796736.000000 -0.000025002 0.000005086 0.001307892 -0.001153975 -0.003463879 0.001823922 0.999991715
1702688126703040768.000000 -0.000013309 -0.000000068 0.001379364 -0.000072661 -0.002246232 0.002730504 0.999993742
1702688126789506816.000000 -0.000019657 -0.000006241 0.001418596 -0.000303968 -0.002233805 0.002468947 0.999994397
1702688126871085824.000000 -0.000018540 -0.000003705 0.001456723 0.000808041 -0.002825243 0.002656545 0.999992192
1702688127203821312.000000 -0.000020910 -0.000007249 0.001612629 0.000727231 -0.002973750 0.001855779 0.999993622
1702688127289536512.000000 -0.000027780 -0.000005831 0.001646021 0.001178589 -0.003385300 0.002490401 0.999990523
1702688127541034240.000000 -0.000032441 -0.000004465 0.001762882 0.001801283 -0.010535476 0.001822235 0.999941230
1702688127667459840.000000 -0.000045228 -0.000003801 0.001820759 0.002217734 -0.013799340 0.001644596 0.999900997
1702688128329286656.000000 -0.000053644 -0.000007984 0.002129758 0.003318135 -0.018477634 0.000166006 0.999823749
1702688128496362752.000000 -0.000056060 -0.000001799 0.002198488 0.004313556 -0.019883893 0.000744771 0.999792755
1702688128829103872.000000 -0.000076689 0.000004409 0.002363062 0.003167115 -0.030690342 0.001035082 0.999523401
1702688128994348288.000000 -0.000079399 -0.000007352 0.002428097 0.003188281 -0.033148549 -0.000195420 0.999445379
1702688129160883712.000000 -0.000087071 -0.000004404 0.002508182 0.003936703 -0.032706358 0.000825088 0.999456942
1702688129493230592.000000 -0.000088201 -0.000003461 0.002665284 0.005240073 -0.023563964 0.001453532 0.999707580
1702688129701104384.000000 -0.000092085 -0.000005048 0.002762581 0.004415027 -0.027721703 0.002334566 0.999603212
1702688129868022784.000000 -0.000099787 -0.000007877 0.002838752 0.003415437 -0.030243928 0.003505238 0.999530554
1702688130036317696.000000 -0.000099693 -0.000004619 0.002918386 0.002305843 -0.032636445 0.003388842 0.999458909
1702688130412891648.000000 -0.000110652 -0.000000389 0.003089982 0.000318748 -0.028958572 0.003016948 0.999576032
1702688130619312640.000000 -0.000111314 0.000001720 0.003189032 0.000018115 -0.025692608 0.003054053 0.999665260
1702688130783398656.000000 -0.000121132 0.000002818 0.003267587 -0.001530082 -0.024579776 0.002895596 0.999692500
1702688130996082176.000000 -0.000126744 0.000000904 0.003363945 -0.001954602 -0.021736044 0.002563844 0.999758601
1702688131159907072.000000 -0.000112920 0.000004761 0.003445444 -0.000195500 -0.018540975 0.002493516 0.999825001
1702688131328139008.000000 -0.000116662 0.000000599 0.003520120 0.000223953 -0.014681971 0.002221846 0.999889731
1702688131703373312.000000 -0.000126893 0.000001701 0.003696559 -0.000405508 -0.007248153 0.001542988 0.999972463
1702688131908922112.000000 -0.000110823 0.000001071 0.003787988 -0.000456351 -0.003303244 0.001598812 0.999993205
1702688132116333056.000000 -0.000105649 0.000001342 0.003884684 -0.000156105 -0.000386174 0.001544810 0.999998748
1702688132330769408.000000 -0.000105075 0.000003138 0.003980170 0.000733991 0.000199468 0.001242187 0.999998927
1702688132783902208.000000 -0.000106540 0.000001076 0.004191876 0.000568134 -0.000277042 0.002004242 0.999997795
1702688133033561088.000000 -0.000105129 0.000004603 0.004306489 0.000163553 0.000765201 0.002246782 0.999997199
1702688133329488640.000000 -0.000110888 0.000004720 0.004442243 -0.000624766 -0.000153237 0.000410988 0.999999762
1702688133615091968.000000 -0.000114572 0.000004257 0.004573345 -0.001919884 -0.002602188 -0.000005061 0.999994755
1702688133906847488.000000 -0.000103205 0.000008489 0.004714283 -0.002218322 -0.002095994 0.000249668 0.999995291
1702688134196194560.000000 -0.000103544 0.000009103 0.004843315 -0.001396857 -0.001164555 0.000059647 0.999998331
1702688134492103680.000000 -0.000095214 0.000006114 0.004979854 -0.001396664 -0.000785790 0.000953481 0.999998271
1702688134822543104.000000 -0.000098141 0.000010855 0.005135507 -0.002339027 -0.001703577 0.000453541 0.999995708
1702688135115931392.000000 -0.000088220 0.000007014 0.005268574 -0.002368236 -0.000978091 0.000993453 0.999996245
1702688135446045184.000000 -0.000094936 0.000006057 0.005421368 -0.000740692 -0.000221902 0.001954647 0.999997795
1702688135740039936.000000 -0.000102840 0.000007692 0.005556695 -0.001306818 -0.001630705 0.000631405 0.999997616
1702688136028673024.000000 -0.000098690 0.000006633 0.005691878 -0.001938713 -0.000952915 0.001205343 0.999996960
1702688136363383808.000000 -0.000079054 0.000009499 0.005838885 -0.001503461 0.000822569 0.000387612 0.999998510
1702688136695716864.000000 -0.000092571 0.000007068 0.005994888 -0.001018355 -0.000949432 0.000783322 0.999998748
1702688136987335168.000000 -0.000095904 0.000006870 0.006128239 -0.000544352 0.001531729 0.000990373 0.999998212
1702688137821210624.000000 -0.000112793 0.000007568 0.006515665 -0.000852526 -0.002764610 0.001855201 0.999994099
1702688138070866944.000000 -0.000111698 0.000001686 0.006627582 -0.001591558 -0.002885799 0.001818728 0.999992907
1702688138277303040.000000 -0.000119870 0.000002875 0.006728373 -0.002015393 -0.003432213 0.001764669 0.999990523
1702688138569628160.000000 -0.000129466 0.000004581 0.006860181 -0.001469347 -0.007216979 0.001927472 0.999971032
1702688138820494848.000000 -0.000119978 0.000004321 0.006969200 -0.000798638 -0.003885150 0.002107480 0.999989927
1702688139069547776.000000 -0.000122051 0.000005211 0.007084070 0.001122721 0.011260835 0.001653849 0.999934614
1702688139238245888.000000 -0.000120013 0.000004524 0.007161700 0.000742664 0.019519433 0.000907868 0.999808788
1702688139443001600.000000 -0.000114254 0.000005893 0.007255550 0.001325069 0.030523207 0.001472450 0.999532104
1702688140609241344.000000 -0.000023867 -0.000003177 0.007786044 0.001453637 0.081289351 0.000088440 0.996689498
1702688140820414720.000000 -0.000008948 0.000002150 0.007880895 0.000992824 0.089760683 0.001346017 0.995961964
1702688141277390592.000000 0.000033020 -0.000002453 0.008086513 0.000919402 0.100417532 0.003309561 0.994939446
1702688141486972672.000000 0.000064211 -0.000000496 0.008177202 0.000636225 0.100074694 0.002614224 0.994976342
1702688142107469568.000000 0.000084579 -0.000002539 0.008463997 0.000731516 0.092508562 0.002557301 0.995708346
1702688142523002624.000000 0.000120136 -0.000003551 0.008648182 0.001785928 0.090089440 0.002274264 0.995929480
1702688143360421888.000000 0.000191520 -0.000000082 0.009030664 0.000936756 0.086481974 0.002449496 0.996249974
1702688144022531072.000000 0.000244611 0.000003032 0.009330324 0.000912177 0.083596148 0.002385807 0.996496499
1702688144775765248.000000 0.000303019 -0.000011832 0.009662434 0.001718715 0.084074266 0.001827009 0.996456325
1702688144980602624.000000 0.000331370 -0.000011472 0.009761483 0.001895784 0.090255439 0.002609728 0.995913446
1702688145192295168.000000 0.000341260 -0.000007496 0.009855025 0.002101977 0.092063926 0.002789487 0.995746970
1702688145565780992.000000 0.000370781 -0.000008341 0.010028317 0.000716056 0.092309088 0.002321009 0.995727479
1702688145770009856.000000 0.000382597 -0.000008490 0.010122377 0.001027138 0.090764061 0.002300445 0.995869279
1702688146146174464.000000 0.000406787 -0.000011673 0.010289607 0.002740167 0.071562655 0.003391721 0.997426569
1702688146525764096.000000 0.000425772 -0.000005896 0.010469987 0.002357983 0.057792962 0.002868890 0.998321712
1702688146773280768.000000 0.000440655 -0.000002344 0.010589762 0.001944470 0.044507325 0.001813911 0.999005497
1702688146935305472.000000 0.000428396 0.000000097 0.010670125 0.000985138 0.040143605 0.002257309 0.999190867
1702688147102916096.000000 0.000461872 -0.000004038 0.010734257 0.001370689 0.042398944 0.002201954 0.999097407
1702688147938467072.000000 0.000498960 -0.000002986 0.011119961 0.000821402 0.061484139 0.001649104 0.998106360
1702688148105138688.000000 0.000515471 -0.000005139 0.011199767 0.000499680 0.060624361 0.001199222 0.998159826
1702688148311103744.000000 0.000518035 -0.000004578 0.011289186 0.001252990 0.062543474 0.001249078 0.998040676
1702688148604917248.000000 0.000548024 -0.000006647 0.011427956 0.002159306 0.060811274 0.000754373 0.998146653
1702688148851818240.000000 0.000566502 -0.000007204 0.011542489 0.003112659 0.060654871 0.000556191 0.998153806
1702688149645361664.000000 0.000607766 -0.000008858 0.011906110 0.003760777 0.060962830 0.001001895 0.998132467
1702688149851557888.000000 0.000615770 -0.000010333 0.011999664 0.004164690 0.062110193 0.001757708 0.998059094
1702688150146930944.000000 0.000639158 -0.000008617 0.012136025 0.004615066 0.064996466 0.001415757 0.997873843
1702688150397174016.000000 0.000653486 -0.000000664 0.012249751 0.005286180 0.067561276 0.000273415 0.997701108
1702688150644988160.000000 0.000684633 -0.000001712 0.012364674 0.005549567 0.070542157 0.000562388 0.997493207
1702688150893731840.000000 0.000704795 -0.000005610 0.012488326 0.005363076 0.070432186 0.000988679 0.997501671
1702688151432885248.000000 0.000730197 -0.000009258 0.012738196 0.003094987 0.076239385 0.000164704 0.997084737
1702688151723624704.000000 0.000756501 -0.000002531 0.012874036 0.002595378 0.076139130 -0.000469740 0.997093737
1702688151933344256.000000 0.000773965 -0.000008797 0.012969144 0.002625896 0.077772230 -0.000312063 0.996967673
1702688152141554944.000000 0.000788077 -0.000007935 0.013063679 0.003690853 0.078592993 -0.000289121 0.996899962
1702688152436960000.000000 0.000810690 -0.000012966 0.013196929 0.003217118 0.080497548 -0.000405690 0.996749580
1702688152724060672.000000 0.000846479 -0.000015375 0.013330495 0.002096905 0.087135278 0.000110886 0.996194303
1702688153015389696.000000 0.000865325 -0.000011953 0.013458136 0.002039757 0.097411856 0.000291722 0.995242059
1702688153348134400.000000 0.000901084 -0.000007106 0.013609218 0.004143470 0.108837128 -0.001709396 0.994049489
1702688153680476160.000000 0.000937449 -0.000010452 0.013759294 0.004271866 0.111624219 -0.001712188 0.993739843
1702688153977144576.000000 0.000963595 -0.000009853 0.013891798 0.003519656 0.110840566 -0.002562074 0.993828654
1702688154307840000.000000 0.000999568 -0.000011951 0.014040849 0.005124843 0.107459925 -0.003058844 0.994191527
1702688154638869760.000000 0.001024210 -0.000009276 0.014184290 0.006767004 0.099373728 -0.004170722 0.995018482
1702688154929962496.000000 0.001047132 -0.000014261 0.014316893 0.005700776 0.088592388 -0.003099268 0.996046841
1702688155225627136.000000 0.001063868 -0.000015818 0.014450153 0.005057921 0.082411371 -0.003245072 0.996580303
1702688155511144960.000000 0.001075629 -0.000007480 0.014582317 0.003884253 0.074383780 -0.004453183 0.997212231
1702688155804564224.000000 0.001085683 -0.000010942 0.014710952 0.003329453 0.062003780 -0.003490299 0.998064280
1702688156095241984.000000 0.001101547 -0.000014619 0.014830355 0.001635726 0.051424630 -0.002761516 0.998671710
1702688156427106560.000000 0.001103675 -0.000010384 0.014988593 0.002423241 0.035664503 -0.004850551 0.999349117
1702688156720108288.000000 0.001115608 -0.000010699 0.015122930 0.003778469 0.018678067 -0.004173821 0.999809682
1702688157015946752.000000 0.001096234 -0.000015567 0.015249202 0.003274744 0.001803728 -0.001897767 0.999991238
1702688157302709504.000000 0.001094117 -0.000021682 0.015381261 0.000798937 -0.006122810 -0.002591479 0.999977589
1702688157552653312.000000 0.001086581 -0.000016133 0.015502609 0.001084663 -0.020825893 -0.004131458 0.999773979
1702688157802221056.000000 0.001074616 -0.000015143 0.015612313 -0.000393071 -0.026637256 -0.004898808 0.999633133
1702688158093512960.000000 0.001060729 -0.000014466 0.015751638 -0.000807200 -0.028414194 -0.005393088 0.999581397
1702688158384329728.000000 0.001062279 -0.000014090 0.015887823 0.000778114 -0.028562477 -0.004513181 0.999581516
1702688158718852864.000000 0.001056407 -0.000010864 0.016036015 0.001263353 -0.016922591 -0.005499766 0.999840915
1702688159592873216.000000 0.001029350 -0.000013045 0.016443258 0.000294180 -0.033670697 -0.003931183 0.999425232
1702688159927341312.000000 0.001015802 -0.000011703 0.016592784 0.001136714 -0.036998332 -0.004214671 0.999305785
1702688160259718912.000000 0.001005715 -0.000015705 0.016750108 0.000098713 -0.032952093 -0.004925542 0.999444842
1702688160968840192.000000 0.001012225 -0.000011310 0.017071687 0.000559478 -0.008276125 -0.004919237 0.999953508
1702688161674808064.000000 0.001003286 -0.000012719 0.017382903 0.003689399 -0.005777097 -0.004523608 0.999966264
1702688161964703488.000000 0.000997318 -0.000014063 0.017505933 0.003175025 -0.001891453 -0.003983044 0.999985278
1702688162173366272.000000 0.000997314 -0.000013817 0.017602086 0.003035299 -0.000338300 -0.003514600 0.999989152
1702688162423004416.000000 0.001016531 -0.000026514 0.017707868 0.002713015 -0.000039976 -0.002561076 0.999993026
1702688162843043584.000000 0.001000048 -0.000022133 0.017886328 0.003130500 0.006612066 -0.002831189 0.999969244
1702688163094022912.000000 0.001005065 -0.000023511 0.017997015 0.002480291 0.012656428 -0.002932924 0.999912560
1702688163547879680.000000 0.001010680 -0.000025354 0.018184625 0.001564131 0.019503614 -0.002838123 0.999804556
1702688163797789952.000000 0.001009806 -0.000024040 0.018281605 0.001906179 0.023133812 -0.004583471 0.999720097
1702688164338948608.000000 0.001013203 -0.000023013 0.018481025 0.003525025 0.036776122 -0.004095961 0.999308944
1702688164588802560.000000 0.001035329 -0.000027582 0.018577531 0.002160511 0.032893192 -0.004064846 0.999448299
1702688164962179840.000000 0.001037570 -0.000029586 0.018732036 -0.000582709 0.030818485 -0.004254669 0.999515772
1702688165377518592.000000 0.001034930 -0.000029573 0.018898612 0.000688974 0.034406159 -0.003849394 0.999400258
1702688165840541696.000000 0.001030620 -0.000029279 0.019067656 0.001038542 0.030439587 -0.005473205 0.999521077
1702688166092609280.000000 0.001028057 -0.000024988 0.019158758 0.000868632 0.038749505 -0.005931557 0.999230981
1702688166338781952.000000 0.001031947 -0.000026727 0.019249955 0.000907675 0.046116367 -0.006471521 0.998914719
1702688167127230976.000000 0.001041128 -0.000035684 0.019550962 -0.001933590 0.048898596 -0.007439519 0.998774171
1702688167627204864.000000 0.001048286 -0.000036227 0.019746929 -0.000986240 0.061689187 -0.007018528 0.998070240
1702688167964262912.000000 0.001037227 -0.000035531 0.019865727 -0.001756075 0.070306353 -0.004821969 0.997512221
1702688168376931328.000000 0.001041053 -0.000036227 0.019989504 -0.002076769 0.078096874 -0.003811482 0.996936381
1702688168750536448.000000 0.001044135 -0.000040540 0.020088186 -0.002818263 0.086231641 -0.001352753 0.996270239
1702688169131126528.000000 0.001042931 -0.000038558 0.020171888 -0.001765646 0.100481033 -0.004042179 0.994929254
1702688169374660864.000000 0.001043871 -0.000037182 0.020224482 -0.003700183 0.110889249 -0.007030610 0.993800998
1702688169543944960.000000 0.001048860 -0.000046270 0.020264316 -0.004866698 0.115922540 -0.006038171 0.993228018
1702688169753377536.000000 0.001048179 -0.000042581 0.020319305 -0.005057448 0.124345034 -0.006697320 0.992203534
1702688169922340608.000000 0.001047950 -0.000041701 0.020352853 -0.005092398 0.130220696 -0.006555375 0.991450310
1702688170249803264.000000 0.001049434 -0.000040718 0.020468244 -0.002771945 0.144056410 -0.004538976 0.989555180
1702688170543037184.000000 0.001041916 -0.000054962 0.020577570 -0.005297044 0.160745963 -0.005027972 0.986968815
1702688170833398272.000000 0.001047596 -0.000047137 0.020681588 -0.005843054 0.172356367 -0.003059133 0.985012591
1702688171167533824.000000 0.001045426 -0.000041620 0.020820843 -0.004159516 0.185679138 -0.000413637 0.982601523
1702688171418480896.000000 0.001026837 -0.000051495 0.020895600 -0.005292529 0.193058401 -0.000124752 0.981172979
1702688171956597760.000000 0.001002165 -0.000071608 0.021050936 -0.009706902 0.201557219 -0.000834113 0.979428291
1702688172207362816.000000 0.000962999 -0.000096431 0.021077985 -0.013083929 0.203514963 -0.001660224 0.978983045
1702688172457218816.000000 0.000937681 -0.000109595 0.021107951 -0.014624721 0.205531225 -0.001556152 0.978540063
1702688172787898880.000000 0.000893629 -0.000111936 0.021201828 -0.017239068 0.207696974 -0.003431814 0.978035271
1702688173121058816.000000 0.000868263 -0.000133463 0.021280529 -0.019214239 0.175513789 -0.002498000 0.984286308
1702688174370779648.000000 0.000942459 -0.000170112 0.021612395 -0.023282306 0.050758831 0.006129443 0.998420715
1702688174537330432.000000 0.000946476 -0.000172689 0.021666180 -0.024612200 0.035910763 0.005651761 0.999035895
1702688175161272320.000000 0.001008386 -0.000225978 0.021799972 -0.032354545 -0.025228100 0.009448214 0.999113381
1702688175454298368.000000 0.001008554 -0.000201742 0.021929683 -0.030899486 -0.050250102 0.011075016 0.998197138
1702688176501611264.000000 0.001114764 -0.000207463 0.022249816 -0.039626304 -0.115763612 0.010812854 0.992427170
1702688176662036992.000000 0.001132052 -0.000232523 0.022313504 -0.042934142 -0.128371343 0.007817267 0.990765572
1702688176784389376.000000 0.001144780 -0.000223892 0.022352714 -0.042204384 -0.136392459 0.008234002 0.989721239
1702688176909668608.000000 0.001164758 -0.000225505 0.022397012 -0.043022964 -0.145964012 0.007791132 0.988323271
1702688177494449920.000000 0.001163234 -0.000237061 0.022439143 -0.047059927 -0.150730401 0.006368669 0.987433672
1702688177619721728.000000 0.001159862 -0.000237267 0.022450989 -0.047685158 -0.152577117 0.006749137 0.987117469
1702688178908134656.000000 0.001047693 -0.000225172 0.022648657 -0.050122935 -0.184954211 -0.000031918 0.981468081
1702688179032839680.000000 0.001037502 -0.000223444 0.022670761 -0.050277401 -0.190056860 0.000457913 0.980484784
1702688179160036352.000000 0.001025854 -0.000226829 0.022689452 -0.052090943 -0.194627345 0.000479750 0.979493022
1702688179409809664.000000 0.001003069 -0.000228990 0.022728315 -0.053403828 -0.203045115 -0.001736272 0.977710426
1702688179826010112.000000 0.000973757 -0.000256926 0.022783376 -0.062357802 -0.222285450 -0.000506855 0.972985327
1702688179954319104.000000 0.000959924 -0.000268380 0.022804560 -0.065780811 -0.227329344 -0.000950689 0.971593261
1702688180199259904.000000 0.000936843 -0.000285555 0.022838604 -0.069076031 -0.237256452 -0.001692418 0.968986571
1702688180699377920.000000 0.000881916 -0.000330726 0.022919374 -0.080730513 -0.259030223 -0.004641636 0.962478280
1702688180949100544.000000 0.000850865 -0.000342636 0.022962634 -0.086262524 -0.272830784 -0.003661046 0.958179891
1702688181075598592.000000 0.000834131 -0.000343131 0.022986200 -0.087430485 -0.279041141 -0.003077372 0.956285834
1702688181655990784.000000 0.000760681 -0.000349862 0.023079062 -0.092167184 -0.308865041 0.001649126 0.946628153
1702688181950026752.000000 0.000718393 -0.000345084 0.023137880 -0.095933244 -0.324225157 0.002721935 0.941099048
1702688182198526976.000000 0.000681635 -0.000338427 0.023177382 -0.097109362 -0.337300152 0.003276888 0.936369419
1702688182366729984.000000 0.000658439 -0.000328235 0.023207281 -0.096988581 -0.346059829 0.003657568 0.933178663
1702688182491040256.000000 0.000639977 -0.000323543 0.023228548 -0.097083516 -0.354084998 0.004149674 0.930151284
1702688182622808320.000000 0.000618677 -0.000323117 0.023246411 -0.098676056 -0.361649275 0.005918578 0.927058697
1702688182951270912.000000 0.000566396 -0.000309558 0.023299513 -0.099620268 -0.381896824 0.007359388 0.918790758
1702688183279956224.000000 0.000515823 -0.000300083 0.023356352 -0.100228138 -0.403994560 0.008509309 0.909214139
1702688183452444672.000000 0.000489928 -0.000298634 0.023382830 -0.101919897 -0.419527501 0.012361031 0.901918054
1702688183613313792.000000 0.000466525 -0.000295813 0.023404401 -0.101961531 -0.432404160 0.012799186 0.895805061
1702688183780685312.000000 0.000434705 -0.000284974 0.023421332 -0.100124635 -0.443637699 0.015129942 0.890467167
1702688183947933696.000000 0.000406692 -0.000278404 0.023435697 -0.099727117 -0.454775512 0.016449453 0.884852111
1702688184156305664.000000 0.000375929 -0.000276550 0.023458764 -0.100015141 -0.470121831 0.017806455 0.876735628
1702688184328037632.000000 0.000350455 -0.000279160 0.023480661 -0.103167862 -0.484400898 0.017568232 0.868564069
1702688184529604864.000000 0.000314400 -0.000267861 0.023493085 -0.100313693 -0.500020742 0.020977315 0.859928131
1702688184699704064.000000 0.000289622 -0.000261735 0.023502981 -0.099402115 -0.514316618 0.022914745 0.851512015
1702688184860982784.000000 0.000268388 -0.000263145 0.023507973 -0.100354232 -0.525475562 0.024365291 0.844518006
1702688184988913152.000000 0.000253604 -0.000261194 0.023515498 -0.099227093 -0.535668373 0.026166005 0.838169813
1702688185159322368.000000 0.000235249 -0.000260049 0.023527669 -0.099782757 -0.549021661 0.028534262 0.829339743
1702688185321039616.000000 0.000209476 -0.000257706 0.023529384 -0.098689333 -0.561425805 0.029850313 0.821078897
1702688185487078144.000000 0.000186524 -0.000255754 0.023537945 -0.099722162 -0.574111640 0.029864207 0.812132657
1702688185652658944.000000 0.000170283 -0.000252115 0.023539463 -0.097812884 -0.586400568 0.031612072 0.803472281
1702688185785310976.000000 0.000154397 -0.000249201 0.023545993 -0.097886488 -0.597849071 0.033424668 0.794907331
1702688185945967104.000000 0.000137914 -0.000247188 0.023551330 -0.098118909 -0.609238744 0.034137841 0.786152363
1702688186074335744.000000 0.000126222 -0.000244154 0.023552306 -0.097322308 -0.617033720 0.035223395 0.780100703
1702688186235409152.000000 0.000112033 -0.000244882 0.023552092 -0.096580170 -0.625572860 0.036403306 0.773308277
1702688186449345792.000000 0.000091836 -0.000242326 0.023555033 -0.095718563 -0.640061617 0.037633080 0.761408448
1702688186692717056.000000 0.000073630 -0.000242433 0.023547597 -0.094999522 -0.644900024 0.038444936 0.757364571
1702688186902578944.000000 0.000062427 -0.000238813 0.023554372 -0.093781210 -0.652817369 0.040818397 0.750578761
1702688187162397440.000000 0.000033364 -0.000237897 0.023558561 -0.095381305 -0.647264063 0.038649719 0.755286634
1702688187323382016.000000 0.000009684 -0.000234440 0.023563344 -0.096281283 -0.645387113 0.038201749 0.756799936
1702688187484103936.000000 -0.000010442 -0.000232065 0.023569420 -0.095294110 -0.645132601 0.038318392 0.757135868
1702688187734517248.000000 -0.000046561 -0.000230170 0.023570007 -0.095535167 -0.650668859 0.038121946 0.752362728
1702688187944904448.000000 -0.000075050 -0.000227829 0.023574833 -0.095714279 -0.652078152 0.038662124 0.751091301
1702688188108237824.000000 -0.000095384 -0.000225069 0.023576455 -0.095816664 -0.652647316 0.038505800 0.750591815
1702688188279265792.000000 -0.000120221 -0.000221467 0.023579681 -0.095152378 -0.649900317 0.038294736 0.753066480
1702688188445574912.000000 -0.000143228 -0.000221284 0.023578404 -0.095139273 -0.649982929 0.037926983 0.753015459
1702688188654875392.000000 -0.000170449 -0.000216285 0.023588562 -0.094936803 -0.642849803 0.037787259 0.759146392
1702688189441761536.000000 -0.000278151 -0.000205895 0.023596549 -0.093934260 -0.666020513 0.041340083 0.738839626
1702688189690997760.000000 -0.000313755 -0.000202331 0.023598589 -0.093533821 -0.665290952 0.040001877 0.739621103
1702688189901802496.000000 -0.000342011 -0.000199849 0.023602821 -0.093452193 -0.663706124 0.039265994 0.741093159
1702688190065590272.000000 -0.000365239 -0.000198152 0.023602203 -0.094104141 -0.675030231 0.040435012 0.730646014
1702688190314291456.000000 -0.000399133 -0.000194742 0.023603415 -0.091685124 -0.684853494 0.042334959 0.721648991
1702688190525139712.000000 -0.000429083 -0.000194011 0.023601329 -0.091735773 -0.683145881 0.040918015 0.723340869
1702688190731891456.000000 -0.000456221 -0.000192054 0.023606041 -0.091891199 -0.676716387 0.040723410 0.729350746
1702688190902237952.000000 -0.000479916 -0.000188995 0.023611423 -0.092526078 -0.672477901 0.040271185 0.733205736
1702688191152343552.000000 -0.000514634 -0.000188880 0.023609536 -0.093472913 -0.679910541 0.040715806 0.726172626
1702688191358403328.000000 -0.000542635 -0.000185528 0.023611413 -0.091796644 -0.685902715 0.042385418 0.720634758
1702688191605288960.000000 -0.000577023 -0.000182651 0.023616642 -0.091191858 -0.676031709 0.042322900 0.729982257
1702688191815576576.000000 -0.000605047 -0.000181739 0.023617314 -0.092887245 -0.667070329 0.040963899 0.738045454
1702688191980682496.000000 -0.000626201 -0.000180490 0.023621982 -0.092414901 -0.669748127 0.044484768 0.735471308
1702688192187819008.000000 -0.000657879 -0.000176378 0.023626521 -0.093773000 -0.657379806 0.041701458 0.746538281
1702688192397767936.000000 -0.000685930 -0.000174545 0.023628410 -0.094386362 -0.653808177 0.040579308 0.749652863
1702688192606889472.000000 -0.000715181 -0.000170345 0.023636123 -0.094631590 -0.643302321 0.039063025 0.758736491
1702688192813505792.000000 -0.000743177 -0.000166713 0.023640525 -0.095458895 -0.636248171 0.037184153 0.764652371
1702688193107144960.000000 -0.000783755 -0.000163502 0.023645632 -0.097050242 -0.645784676 0.036921035 0.756425977
1702688193312842240.000000 -0.000810649 -0.000161373 0.023648432 -0.095696308 -0.651427925 0.038155325 0.751683474
1702688193562391808.000000 -0.000845930 -0.000156426 0.023656186 -0.095599152 -0.642913282 0.037338901 0.759031773
1702688193811842560.000000 -0.000876410 -0.000154182 0.023662550 -0.094299190 -0.635281324 0.037501846 0.765583992
1702688194108810496.000000 -0.000917202 -0.000149530 0.023671718 -0.094683960 -0.626441061 0.036468409 0.772836804
1702688194397277696.000000 -0.000956453 -0.000145997 0.023678983 -0.094584122 -0.625011206 0.035091899 0.774069369
1702688194644421888.000000 -0.000989335 -0.000141781 0.023687357 -0.094499961 -0.621720314 0.034800172 0.776738405
1702688194900834304.000000 -0.001024179 -0.000137726 0.023693211 -0.094990805 -0.624136388 0.035267029 0.774717212
1702688195144940800.000000 -0.001056844 -0.000134429 0.023700425 -0.094101191 -0.622194409 0.035997298 0.776352584
1702688195395806976.000000 -0.001089098 -0.000132788 0.023708424 -0.094366044 -0.616723537 0.036010474 0.780673087
1702688195606745344.000000 -0.001117388 -0.000130238 0.023714043 -0.094122149 -0.609696507 0.033378195 0.786318779
1702688195854430976.000000 -0.001150204 -0.000126596 0.023722146 -0.093731195 -0.611813605 0.034397721 0.784675300
1702688196102466304.000000 -0.001184406 -0.000122752 0.023732241 -0.094683677 -0.606571078 0.032159667 0.788715541
1702688196436167680.000000 -0.001228590 -0.000116939 0.023744572 -0.094679147 -0.595690429 0.031929553 0.796975076
1702688196852713216.000000 -0.001283324 -0.000111598 0.023761744 -0.094930299 -0.580597699 0.029774850 0.808089137
1702688197143969792.000000 -0.001318440 -0.000104577 0.023783192 -0.096509337 -0.572789073 0.027899101 0.813523352
1702688197396642304.000000 -0.001352408 -0.000099230 0.023792522 -0.097258344 -0.563252985 0.027404537 0.820082843
1702688197603773952.000000 -0.001377964 -0.000095904 0.023801070 -0.097716726 -0.553939104 0.026253384 0.826385915
1702688197852490240.000000 -0.001409736 -0.000093135 0.023819868 -0.097937837 -0.543927848 0.024924152 0.833024263
1702688198068964352.000000 -0.001434842 -0.000087847 0.023834625 -0.098349757 -0.535501838 0.024458276 0.838431299
1702688198309193472.000000 -0.001466241 -0.000083714 0.023850717 -0.099032871 -0.524960995 0.022228131 0.845052898
1702688198726268416.000000 -0.001513052 -0.000073205 0.023882430 -0.098251529 -0.508778453 0.021922946 0.854991555
1702688199059116544.000000 -0.001554240 -0.000066053 0.023901928 -0.097452298 -0.499904662 0.022008516 0.860298812
1702688199229028352.000000 -0.001572769 -0.000061497 0.023912217 -0.097019129 -0.495683789 0.021798868 0.862791836
1702688199391685632.000000 -0.001590818 -0.000061108 0.023926375 -0.098774008 -0.492016762 0.020617958 0.864718556
1702688199558371840.000000 -0.001608230 -0.000055648 0.023938823 -0.098331623 -0.489590764 0.020611992 0.866144836
1702688199933295872.000000 -0.001651589 -0.000052691 0.023961321 -0.097982824 -0.484890014 0.019051867 0.868860185
1702688200100477184.000000 -0.001671825 -0.000047814 0.023971733 -0.097376764 -0.485466689 0.019361328 0.868599474
1702688200435864576.000000 -0.001710235 -0.000040653 0.023996774 -0.098460168 -0.489863455 0.020114573 0.865987778
1702688200807152384.000000 -0.001753367 -0.000030270 0.024023820 -0.097262494 -0.495658547 0.023055151 0.862746298
1702688201022895872.000000 -0.001777254 -0.000030874 0.024032651 -0.099241547 -0.498596489 0.021652518 0.860862315
1702688201387943424.000000 -0.001825271 -0.000020460 0.024055105 -0.098854430 -0.512973070 0.023663292 0.852365255
1702688201561335040.000000 -0.001846551 -0.000020243 0.024061546 -0.099378504 -0.514600813 0.021824755 0.851371586
1702688201722691840.000000 -0.001864959 -0.000016463 0.024073619 -0.099595778 -0.513910830 0.021819288 0.851763010
1702688201931997952.000000 -0.001893055 -0.000012411 0.024084061 -0.099838287 -0.514650881 0.020404898 0.851322770
1702688202138675712.000000 -0.001916894 -0.000005680 0.024100097 -0.099862240 -0.516872108 0.021739066 0.849940121
1702688202345653248.000000 -0.001942905 -0.000000193 0.024116140 -0.099348418 -0.522240579 0.022326056 0.846697271
1702688202564944384.000000 -0.001966963 0.000002558 0.024126401 -0.099149764 -0.524034679 0.022988435 0.845593572
1702688202970739200.000000 -0.002018096 0.000008857 0.024148274 -0.099047132 -0.516530693 0.021709813 0.850243807
1702688203387044608.000000 -0.002068689 0.000021316 0.024178687 -0.098566256 -0.507267475 0.022386448 0.855840683
1702688203974164224.000000 -0.002129073 0.000035052 0.024225766 -0.097330756 -0.474830389 0.020542206 0.874437451
1702688204305177344.000000 -0.002171302 0.000036785 0.024248702 -0.099577725 -0.455242276 0.016327539 0.884631157
1702688204718520320.000000 -0.002214118 0.000047351 0.024283299 -0.098920241 -0.435281128 0.014023386 0.894733727
1702688204928294912.000000 -0.002234804 0.000045766 0.024300452 -0.100679979 -0.423945546 0.012303608 0.899990201
1702688205360034816.000000 -0.002274661 0.000061685 0.024343282 -0.099515051 -0.399809599 0.011232641 0.911110759
1702688205512762880.000000 -0.002288728 0.000064456 0.024356714 -0.099649146 -0.389605612 0.009823114 0.915522277
1702688205678390784.000000 -0.002303734 0.000069913 0.024372678 -0.100851655 -0.379927516 0.008793654 0.919459999
1702688205844716800.000000 -0.002317717 0.000073984 0.024390070 -0.100521691 -0.362962514 0.006188853 0.926345170
1702688206013332224.000000 -0.002329192 0.000075860 0.024407510 -0.101519562 -0.348216265 0.004292464 0.931890965
1702688206511146496.000000 -0.002365832 0.000092643 0.024465779 -0.099220917 -0.303563654 0.001041093 0.947630346
1702688206685341184.000000 -0.002376263 0.000095538 0.024484836 -0.100277297 -0.287844867 -0.001071690 0.952412069
1702688206806217216.000000 -0.002383553 0.000098200 0.024499631 -0.100038350 -0.276214361 -0.002771684 0.955871463
1702688206968368896.000000 -0.002393009 0.000103320 0.024520177 -0.100511543 -0.260707974 -0.004309429 0.960161567
1702688207259655168.000000 -0.002409074 0.000112696 0.024558095 -0.099538684 -0.233309522 -0.007449755 0.967265844
1702688207429315328.000000 -0.002417781 0.000118662 0.024578707 -0.099584460 -0.219306260 -0.009076558 0.970518053
1702688207592876032.000000 -0.002430370 0.000119295 0.024596235 -0.100418642 -0.205650657 -0.010001656 0.973408401
1702688207760922880.000000 -0.002440530 0.000123133 0.024618328 -0.100139536 -0.189537123 -0.012612580 0.976672232
1702688207925628160.000000 -0.002445723 0.000126749 0.024639329 -0.100136280 -0.178197786 -0.014213285 0.978783071
1702688208093335808.000000 -0.002448377 0.000133494 0.024660680 -0.100342177 -0.169530109 -0.013225044 0.980314255
1702688209508686848.000000 -0.002498716 0.000176345 0.024845537 -0.106021613 -0.155616954 -0.009471683 0.982065737
1702688210008156928.000000 -0.002531318 0.000191545 0.024907516 -0.102857776 -0.171214670 -0.020443326 0.979636610
1702688210215263488.000000 -0.002543719 0.000195626 0.024931122 -0.101984687 -0.186422825 -0.022185750 0.976910174
1702688210465261568.000000 -0.002554966 0.000200810 0.024959169 -0.097201735 -0.206527904 -0.018182455 0.973430812
1702688210672807424.000000 -0.002566313 0.000205968 0.024979562 -0.089330874 -0.218257815 -0.012712053 0.971710861
1702688211713690880.000000 -0.002606834 0.000228262 0.025104973 -0.093496218 -0.163565069 -0.018145120 0.981924474
1702688212424245760.000000 -0.002627219 0.000245701 0.025196593 -0.091162868 -0.129313573 -0.018849649 0.987224400
1702688212629299200.000000 -0.002635497 0.000251449 0.025225133 -0.092453577 -0.117434941 -0.020393368 0.988557279
1702688212837169408.000000 -0.002640163 0.000257664 0.025253534 -0.093856148 -0.105934106 -0.023236165 0.989661157
1702688213005452032.000000 -0.002641737 0.000262571 0.025275560 -0.095508389 -0.098596469 -0.023210177 0.990261674
1702688213212734464.000000 -0.002645980 0.000269223 0.025305059 -0.097343668 -0.087532967 -0.024276016 0.991096795
1702688213801527296.000000 -0.002652931 0.000285243 0.025381174 -0.096406005 -0.056901932 -0.026858952 0.993351221
1702688214128657920.000000 -0.002656333 0.000290766 0.025426619 -0.097166680 -0.037241373 -0.030530693 0.994102418
1702688214295942144.000000 -0.002657691 0.000294940 0.025447501 -0.096730813 -0.028227402 -0.031579286 0.994408965
1702688214460943616.000000 -0.002656767 0.000297719 0.025466511 -0.096583612 -0.022152478 -0.032626662 0.994543314
1702688216044643584.000000 -0.002656871 0.000338093 0.025673661 -0.092683926 -0.009068534 -0.033756852 0.995081842
1702688216253287680.000000 -0.002659325 0.000344113 0.025701007 -0.093211144 -0.018743159 -0.032547329 0.994937718
1702688216504587264.000000 -0.002659597 0.000349183 0.025732893 -0.094527513 -0.030251756 -0.031373512 0.994567811
1702688216710136832.000000 -0.002663047 0.000354200 0.025759781 -0.094009757 -0.038368739 -0.030767901 0.994355738
1702688216917298176.000000 -0.002663555 0.000359816 0.025785433 -0.092950366 -0.043981742 -0.029117204 0.994272649
1702688217627594752.000000 -0.002672945 0.000378551 0.025880342 -0.095803857 -0.037271425 -0.030902714 0.994222105
1702688218083411200.000000 -0.002676979 0.000391609 0.025938053 -0.094009630 -0.029188367 -0.030243643 0.994683623
1702688218332665344.000000 -0.002677323 0.000396950 0.025971508 -0.094405398 -0.029234061 -0.030750750 0.994629264
1702688218545012992.000000 -0.002679650 0.000402850 0.025998604 -0.094312467 -0.028809657 -0.030875687 0.994646609
1702688218958949376.000000 -0.002680652 0.000413197 0.026052216 -0.095144473 -0.023950648 -0.032032330 0.994659662
1702688219207016192.000000 -0.002684451 0.000420262 0.026084527 -0.095010571 -0.022923028 -0.032521084 0.994680822
1702688219459428352.000000 -0.002685539 0.000426470 0.026116574 -0.093942799 -0.020815903 -0.031531826 0.994860411
1702688219709184512.000000 -0.002684445 0.000432185 0.026148403 -0.093229659 -0.014892441 -0.032060936 0.995016873
1702688219956988160.000000 -0.002685223 0.000438907 0.026181743 -0.093733490 -0.006586013 -0.033031277 0.995027423
1702688220164463360.000000 -0.002686608 0.000443635 0.026208274 -0.093825705 -0.004908202 -0.033546440 0.995011210
1702688220413036032.000000 -0.002686755 0.000449607 0.026240878 -0.094033793 0.000106134 -0.033522986 0.995004475
1702688221539165440.000000 -0.002674586 0.000477493 0.026387012 -0.091617681 0.038886875 -0.036335547 0.994371057
1702688221956384768.000000 -0.002668964 0.000487381 0.026440579 -0.090463564 0.052645229 -0.038447969 0.993763864
1702688222165081344.000000 -0.002665123 0.000491621 0.026467063 -0.090916365 0.059289977 -0.039157972 0.993320465
1702688222412844288.000000 -0.002660245 0.000497749 0.026498388 -0.090042293 0.063489802 -0.038506623 0.993165970
1702688222662907904.000000 -0.002655262 0.000502809 0.026529372 -0.088604681 0.063927844 -0.037867840 0.993291736
1702688222913859584.000000 -0.002651787 0.000508741 0.026561968 -0.089413449 0.062565379 -0.038582709 0.993278503
1702688223455141888.000000 -0.002644406 0.000521799 0.026631141 -0.090154365 0.050735593 -0.037973560 0.993909538
1702688223704744448.000000 -0.002641478 0.000527110 0.026663577 -0.090203032 0.043123402 -0.036788747 0.994309008
1702688223954461440.000000 -0.002640092 0.000533025 0.026694583 -0.089345627 0.037041061 -0.036422562 0.994645059
1702688224246341632.000000 -0.002639321 0.000539057 0.026725611 -0.090610854 0.027080307 -0.035097774 0.994899213
1702688224499803904.000000 -0.002638665 0.000543596 0.026750345 -0.091066949 0.020016139 -0.033886299 0.995066762
1702688224785209088.000000 -0.002636247 0.000547797 0.026776709 -0.090262637 0.026696751 -0.034768045 0.994952857
1702688225077722368.000000 -0.002632342 0.000555995 0.026817391 -0.091421068 0.038824979 -0.036901802 0.994370699
1702688225372591616.000000 -0.002629501 0.000561916 0.026853731 -0.092256315 0.043984853 -0.037407372 0.994059801
1702688225868437248.000000 -0.002618469 0.000573550 0.026916463 -0.090739101 0.064852238 -0.038843706 0.993001401
1702688226202032128.000000 -0.002612421 0.000582175 0.026959479 -0.091938689 0.063418940 -0.040164687 0.992931128
1702688226491573248.000000 -0.002604790 0.000588488 0.026993191 -0.090222962 0.080559939 -0.041875422 0.991774380
1702688226829157376.000000 -0.002595547 0.000595257 0.027034005 -0.089709722 0.092225328 -0.041601542 0.990815818
1702688227116415488.000000 -0.002588461 0.000601118 0.027070494 -0.090195663 0.093286581 -0.041550420 0.990674496
1702688227407876608.000000 -0.002578144 0.000608125 0.027108504 -0.090044953 0.100284725 -0.042640787 0.989957929
1702688227661374976.000000 -0.002571539 0.000613205 0.027138084 -0.088598713 0.106306285 -0.043163791 0.989437282
1702688227951182592.000000 -0.002564026 0.000619557 0.027176052 -0.088977434 0.100820906 -0.042576890 0.990002692
1702688228200744960.000000 -0.002556285 0.000625658 0.027206877 -0.088315427 0.106546752 -0.044131499 0.989394069
1702688228493070080.000000 -0.002546218 0.000630451 0.027241299 -0.088252030 0.110737987 -0.044099625 0.988940835
1702688228781436672.000000 -0.002535161 0.000636605 0.027276577 -0.085976198 0.130547315 -0.044980649 0.986682475
1702688229074207488.000000 -0.002521253 0.000639936 0.027312849 -0.085594147 0.143242061 -0.046752471 0.984870374
1702688229337942016.000000 -0.002510903 0.000648231 0.027342003 -0.084162049 0.150336444 -0.047701493 0.983890355
1702688229614859008.000000 -0.002502842 0.000651938 0.027376458 -0.083663240 0.161122844 -0.047771584 0.982220888
1702688229906644224.000000 -0.002485156 0.000656939 0.027411895 -0.083450742 0.170805663 -0.047305834 0.980624080
1702688230196976640.000000 -0.002469989 0.000662045 0.027445734 -0.082262419 0.176246867 -0.047625493 0.979745746
1702688230572820224.000000 -0.002452997 0.000669106 0.027491506 -0.084164284 0.181020409 -0.048044607 0.978692889
1702688231155379456.000000 -0.002429839 0.000679366 0.027563300 -0.086423233 0.157001421 -0.047171351 0.982678235
1702688231446124544.000000 -0.002420486 0.000685562 0.027597953 -0.086967900 0.141065165 -0.045704175 0.985113382
1702688231780295936.000000 -0.002411355 0.000694272 0.027642038 -0.088599391 0.122806706 -0.042751227 0.987542927
1702688232113836800.000000 -0.002403168 0.000700897 0.027684273 -0.090280771 0.105739422 -0.042207193 0.989387274
1702688232611936768.000000 -0.002394454 0.000713873 0.027747704 -0.090404458 0.078683317 -0.038217176 0.992056131
1702688232960220672.000000 -0.002389560 0.000719908 0.027789839 -0.091660455 0.063955337 -0.037401270 0.993030310
1702688233403072768.000000 -0.002383920 0.000731108 0.027848376 -0.092103310 0.042617943 -0.035064355 0.994218886
1702688233779441920.000000 -0.002383323 0.000740928 0.027897635 -0.092436790 0.025706662 -0.032091305 0.994869232
1702688234235087104.000000 -0.002385061 0.000751331 0.027956277 -0.093345575 0.010348466 -0.032119468 0.995061755
1702688234610731776.000000 -0.002384839 0.000761266 0.028005412 -0.094920941 -0.000042326 -0.031189546 0.994996130
1702688235028414720.000000 -0.002385755 0.000770280 0.028057331 -0.093911774 -0.002971712 -0.030822957 0.995098829
1702688235483720448.000000 -0.002388071 0.000779671 0.028114198 -0.095224611 -0.011935733 -0.031211870 0.994894803
1702688235904521984.000000 -0.002390867 0.000789116 0.028164862 -0.096372634 -0.032075275 -0.029623182 0.994387209
1702688236316504832.000000 -0.002392250 0.000796923 0.028215032 -0.094909124 -0.026550796 -0.030598938 0.994661272
1702688237149650688.000000 -0.002393596 0.000817256 0.028320085 -0.096412562 -0.007482433 -0.032930776 0.994768441
1702688237498155008.000000 -0.002389516 0.000825456 0.028361667 -0.097293384 0.001237416 -0.033429440 0.994693398
1702688238275112704.000000 -0.002386340 0.000842770 0.028464096 -0.096656024 0.037902471 -0.037676506 0.993882060
1702688238736720640.000000 -0.002380382 0.000854504 0.028521357 -0.095066860 0.031865694 -0.036225464 0.994301081
1702688239148632320.000000 -0.002375859 0.000865919 0.028573476 -0.094502561 0.033503320 -0.036753241 0.994281650
1702688239480493568.000000 -0.002366240 0.000873003 0.028616142 -0.095375702 0.035145801 -0.036902066 0.994136035
1702688239815783424.000000 -0.002362485 0.000881007 0.028658569 -0.094473898 0.035252191 -0.036618341 0.994228899
1702688240229991936.000000 -0.002365403 0.000889737 0.028711811 -0.095430404 0.034781490 -0.037291124 0.994129121
1702688240564853248.000000 -0.002357459 0.000899410 0.028752558 -0.094901547 0.037052818 -0.036876250 0.994113147
1702688240941674496.000000 -0.002356756 0.000906437 0.028800145 -0.094331205 0.037953891 -0.036199600 0.994158268
1702688241272750336.000000 -0.002359875 0.000913989 0.028843854 -0.094656631 0.037311621 -0.036810413 0.994129241
1702688241942994432.000000 -0.002345893 0.000929502 0.028924163 -0.093112022 0.040128134 -0.036881182 0.994162798
1702688242562241536.000000 -0.002335671 0.000942337 0.029003363 -0.095102847 0.042053420 -0.037209980 0.993882477
1702688242939709952.000000 -0.002330831 0.000953030 0.029053345 -0.097426280 0.044089608 -0.037925329 0.993542135
1702688243353327872.000000 -0.002326417 0.000963780 0.029104713 -0.096937656 0.047025725 -0.038300775 0.993440866
1702688243685340416.000000 -0.002328163 0.000971918 0.029148376 -0.098682649 0.040893883 -0.037372939 0.993575752
1702688244022066176.000000 -0.002326882 0.000976591 0.029187713 -0.097557157 0.033053022 -0.036427028 0.994013667
1702688244311707136.000000 -0.002327224 0.000987117 0.029225793 -0.097192161 0.025709499 -0.035777103 0.994290054
1702688244644537856.000000 -0.002326328 0.000996889 0.029266005 -0.095041968 0.013715011 -0.033019003 0.994830966
1702688245394082560.000000 -0.002326386 0.001011134 0.029357508 -0.094495490 0.012399971 -0.032353938 0.994922161
1702688245651625216.000000 -0.002330407 0.001019397 0.029384227 -0.093031771 0.013357508 -0.032963991 0.995027661
1702688245938695168.000000 -0.002322671 0.001021893 0.029400380 -0.093600661 0.012981818 -0.032346956 0.994999528
1702688246308021760.000000 -0.002321778 0.001022220 0.029399918 -0.092783555 0.014541330 -0.032375351 0.995053589
1702688246725628672.000000 -0.002321693 0.001022315 0.029400758 -0.092991427 0.014134084 -0.032687023 0.995029867
1702688246933677312.000000 -0.002321582 0.001022360 0.029400272 -0.092929542 0.014068805 -0.032330204 0.995048225
